V1,V2,V3,V4,V5,V6,V7,V8,V9,V10,V11,V12,V13,V14,V15,V16,V17,V18,V19,V20,V21,V22,V23,V24,V25,V26,V27,V28,V29,V30,V31,V32,V33,V34,V35,V36,V37,V38,V39,V40,V41,V42,V43,V44,V45,V46,V47,V48,V49,V50,V51,V52,V53,V54,V55,V56,V57,V58,V59,V60,V61,V62,V63,V64,V65,V66,V67,V68,V69,V70,V71,V72,V73,V74,V75,V76,V77,V78,V79,V80,V81,V82,V83,V84,V85,V86,V87,V88,V89,V90,V91,V92,V93,V94,V95,V96,V97,V98,V99,V100,V101,V102,V103,V104,V105,V106,V107,V108,V109,V110,V111,V112,V113,V114,V115,V116,V117,V118,V119,V120,V121,V122,V123,V124,V125,V126,V127,V128,V129,V130,V131,V132,V133,V134,V135,V136,V137,V138,V139,V140,V141,V142,V143,V144,V145,V146,V147,V148,V149,V150,V151,V152,V153,V154,V155,V156,V157,V158,V159,V160,V161,V162,V163,V164,V165,V166,V167,V168,V169,V170,V171,V172,V173,V174,V175,V176,V177,V178,V179,V180,V181,V182,V183,V184,V185,V186,V187,V188,V189,V190,V191,V192,V193,V194,V195,V196,V197,V198,V199,V200,V201,V202,V203,V204,V205,V206,V207,V208,V209,V210,V211,V212,V213,V214,V215,V216,V217,V218,V219,V220,V221,V222,V223,V224,V225,V226,V227,V228,V229,V230,V231,V232,V233,V234,V235,V236,V237,V238,V239,V240
24.2511932998677,24.2875287310348,24.2823387496704,24.3497878691456,24.2875287310348,24.1992630121316,24.313474667603,24.313474667603,24.3030970868713,24.3342266548802,24.2563848704595,24.2096511916044,24.2823387496704,24.2044572345467,24.5052693701856,24.3705324552306,24.2719579925803,24.3238511901693,24.3342266548802,24.3446010620456,24.396457245529,24.3030970868713,24.3860881214467,24.3860881214467,24.3757179413665,24.4845522079513,24.3549744119754,24.3912728154683,24.3653467049792,24.3860881214467,24.19406852432,24.2148448833435,24.4586498313649,24.593270373703,24.5622198668973,24.5363372209139,24.5415142757223,24.3342266548802,24.525982322611,24.5208044790397,24.5208044790397,24.5000904743927,24.5104480028654,24.5000904743927,24.4431052442089,24.4327408682945,24.2823387496704,24.4638308334468,24.4379231880585,24.4120089523324,24.3653467049792,24.3653467049792,24.4327408682945,24.3653467049792,24.4223754377718,24.4223754377718,24.396457245529,24.3860881214467,24.3809031634257,24.3757179413665,24.3290390547373,24.220038309803,24.3705324552306,24.2252314710217,24.3653467049792,24.3653467049792,24.396457245529,24.5000904743927,24.4016414116675,24.3912728154683,24.417192326936,24.4431052442089,24.3549744119754,24.3809031634257,24.2408093636233,24.1628960219406,24.1732879183289,24.3186630611374,24.1992630121316,24.1525030628745,24.1161193330435,24.1992630121316,24.396457245529,24.3860881214467,24.4120089523324,24.5000904743927,24.4379231880585,24.2875287310348,24.2823387496704,24.2096511916044,24.2044572345467,24.0745219654683,24.2460014642685,24.4120089523324,24.4793722593216,24.6036184425424,24.5052693701856,24.6036184425424,24.5156263724707,24.6087920833666,24.5052693701856,24.6553430497988,24.6191385780148,24.5622198668973,24.5518675968447,24.4793722593216,24.6036184425424,24.7173779975772,24.6708553211965,24.6605140688826,24.6605140688826,24.6501717687129,24.6243114319154,24.4482870367845,24.4586498313649,24.4949113154483,24.4845522079513,24.5104480028654,24.5363372209139,24.5466910676864,24.4327408682945,24.4690115721079,24.5000904743927,24.525982322611,24.396457245529,24.4534685658236,24.4016414116675,24.5518675968447,24.4534685658236,24.4534685658236,24.4379231880585,24.4534685658236,24.4586498313649,24.3030970868713,24.3912728154683,24.4690115721079,24.4638308334468,24.6087920833666,24.6036184425424,24.5104480028654,24.6656848260024,24.5673956078683,24.5673956078683,24.4741920473867,24.4845522079513,24.5363372209139,24.6915346834782,24.4897318933139,24.5777463018912,24.5777463018912,24.6036184425424,24.5311599032229,24.6036184425424,24.4223754377718,24.5052693701856,24.3809031634257,24.3446010620456,24.2148448833435,24.220038309803,24.3809031634257,24.4845522079513,24.4793722593216,24.5777463018912,24.3757179413665,24.3705324552306,24.3705324552306,24.5208044790397,24.4690115721079,24.4586498313649,24.2979078995965,24.4016414116675,24.4949113154483,24.4793722593216,24.3860881214467,24.588095945611,24.3653467049792,24.3601606905737,24.4379231880585,24.3705324552306,24.4016414116675,24.3860881214467,24.396457245529,24.3653467049792,24.3394139906367,24.3394139906367,24.3757179413665,24.4793722593216,24.4275582848784,24.5208044790397,24.417192326936,24.4327408682945,24.4431052442089,24.2304243670388,24.4482870367845,24.3705324552306,24.4482870367845,24.4845522079513,24.5156263724707,24.2823387496704,24.2927184476639,24.4223754377718,24.3497878691456,24.4068253139224,24.4223754377718,24.5156263724707,24.3757179413665,24.3653467049792,24.5156263724707,24.3549744119754,24.4275582848784,24.4741920473867,24.4690115721079,24.4741920473867,24.7122098579989,24.5518675968447,24.6191385780148,24.7122098579989,24.7328808471969,24.6708553211965,24.6501717687129,24.6450002255868,24.5518675968447,24.6605140688826,24.6708553211965,24.6708553211965,24.9032571289301,24.9806071469274,25.2791454175921,25.0990971001769,25.1762993840732,25.1660091054476,25.3151171854302,25.1454254487159,25.1299849929454,25.1093940990381,25.1660091054476,25.1351320700124,25.0424450977087,25.2123072282184,25.1454254487159
24.3394139906367,24.2771485035319,24.2823387496704,24.1525030628745,24.2823387496704,24.1888737710728,24.2096511916044,24.1888737710728,24.235616997893,24.3446010620456,24.1784834681163,24.3290390547373,24.2979078995965,24.2875287310348,24.2875287310348,24.3705324552306,24.2252314710217,24.3030970868713,24.261576176083,24.3238511901693,24.3290390547373,24.313474667603,24.3342266548802,24.313474667603,24.3601606905737,24.3705324552306,24.3705324552306,24.3549744119754,24.3860881214467,24.313474667603,24.3653467049792,24.3809031634257,24.3653467049792,24.4120089523324,24.4068253139224,24.5363372209139,24.3860881214467,24.417192326936,24.4223754377718,24.4068253139224,24.4379231880585,24.4379231880585,24.4379231880585,24.4845522079513,24.4223754377718,24.4638308334468,24.4431052442089,24.4741920473867,24.3601606905737,24.3809031634257,24.3705324552306,24.3497878691456,24.3912728154683,24.3394139906367,24.4120089523324,24.3601606905737,24.3290390547373,24.313474667603,24.3549744119754,24.3290390547373,24.2927184476639,24.2252314710217,24.2823387496704,24.3394139906367,24.3082860095273,24.3394139906367,24.3549744119754,24.3497878691456,24.3394139906367,24.3497878691456,24.3446010620456,24.235616997893,24.2148448833435,24.2252314710217,24.19406852432,24.2252314710217,24.1628960219406,24.1421090408181,24.1836787523513,24.1161193330435,24.0693210964281,24.1576996752618,24.3082860095273,24.3809031634257,24.2771485035319,24.3030970868713,24.2563848704595,24.2148448833435,24.1213178064842,24.0953227786774,23.9756598658044,24.032907552491,24.0381102869696,24.2304243670388,24.3394139906367,24.4793722593216,24.4327408682945,24.4741920473867,24.4275582848784,24.5311599032229,24.4638308334468,24.588095945611,24.4275582848784,24.5466910676864,24.5208044790397,24.4741920473867,24.525982322611,24.4897318933139,24.6139654618445,24.5725710861868,24.5311599032229,24.588095945611,24.4690115721079,24.4482870367845,24.4741920473867,24.5052693701856,24.4586498313649,24.4638308334468,24.4379231880585,24.4793722593216,24.3757179413665,24.3860881214467,24.3912728154683,24.4379231880585,24.3705324552306,24.3757179413665,24.3342266548802,24.3757179413665,24.3809031634257,24.4223754377718,24.4223754377718,24.417192326936,24.4379231880585,24.3238511901693,24.3186630611374,24.3705324552306,24.4690115721079,24.4949113154483,24.5673956078683,24.5777463018912,24.4845522079513,24.4690115721079,24.4741920473867,24.417192326936,24.4120089523324,24.525982322611,24.5363372209139,24.5208044790397,24.4793722593216,24.4638308334468,24.4793722593216,24.5363372209139,24.4793722593216,24.4741920473867,24.4379231880585,24.3290390547373,24.2979078995965,24.2096511916044,24.3757179413665,24.3549744119754,24.4638308334468,24.4431052442089,24.4690115721079,24.4379231880585,24.3809031634257,24.4379231880585,24.3497878691456,24.4638308334468,24.3757179413665,24.3809031634257,24.3394139906367,24.4431052442089,24.4223754377718,24.3549744119754,24.4793722593216,24.3394139906367,24.3238511901693,24.4431052442089,24.2875287310348,24.3705324552306,24.2771485035319,24.313474667603,24.3446010620456,24.3549744119754,24.3342266548802,24.3809031634257,24.3601606905737,24.3446010620456,24.1888737710728,24.2719579925803,24.3186630611374,24.2823387496704,24.2979078995965,24.3653467049792,24.4016414116675,24.313474667603,24.3912728154683,24.1732879183289,24.235616997893,24.2875287310348,24.3082860095273,24.3290390547373,24.3394139906367,24.3290390547373,24.3549744119754,24.4016414116675,24.2927184476639,24.4949113154483,24.3601606905737,24.3601606905737,24.4120089523324,24.4690115721079,24.5104480028654,24.4638308334468,24.5208044790397,24.5415142757223,24.5570438632356,24.4690115721079,24.6398284203822,24.6450002255868,24.6398284203822,24.5829212550199,24.6036184425424,24.593270373703,24.6605140688826,24.68119552596,24.9032571289301,25.0012239478063,24.9909160664447,25.0681998923707,25.1608635787557,25.0218365972651,25.1042457289643,25.1196900631945,25.0630494515398,25.0527477928007,25.0578987516956,25.0012239478063,25.1557177937613,25.1351320700124
24.2563848704595,24.2771485035319,24.2771485035319,24.1317139554589,24.2979078995965,24.19406852432,24.2148448833435,24.1317139554589,24.1836787523513,24.1732879183289,24.2304243670388,24.313474667603,24.3342266548802,24.261576176083,24.266767216777,24.2304243670388,24.1784834681163,24.220038309803,24.1836787523513,24.2875287310348,24.3290390547373,24.3342266548802,24.2511932998677,24.2979078995965,24.261576176083,24.313474667603,24.4275582848784,24.396457245529,24.2719579925803,24.2044572345467,24.3030970868713,24.4275582848784,24.4223754377718,24.3705324552306,24.3653467049792,24.4897318933139,24.3549744119754,24.5104480028654,24.3446010620456,24.4534685658236,24.4949113154483,24.3497878691456,24.4275582848784,24.525982322611,24.3497878691456,24.4068253139224,24.4275582848784,24.4845522079513,24.3601606905737,24.3653467049792,24.417192326936,24.3290390547373,24.3860881214467,24.266767216777,24.3186630611374,24.3497878691456,24.3809031634257,24.3809031634257,24.2979078995965,24.3238511901693,24.3030970868713,24.3290390547373,24.261576176083,24.3394139906367,24.3446010620456,24.3446010620456,24.3394139906367,24.3705324552306,24.3030970868713,24.3238511901693,24.2460014642685,24.2252314710217,24.1161193330435,24.2771485035319,24.2044572345467,24.2927184476639,24.1576996752618,24.266767216777,24.2304243670388,24.220038309803,23.9756598658044,24.1213178064842,24.2408093636233,24.2408093636233,24.2875287310348,24.4120089523324,24.235616997893,24.2511932998677,24.0953227786774,24.02250128355,24.0120939477021,24.032907552491,24.02250128355,24.1836787523513,24.2511932998677,24.3290390547373,24.3653467049792,24.4845522079513,24.4793722593216,24.5000904743927,24.5000904743927,24.4845522079513,24.5208044790397,24.5570438632356,24.525982322611,24.4690115721079,24.4897318933139,24.4793722593216,24.5208044790397,24.5622198668973,24.4586498313649,24.6139654618445,24.525982322611,24.5622198668973,24.5104480028654,24.4741920473867,24.5052693701856,24.4638308334468,24.4638308334468,24.4379231880585,24.4275582848784,24.4431052442089,24.4638308334468,24.4379231880585,24.3601606905737,24.3601606905737,24.4120089523324,24.3446010620456,24.4586498313649,24.4016414116675,24.4223754377718,24.4120089523324,24.396457245529,24.4275582848784,24.4482870367845,24.4845522079513,24.5518675968447,24.5518675968447,24.4897318933139,24.588095945611,24.4638308334468,24.4949113154483,24.4327408682945,24.4690115721079,24.4638308334468,24.4949113154483,24.5415142757223,24.4431052442089,24.4845522079513,24.417192326936,24.4586498313649,24.4793722593216,24.396457245529,24.4327408682945,24.3497878691456,24.3290390547373,24.2044572345467,24.2979078995965,24.2563848704595,24.417192326936,24.4741920473867,24.4534685658236,24.4482870367845,24.3860881214467,24.3394139906367,24.3653467049792,24.3082860095273,24.3186630611374,24.3549744119754,24.3705324552306,24.3809031634257,24.3601606905737,24.3601606905737,24.3549744119754,24.3394139906367,24.3030970868713,24.3394139906367,24.4068253139224,24.235616997893,24.2563848704595,24.261576176083,24.2511932998677,24.2719579925803,24.313474667603,24.2563848704595,24.4068253139224,24.2771485035319,24.3290390547373,24.3497878691456,24.2979078995965,24.2304243670388,24.2148448833435,24.235616997893,24.2408093636233,24.3394139906367,24.2096511916044,24.2304243670388,24.2252314710217,24.2979078995965,24.3030970868713,24.2927184476639,24.3290390547373,24.3809031634257,24.3446010620456,24.3290390547373,24.3394139906367,24.3082860095273,24.3290390547373,24.3705324552306,24.4327408682945,24.4638308334468,24.4845522079513,24.4845522079513,24.4068253139224,24.4534685658236,24.4327408682945,24.4793722593216,24.4897318933139,24.5415142757223,24.5725710861868,24.6450002255868,24.598444539334,24.6501717687129,24.6191385780148,24.588095945611,24.5829212550199,24.6967038696157,24.918731811688,24.9806071469274,25.0269891112523,25.1196900631945,25.0218365972651,25.0990971001769,25.1299849929454,24.9342041538485,25.0939482126385,25.0269891112523,25.0630494515398,25.1557177937613,25.0372933614365
24.3082860095273,24.2927184476639,24.2823387496704,24.3912728154683,24.1992630121316,24.2719579925803,24.1161193330435,24.2044572345467,24.1888737710728,24.1369116310709,24.2096511916044,24.4534685658236,24.4223754377718,24.3497878691456,24.1732879183289,24.0953227786774,24.1836787523513,24.2148448833435,24.1421090408181,24.1732879183289,24.313474667603,24.261576176083,24.3290390547373,24.3082860095273,24.2979078995965,24.3290390547373,24.3290390547373,24.3653467049792,24.2927184476639,24.2927184476639,24.1784834681163,24.2875287310348,24.3446010620456,24.313474667603,24.313474667603,24.3290390547373,24.5156263724707,24.5104480028654,24.5052693701856,24.396457245529,24.4068253139224,24.4793722593216,24.396457245529,24.5466910676864,24.4379231880585,24.5363372209139,24.4327408682945,24.3497878691456,24.417192326936,24.4120089523324,24.4431052442089,24.3186630611374,24.4275582848784,24.4586498313649,24.4327408682945,24.417192326936,24.4120089523324,24.2823387496704,24.3030970868713,24.2875287310348,24.2927184476639,24.396457245529,24.3238511901693,24.3497878691456,24.3082860095273,24.3809031634257,24.3342266548802,24.3549744119754,24.2979078995965,24.235616997893,24.3082860095273,24.261576176083,24.3394139906367,24.2771485035319,24.3446010620456,24.2252314710217,24.220038309803,24.313474667603,24.2511932998677,24.1161193330435,24.1369116310709,24.2771485035319,24.261576176083,24.4120089523324,24.2927184476639,24.2875287310348,24.4690115721079,24.2823387496704,24.0693210964281,24.1473061847397,24.032907552491,24.0277045513642,24.220038309803,24.1576996752618,24.2460014642685,24.4223754377718,24.4016414116675,24.4068253139224,24.4793722593216,24.4690115721079,24.4845522079513,24.4482870367845,24.4949113154483,24.5052693701856,24.5104480028654,24.4845522079513,24.5311599032229,24.5052693701856,24.5466910676864,24.5570438632356,24.598444539334,24.5622198668973,24.6501717687129,24.5518675968447,24.4638308334468,24.4690115721079,24.4223754377718,24.4327408682945,24.4431052442089,24.4275582848784,24.4379231880585,24.4327408682945,24.3705324552306,24.4068253139224,24.3757179413665,24.3186630611374,24.3238511901693,24.3497878691456,24.4016414116675,24.3757179413665,24.3653467049792,24.4120089523324,24.4482870367845,24.4327408682945,24.5415142757223,24.4690115721079,24.5052693701856,24.4586498313649,24.4793722593216,24.4845522079513,24.593270373703,24.5156263724707,24.5156263724707,24.4741920473867,24.5104480028654,24.4845522079513,24.5518675968447,24.3809031634257,24.4327408682945,24.5156263724707,24.4793722593216,24.4482870367845,24.4379231880585,24.4223754377718,24.3497878691456,24.3394139906367,24.4379231880585,24.1784834681163,24.3238511901693,24.4223754377718,24.4379231880585,24.4949113154483,24.4327408682945,24.5052693701856,24.4327408682945,24.5104480028654,24.4379231880585,24.3082860095273,24.3860881214467,24.4275582848784,24.3342266548802,24.4741920473867,24.3394139906367,24.3653467049792,24.3601606905737,24.3653467049792,24.4327408682945,24.3757179413665,24.2148448833435,24.3549744119754,24.2979078995965,24.2719579925803,24.3394139906367,24.3497878691456,24.3394139906367,24.3497878691456,24.3394139906367,24.3446010620456,24.3446010620456,24.2979078995965,24.261576176083,24.2563848704595,24.220038309803,24.2563848704595,24.2460014642685,24.3809031634257,24.3082860095273,24.4120089523324,24.5518675968447,24.4223754377718,24.4534685658236,24.2979078995965,24.4120089523324,24.4068253139224,24.3912728154683,24.3705324552306,24.4223754377718,24.417192326936,24.3912728154683,24.4223754377718,24.5208044790397,24.5311599032229,24.4897318933139,24.4690115721079,24.4275582848784,24.4534685658236,24.4793722593216,24.6243114319154,24.5311599032229,24.6450002255868,24.5725710861868,24.6605140688826,24.6294840235847,24.4690115721079,24.6346563530609,24.6915346834782,24.7277134921382,24.954830304227,24.9909160664447,25.1093940990381,25.1608635787557,25.0372933614365,25.1608635787557,25.0269891112523,25.0990971001769,25.124837657352,25.1557177937613,25.1917328656758,25.1454254487159,25.0424450977087
24.0849229045849,24.3809031634257,24.2875287310348,24.2771485035319,24.2979078995965,24.2771485035319,24.2563848704595,24.2875287310348,24.1161193330435,24.261576176083,24.3497878691456,24.4275582848784,24.3705324552306,24.3497878691456,24.1992630121316,24.2511932998677,24.2875287310348,24.2044572345467,24.2563848704595,24.3030970868713,24.2927184476639,24.2719579925803,24.3238511901693,24.3082860095273,24.3290390547373,24.3238511901693,24.1992630121316,24.2511932998677,24.3549744119754,24.3601606905737,24.2148448833435,24.1888737710728,24.313474667603,24.4275582848784,24.3757179413665,24.5104480028654,24.5208044790397,24.4690115721079,24.4897318933139,24.3653467049792,24.5311599032229,24.4327408682945,24.4586498313649,24.5622198668973,24.4482870367845,24.4534685658236,24.4431052442089,24.4275582848784,24.4120089523324,24.3912728154683,24.3497878691456,24.4793722593216,24.4120089523324,24.4431052442089,24.4586498313649,24.3497878691456,24.3446010620456,24.4223754377718,24.3238511901693,24.2979078995965,24.3394139906367,24.3186630611374,24.3653467049792,24.3549744119754,24.3757179413665,24.3290390547373,24.2563848704595,24.3860881214467,24.2563848704595,24.2044572345467,24.1732879183289,24.2511932998677,24.2460014642685,24.3653467049792,24.3186630611374,24.3705324552306,24.2823387496704,24.3860881214467,24.313474667603,24.2719579925803,24.261576176083,24.2304243670388,24.2511932998677,24.2408093636233,24.261576176083,24.220038309803,24.2823387496704,24.2252314710217,24.2252314710217,24.261576176083,23.9287968145261,24.16809210295,24.2252314710217,24.2252314710217,24.2823387496704,24.261576176083,24.2823387496704,24.3757179413665,24.3860881214467,24.5311599032229,24.4741920473867,24.4949113154483,24.598444539334,24.5415142757223,24.5156263724707,24.4586498313649,24.588095945611,24.4949113154483,24.6087920833666,24.5777463018912,24.525982322611,24.6243114319154,24.525982322611,24.4793722593216,24.5311599032229,24.4741920473867,24.5570438632356,24.5208044790397,24.4690115721079,24.396457245529,24.4379231880585,24.4327408682945,24.4327408682945,24.3601606905737,24.3912728154683,24.3082860095273,24.4897318933139,24.3446010620456,24.4120089523324,24.4016414116675,24.4741920473867,24.4845522079513,24.4845522079513,24.5208044790397,24.4793722593216,24.4897318933139,24.5156263724707,24.4845522079513,24.5466910676864,24.5311599032229,24.5311599032229,24.5311599032229,24.4845522079513,24.4275582848784,24.3601606905737,24.417192326936,24.4431052442089,24.4949113154483,24.4275582848784,24.5052693701856,24.4068253139224,24.417192326936,24.3705324552306,24.3912728154683,24.4068253139224,24.3653467049792,24.4534685658236,24.3342266548802,24.2408093636233,24.4223754377718,24.4897318933139,24.5415142757223,24.6139654618445,24.4793722593216,24.5104480028654,24.3497878691456,24.4586498313649,24.4534685658236,24.4586498313649,24.3601606905737,24.598444539334,24.4534685658236,24.396457245529,24.417192326936,24.3809031634257,24.4223754377718,24.3653467049792,24.4068253139224,24.5777463018912,24.3446010620456,24.4327408682945,24.2979078995965,24.4327408682945,24.417192326936,24.396457245529,24.3705324552306,24.3912728154683,24.3653467049792,24.3497878691456,24.3912728154683,24.220038309803,24.3653467049792,24.3860881214467,24.3082860095273,24.2875287310348,24.313474667603,24.3757179413665,24.525982322611,24.3757179413665,24.3912728154683,24.3809031634257,24.4275582848784,24.417192326936,24.4690115721079,24.5725710861868,24.4068253139224,24.4120089523324,24.5000904743927,24.4223754377718,24.5208044790397,24.6450002255868,24.5466910676864,24.4327408682945,24.6087920833666,24.5777463018912,24.5000904743927,24.5570438632356,24.4949113154483,24.6346563530609,24.6708553211965,24.5777463018912,24.6605140688826,24.6139654618445,24.7277134921382,24.8568190268782,24.6656848260024,24.7070414568379,24.7277134921382,25.0166838239645,24.9960701368761,25.0681998923707,25.14027888859,25.0218365972651,25.1660091054476,25.1454254487159,25.1093940990381,25.0836496611589,25.0630494515398,25.258584458684,25.1196900631945
24.3809031634257,24.3446010620456,24.417192326936,24.4275582848784,24.261576176083,24.2304243670388,24.2979078995965,24.2460014642685,24.3549744119754,24.3757179413665,24.4431052442089,24.4482870367845,24.4379231880585,24.2304243670388,24.3705324552306,24.2252314710217,24.3601606905737,24.1888737710728,24.2719579925803,24.3394139906367,24.3186630611374,24.2563848704595,24.266767216777,24.3030970868713,24.2719579925803,24.19406852432,24.3290390547373,24.3497878691456,24.16809210295,24.4534685658236,24.3290390547373,24.3290390547373,24.2823387496704,24.2823387496704,24.3601606905737,24.3290390547373,24.5311599032229,24.5415142757223,24.5156263724707,24.6553430497988,24.5363372209139,24.417192326936,24.5725710861868,24.3757179413665,24.4897318933139,24.6139654618445,24.4275582848784,24.3705324552306,24.417192326936,24.4431052442089,24.4690115721079,24.4949113154483,24.4741920473867,24.4897318933139,24.4845522079513,24.4223754377718,24.4845522079513,24.3549744119754,24.3290390547373,24.3342266548802,24.3030970868713,24.2979078995965,24.3601606905737,24.3757179413665,24.4068253139224,24.3394139906367,24.266767216777,24.16809210295,24.2563848704595,24.3030970868713,24.2771485035319,24.2096511916044,24.2304243670388,24.3912728154683,24.3601606905737,24.2875287310348,24.2460014642685,24.3290390547373,24.3030970868713,24.2927184476639,24.2719579925803,24.2563848704595,24.3446010620456,24.220038309803,24.19406852432,24.2511932998677,24.2979078995965,24.235616997893,24.235616997893,24.2252314710217,24.16809210295,24.16809210295,24.2875287310348,24.3238511901693,24.2563848704595,24.3030970868713,24.3186630611374,24.4068253139224,24.3809031634257,24.3860881214467,24.5466910676864,24.5673956078683,24.6087920833666,24.5052693701856,24.5725710861868,24.3394139906367,24.4690115721079,24.5777463018912,24.5777463018912,24.5622198668973,24.5415142757223,24.5518675968447,24.5363372209139,24.6398284203822,24.4690115721079,24.4897318933139,24.5622198668973,24.5777463018912,24.5000904743927,24.4534685658236,24.5208044790397,24.4793722593216,24.4897318933139,24.3757179413665,24.4275582848784,24.4068253139224,24.4016414116675,24.4327408682945,24.3757179413665,24.4845522079513,24.3809031634257,24.3705324552306,24.4741920473867,24.4897318933139,24.4793722593216,24.5363372209139,24.5104480028654,24.5570438632356,24.4845522079513,24.4845522079513,24.4897318933139,24.6087920833666,24.4690115721079,24.5311599032229,24.4741920473867,24.4016414116675,24.4638308334468,24.4379231880585,24.417192326936,24.4275582848784,24.4482870367845,24.3549744119754,24.4690115721079,24.2252314710217,24.3705324552306,24.3912728154683,24.396457245529,24.261576176083,24.3290390547373,24.3653467049792,24.598444539334,24.5466910676864,24.598444539334,24.4793722593216,24.5000904743927,24.4638308334468,24.5104480028654,24.3809031634257,24.3757179413665,24.4431052442089,24.4482870367845,24.4275582848784,24.3757179413665,24.4275582848784,24.3860881214467,24.4223754377718,24.5725710861868,24.4068253139224,24.4690115721079,24.3860881214467,24.266767216777,24.4379231880585,24.2927184476639,24.3912728154683,24.4223754377718,24.3705324552306,24.4016414116675,24.4016414116675,24.3601606905737,24.3860881214467,24.3653467049792,24.396457245529,24.417192326936,24.2875287310348,24.2875287310348,24.3549744119754,24.3809031634257,24.3186630611374,24.3757179413665,24.4327408682945,24.4534685658236,24.4223754377718,24.4120089523324,24.4068253139224,24.4741920473867,24.4431052442089,24.417192326936,24.4638308334468,24.4949113154483,24.5208044790397,24.4431052442089,24.4482870367845,24.5570438632356,24.5466910676864,24.4431052442089,24.5104480028654,24.4379231880585,24.6501717687129,24.6346563530609,24.6139654618445,24.6036184425424,24.6087920833666,24.6863652356057,24.6501717687129,24.6087920833666,24.5777463018912,24.6243114319154,24.7328808471969,24.8774607869049,24.9290469664651,25.0372933614365,25.1454254487159,25.14027888859,25.1196900631945,25.1505717504272,25.0939482126385,24.9496741564303,25.0681998923707,25.0733500742259,25.1196900631945
24.0693210964281,24.3394139906367,24.2719579925803,24.1265160139431,24.2875287310348,24.3082860095273,24.3342266548802,24.3601606905737,24.3549744119754,24.3549744119754,24.417192326936,24.4379231880585,24.4275582848784,24.220038309803,24.3912728154683,24.3342266548802,24.2771485035319,24.3082860095273,24.2979078995965,24.2252314710217,24.2511932998677,24.2096511916044,24.3394139906367,24.2979078995965,24.2979078995965,24.3446010620456,24.3342266548802,24.3601606905737,24.3446010620456,24.396457245529,24.3446010620456,24.3186630611374,24.3549744119754,24.2979078995965,24.2979078995965,24.2927184476639,24.4949113154483,24.4120089523324,24.4897318933139,24.5104480028654,24.4275582848784,24.5673956078683,24.4638308334468,24.5415142757223,24.4897318933139,24.5156263724707,24.4534685658236,24.3394139906367,24.3290390547373,24.4016414116675,24.4534685658236,24.4690115721079,24.4793722593216,24.4275582848784,24.4586498313649,24.4275582848784,24.3446010620456,24.417192326936,24.3705324552306,24.3549744119754,24.3860881214467,24.2304243670388,24.3290390547373,24.3549744119754,24.3446010620456,24.3082860095273,24.3860881214467,24.2927184476639,24.220038309803,24.2979078995965,24.266767216777,24.2460014642685,24.2927184476639,24.3809031634257,24.3757179413665,24.2563848704595,24.1992630121316,24.3082860095273,24.3860881214467,24.3757179413665,24.3030970868713,24.2823387496704,24.313474667603,24.3082860095273,24.2875287310348,24.3705324552306,24.1784834681163,24.3030970868713,24.3549744119754,24.3238511901693,24.1992630121316,24.0485149561396,24.3030970868713,24.313474667603,24.2408093636233,24.2823387496704,24.4275582848784,24.3912728154683,24.3912728154683,24.3912728154683,24.4638308334468,24.4741920473867,24.4482870367845,24.5570438632356,24.598444539334,24.6191385780148,24.5104480028654,24.5725710861868,24.5311599032229,24.5622198668973,24.5829212550199,24.525982322611,24.5311599032229,24.6139654618445,24.4586498313649,24.4690115721079,24.4638308334468,24.4120089523324,24.4327408682945,24.4741920473867,24.4897318933139,24.5363372209139,24.5363372209139,24.3497878691456,24.4223754377718,24.588095945611,24.5104480028654,24.417192326936,24.4379231880585,24.4638308334468,24.3705324552306,24.5052693701856,24.4793722593216,24.5311599032229,24.5052693701856,24.5363372209139,24.525982322611,24.5000904743927,24.5415142757223,24.5052693701856,24.5104480028654,24.5208044790397,24.4638308334468,24.5156263724707,24.4897318933139,24.3860881214467,24.4586498313649,24.4120089523324,24.4949113154483,24.4223754377718,24.4120089523324,24.4327408682945,24.3653467049792,24.266767216777,24.3238511901693,24.2979078995965,24.3446010620456,24.2044572345467,24.2460014642685,24.2252314710217,24.3912728154683,24.593270373703,24.525982322611,24.4793722593216,24.5052693701856,24.3082860095273,24.3446010620456,24.4275582848784,24.3342266548802,24.4586498313649,24.3030970868713,24.4482870367845,24.4586498313649,24.6036184425424,24.417192326936,24.4068253139224,24.3912728154683,24.4120089523324,24.235616997893,24.3705324552306,24.4223754377718,24.2823387496704,24.3653467049792,24.2511932998677,24.3860881214467,24.3549744119754,24.4120089523324,24.396457245529,24.4016414116675,24.4068253139224,24.4431052442089,24.313474667603,24.3394139906367,24.3705324552306,24.3394139906367,24.313474667603,24.2875287310348,24.5570438632356,24.3342266548802,24.4638308334468,24.4223754377718,24.3549744119754,24.4638308334468,24.4638308334468,24.5000904743927,24.4586498313649,24.598444539334,24.417192326936,24.4431052442089,24.4223754377718,24.5466910676864,24.4534685658236,24.4431052442089,24.5725710861868,24.4638308334468,24.4690115721079,24.5311599032229,24.4793722593216,24.6191385780148,24.6139654618445,24.6501717687129,24.6087920833666,24.6760255545029,24.6553430497988,24.6760255545029,24.6450002255868,24.6036184425424,24.7535476535085,24.8774607869049,25.0166838239645,25.0681998923707,25.0166838239645,25.14027888859,25.1299849929454,25.124837657352,24.9445177487934,25.1196900631945,25.1196900631945,25.1454254487159,25.0733500742259
24.3601606905737,24.3342266548802,24.2096511916044,24.2823387496704,24.2408093636233,24.2875287310348,24.3186630611374,24.4482870367845,24.3446010620456,24.2875287310348,24.5622198668973,24.417192326936,24.3549744119754,24.4120089523324,24.3186630611374,24.3290390547373,24.4431052442089,24.4534685658236,24.3446010620456,24.2823387496704,24.2875287310348,24.266767216777,24.261576176083,24.261576176083,24.3446010620456,24.3601606905737,24.3705324552306,24.3342266548802,24.3394139906367,24.3601606905737,24.3809031634257,24.3394139906367,24.3342266548802,24.3549744119754,24.313474667603,24.2771485035319,24.4431052442089,24.5156263724707,24.4016414116675,24.4068253139224,24.4586498313649,24.5156263724707,24.4949113154483,24.3912728154683,24.5000904743927,24.4741920473867,24.5518675968447,24.6191385780148,24.3912728154683,24.4690115721079,24.4275582848784,24.5829212550199,24.4949113154483,24.5673956078683,24.3912728154683,24.4275582848784,24.4690115721079,24.4845522079513,24.4586498313649,24.396457245529,24.3549744119754,24.3809031634257,24.4741920473867,24.3497878691456,24.3030970868713,24.4690115721079,24.2252314710217,24.2563848704595,24.2719579925803,24.261576176083,24.3860881214467,24.2823387496704,24.2771485035319,24.2719579925803,24.3238511901693,24.2563848704595,24.2823387496704,24.3342266548802,24.266767216777,24.4120089523324,24.525982322611,24.3394139906367,24.2875287310348,24.3342266548802,24.5208044790397,24.3549744119754,24.3653467049792,24.3497878691456,24.2719579925803,24.235616997893,24.0745219654683,24.2979078995965,24.3394139906367,24.2875287310348,24.2304243670388,24.2823387496704,24.4741920473867,24.4793722593216,24.4690115721079,24.4690115721079,24.5156263724707,24.5156263724707,24.598444539334,24.6191385780148,24.5518675968447,24.6139654618445,24.5673956078683,24.6294840235847,24.5570438632356,24.5777463018912,24.6139654618445,24.6243114319154,24.5829212550199,24.4482870367845,24.593270373703,24.4793722593216,24.588095945611,24.5777463018912,24.4379231880585,24.4534685658236,24.4482870367845,24.6553430497988,24.5052693701856,24.3601606905737,24.5000904743927,24.4793722593216,24.4741920473867,24.4223754377718,24.4379231880585,24.5363372209139,24.5208044790397,24.5518675968447,24.5052693701856,24.5208044790397,24.5104480028654,24.5466910676864,24.3757179413665,24.598444539334,24.4949113154483,24.5000904743927,24.5052693701856,24.5000904743927,24.6605140688826,24.5311599032229,24.4845522079513,24.3082860095273,24.4120089523324,24.396457245529,24.4275582848784,24.4379231880585,24.5052693701856,24.6139654618445,24.417192326936,24.3653467049792,24.3238511901693,24.2979078995965,24.3238511901693,24.3186630611374,24.3030970868713,24.2148448833435,24.4431052442089,24.4327408682945,24.5104480028654,24.4845522079513,24.3342266548802,24.4431052442089,24.4431052442089,24.5052693701856,24.4016414116675,24.396457245529,24.3705324552306,24.4379231880585,24.4482870367845,24.4327408682945,24.5466910676864,24.4638308334468,24.4120089523324,24.4431052442089,24.3912728154683,24.3601606905737,24.3809031634257,24.396457245529,24.3653467049792,24.2875287310348,24.4068253139224,24.2771485035319,24.4845522079513,24.3394139906367,24.3912728154683,24.3342266548802,24.4482870367845,24.4482870367845,24.220038309803,24.2875287310348,24.3601606905737,24.3290390547373,24.3030970868713,24.3497878691456,24.3705324552306,24.3705324552306,24.4016414116675,24.5000904743927,24.4897318933139,24.3653467049792,24.5673956078683,24.396457245529,24.3238511901693,24.5156263724707,24.598444539334,24.5570438632356,24.5777463018912,24.5622198668973,24.5466910676864,24.5777463018912,24.5570438632356,24.5518675968447,24.4897318933139,24.396457245529,24.7018727940562,24.7018727940562,24.6243114319154,24.68119552596,24.6708553211965,24.6708553211965,24.7690450146872,24.7638794888426,24.7173779975772,24.7483813439431,24.8774607869049,25.14027888859,25.1145422104357,25.1557177937613,25.1196900631945,25.2071640245704,25.0218365972651,25.1505717504272,25.0372933614365,25.0939482126385,25.0784999971428,25.1145422104357
24.3601606905737,24.3446010620456,24.1992630121316,24.3757179413665,24.3653467049792,24.3446010620456,24.4741920473867,24.3809031634257,24.4223754377718,24.0849229045849,24.396457245529,24.4275582848784,24.3238511901693,24.3394139906367,24.1992630121316,24.3342266548802,24.3186630611374,24.4586498313649,24.3394139906367,24.3809031634257,24.2096511916044,24.2044572345467,24.220038309803,24.313474667603,24.2460014642685,24.2252314710217,24.3186630611374,24.3757179413665,24.3653467049792,24.4534685658236,24.3549744119754,24.3394139906367,24.3186630611374,24.19406852432,24.2563848704595,24.3394139906367,24.3705324552306,24.396457245529,24.525982322611,24.4534685658236,24.4223754377718,24.3809031634257,24.3705324552306,24.3912728154683,24.396457245529,24.4327408682945,24.4793722593216,24.4379231880585,24.3290390547373,24.2771485035319,24.4068253139224,24.4845522079513,24.4482870367845,24.4534685658236,24.4534685658236,24.4431052442089,24.4016414116675,24.3809031634257,24.3705324552306,24.3601606905737,24.3705324552306,24.3860881214467,24.3860881214467,24.417192326936,24.1992630121316,24.261576176083,24.0901229747396,24.2252314710217,24.2563848704595,24.1992630121316,24.3705324552306,24.4275582848784,24.4016414116675,24.3757179413665,24.3497878691456,24.3394139906367,24.3601606905737,24.3394139906367,24.396457245529,24.3860881214467,24.2979078995965,24.4534685658236,24.266767216777,24.2979078995965,24.3030970868713,24.2719579925803,24.3446010620456,24.220038309803,24.1784834681163,24.3394139906367,24.1576996752618,24.2875287310348,24.2771485035319,24.2719579925803,24.1784834681163,24.3394139906367,24.4949113154483,24.4793722593216,24.4016414116675,24.4690115721079,24.6294840235847,24.5622198668973,24.6191385780148,24.5052693701856,24.6346563530609,24.6294840235847,24.5829212550199,24.4845522079513,24.598444539334,24.5673956078683,24.5466910676864,24.5622198668973,24.417192326936,24.5725710861868,24.5363372209139,24.6087920833666,24.525982322611,24.4741920473867,24.4690115721079,24.4793722593216,24.4793722593216,24.4586498313649,24.4741920473867,24.4638308334468,24.5208044790397,24.3549744119754,24.4741920473867,24.5104480028654,24.5000904743927,24.4068253139224,24.5415142757223,24.6036184425424,24.4845522079513,24.525982322611,24.4741920473867,24.5052693701856,24.4949113154483,24.4586498313649,24.4845522079513,24.5156263724707,24.4897318933139,24.5311599032229,24.6553430497988,24.5725710861868,24.4016414116675,24.5415142757223,24.4638308334468,24.417192326936,24.525982322611,24.3809031634257,24.6243114319154,24.5208044790397,24.3705324552306,24.3446010620456,24.3446010620456,24.2771485035319,24.3186630611374,24.3082860095273,24.3082860095273,24.2979078995965,24.3601606905737,24.5363372209139,24.4690115721079,24.4845522079513,24.4690115721079,24.4638308334468,24.4431052442089,24.5311599032229,24.4741920473867,24.4897318933139,24.3601606905737,24.4379231880585,24.4482870367845,24.4897318933139,24.4068253139224,24.4534685658236,24.396457245529,24.4949113154483,24.3601606905737,24.3549744119754,24.3809031634257,24.4068253139224,24.3860881214467,24.5156263724707,24.3601606905737,24.4690115721079,24.3809031634257,24.4223754377718,24.4275582848784,24.3860881214467,24.4638308334468,24.4327408682945,24.4379231880585,24.4275582848784,24.396457245529,24.3653467049792,24.3809031634257,24.3601606905737,24.3082860095273,24.3809031634257,24.396457245529,24.5104480028654,24.5000904743927,24.4845522079513,24.4223754377718,24.5673956078683,24.4327408682945,24.588095945611,24.4120089523324,24.5570438632356,24.5673956078683,24.5622198668973,24.5363372209139,24.588095945611,24.6036184425424,24.5725710861868,24.4275582848784,24.4586498313649,24.6036184425424,24.7380479408253,24.8258485704877,24.7018727940562,24.7897045068028,24.8671404277798,24.6708553211965,24.7690450146872,24.7690450146872,24.6967038696157,25.0475965748176,25.1196900631945,25.1557177937613,25.1454254487159,25.14027888859,25.0733500742259,25.0475965748176,25.14027888859,25.1557177937613,25.1711543738743,25.1608635787557,25.3048408239653
24.3705324552306,24.3653467049792,24.220038309803,24.3290390547373,24.3342266548802,24.4534685658236,24.5208044790397,24.4275582848784,24.4016414116675,24.417192326936,24.3030970868713,24.396457245529,24.2096511916044,24.0381102869696,24.4431052442089,24.313474667603,24.3030970868713,24.4534685658236,24.4690115721079,24.4379231880585,24.2460014642685,24.3290390547373,24.3238511901693,24.4379231880585,24.2304243670388,24.266767216777,24.3757179413665,24.3601606905737,24.3342266548802,24.313474667603,24.2979078995965,24.2927184476639,24.3238511901693,24.1732879183289,24.3601606905737,24.1369116310709,24.1628960219406,24.3860881214467,24.4793722593216,24.4690115721079,24.4793722593216,24.4534685658236,24.4482870367845,24.5156263724707,24.4534685658236,24.5052693701856,24.5156263724707,24.4327408682945,24.3860881214467,24.3601606905737,24.4482870367845,24.4120089523324,24.4793722593216,24.5208044790397,24.4223754377718,24.4482870367845,24.3860881214467,24.3809031634257,24.4016414116675,24.3912728154683,24.4223754377718,24.3912728154683,24.4223754377718,24.2875287310348,24.4534685658236,24.3030970868713,24.2148448833435,24.2719579925803,24.3186630611374,24.3497878691456,24.3342266548802,24.3705324552306,24.313474667603,24.3757179413665,24.3860881214467,24.3446010620456,24.3757179413665,24.4690115721079,24.4482870367845,24.2771485035319,24.3912728154683,24.4223754377718,24.3497878691456,24.3446010620456,24.4016414116675,24.3030970868713,24.3497878691456,24.3601606905737,24.3030970868713,24.19406852432,24.235616997893,24.2771485035319,24.313474667603,24.2979078995965,24.2875287310348,24.3394139906367,24.5000904743927,24.4897318933139,24.4845522079513,24.4845522079513,24.4586498313649,24.5208044790397,24.6139654618445,24.6087920833666,24.4845522079513,24.6346563530609,24.4897318933139,24.5000904743927,24.5622198668973,24.5415142757223,24.588095945611,24.5518675968447,24.5363372209139,24.588095945611,24.5363372209139,24.525982322611,24.6346563530609,24.5518675968447,24.4845522079513,24.5052693701856,24.4741920473867,24.4586498313649,24.4690115721079,24.4379231880585,24.4120089523324,24.4223754377718,24.4223754377718,24.5673956078683,24.5829212550199,24.5000904743927,24.5156263724707,24.4068253139224,24.5466910676864,24.5518675968447,24.5156263724707,24.4275582848784,24.4949113154483,24.5311599032229,24.4897318933139,24.4845522079513,24.5725710861868,24.5208044790397,24.5208044790397,24.68119552596,24.525982322611,24.4068253139224,24.5622198668973,24.5156263724707,24.3860881214467,24.5363372209139,24.4897318933139,24.4586498313649,24.313474667603,24.3497878691456,24.3757179413665,24.3238511901693,24.4016414116675,24.1628960219406,24.2979078995965,24.313474667603,24.3394139906367,24.417192326936,24.4223754377718,24.4949113154483,24.417192326936,24.4845522079513,24.3705324552306,24.4327408682945,24.5000904743927,24.525982322611,24.313474667603,24.3601606905737,24.3912728154683,24.3549744119754,24.4793722593216,24.3653467049792,24.4275582848784,24.3082860095273,24.5156263724707,24.3809031634257,24.3290390547373,24.3446010620456,24.3757179413665,24.3809031634257,24.5311599032229,24.396457245529,24.4431052442089,24.417192326936,24.3912728154683,24.3497878691456,24.3030970868713,24.5829212550199,24.2927184476639,24.261576176083,24.3809031634257,24.2875287310348,24.2252314710217,24.3653467049792,24.266767216777,24.3549744119754,24.4741920473867,24.4690115721079,24.4845522079513,24.5156263724707,24.4845522079513,24.4275582848784,24.4379231880585,24.4120089523324,24.4120089523324,24.4120089523324,24.417192326936,24.6036184425424,24.5673956078683,24.4793722593216,24.5725710861868,24.5156263724707,24.5311599032229,24.5052693701856,24.5622198668973,24.5673956078683,24.6605140688826,24.6863652356057,24.6501717687129,24.7845400253874,24.836173098535,24.6863652356057,24.7173779975772,24.6708553211965,25.0012239478063,25.0063774992726,25.0218365972651,25.124837657352,25.0372933614365,25.1557177937613,24.9290469664651,25.1351320700124,25.0372933614365,25.1145422104357,25.1711543738743,25.0784999971428
24.4638308334468,24.5052693701856,24.4223754377718,24.3860881214467,24.396457245529,24.3342266548802,24.2511932998677,24.4275582848784,24.4275582848784,24.4120089523324,24.3446010620456,24.3757179413665,24.2044572345467,24.2148448833435,24.4586498313649,24.313474667603,24.4482870367845,24.3082860095273,24.2927184476639,24.3860881214467,24.5622198668973,24.4379231880585,24.5622198668973,24.4431052442089,24.3446010620456,24.2511932998677,24.4586498313649,24.3705324552306,24.5104480028654,24.4068253139224,24.4379231880585,24.3186630611374,24.4431052442089,24.3342266548802,24.396457245529,24.2927184476639,24.1888737710728,24.3601606905737,24.5363372209139,24.4690115721079,24.4949113154483,24.5208044790397,24.3860881214467,24.4741920473867,24.5052693701856,24.4379231880585,24.4949113154483,24.4897318933139,24.4638308334468,24.4016414116675,24.3809031634257,24.3705324552306,24.5363372209139,24.5622198668973,24.4482870367845,24.3809031634257,24.4016414116675,24.3809031634257,24.3653467049792,24.3342266548802,24.4275582848784,24.5518675968447,24.4223754377718,24.3653467049792,24.3082860095273,24.3653467049792,24.3757179413665,24.3186630611374,24.4016414116675,24.2927184476639,24.3342266548802,24.3601606905737,24.3860881214467,24.3809031634257,24.3238511901693,24.3757179413665,24.4120089523324,24.4897318933139,24.396457245529,24.3705324552306,24.4068253139224,24.3446010620456,24.4482870367845,24.3186630611374,24.2875287310348,24.235616997893,24.3549744119754,24.3497878691456,24.3394139906367,24.261576176083,24.3809031634257,24.4120089523324,24.4431052442089,24.2927184476639,24.4638308334468,24.4120089523324,24.3860881214467,24.3653467049792,24.4897318933139,24.4949113154483,24.5156263724707,24.5673956078683,24.5415142757223,24.5570438632356,24.5518675968447,24.4897318933139,24.6398284203822,24.6553430497988,24.5466910676864,24.5777463018912,24.5725710861868,24.5570438632356,24.5622198668973,24.6553430497988,24.5622198668973,24.525982322611,24.5208044790397,24.4016414116675,24.4690115721079,24.4534685658236,24.3186630611374,24.5052693701856,24.4379231880585,24.4638308334468,24.396457245529,24.4068253139224,24.3238511901693,24.3549744119754,24.4690115721079,24.5104480028654,24.5570438632356,24.5777463018912,24.5415142757223,24.5311599032229,24.4120089523324,24.4845522079513,24.4534685658236,24.4586498313649,24.5622198668973,24.4949113154483,24.4845522079513,24.5829212550199,24.6346563530609,24.6087920833666,24.525982322611,24.4534685658236,24.6656848260024,24.525982322611,24.5622198668973,24.5000904743927,24.4223754377718,24.5363372209139,24.4897318933139,24.3186630611374,24.4793722593216,24.4845522079513,24.4482870367845,24.3342266548802,24.3290390547373,24.3290390547373,24.4068253139224,24.4016414116675,24.4897318933139,24.4275582848784,24.4741920473867,24.4431052442089,24.4534685658236,24.4845522079513,24.396457245529,24.5104480028654,24.6294840235847,24.3082860095273,24.3757179413665,24.4379231880585,24.4741920473867,24.4482870367845,24.4482870367845,24.3809031634257,24.4741920473867,24.417192326936,24.3705324552306,24.3653467049792,24.3912728154683,24.4431052442089,24.4482870367845,24.4068253139224,24.4431052442089,24.4120089523324,24.396457245529,24.4016414116675,24.4327408682945,24.417192326936,24.2511932998677,24.2408093636233,24.235616997893,24.396457245529,24.3705324552306,24.3860881214467,24.525982322611,24.3912728154683,24.4016414116675,24.5000904743927,24.5000904743927,24.5311599032229,24.4949113154483,24.5673956078683,24.4897318933139,24.4793722593216,24.588095945611,24.6087920833666,24.5518675968447,24.6036184425424,24.588095945611,24.6605140688826,24.5415142757223,24.6191385780148,24.5311599032229,24.5104480028654,24.6243114319154,24.6450002255868,24.6553430497988,24.7587137017957,24.7845400253874,24.8826205758957,24.8516579356668,24.7173779975772,24.7535476535085,24.6863652356057,25.0063774992726,25.0269891112523,25.1608635787557,25.0372933614365,25.1711543738743,25.2534435750629,25.0939482126385,25.1505717504272,25.1660091054476,25.1814441360816,25.3818884725093,25.1968768433364
24.3030970868713,24.5829212550199,24.3912728154683,24.4120089523324,24.4327408682945,24.3860881214467,24.4223754377718,24.3705324552306,24.3912728154683,24.4586498313649,24.3186630611374,24.3601606905737,24.3653467049792,24.3238511901693,24.1992630121316,24.4482870367845,24.396457245529,24.4690115721079,24.313474667603,24.396457245529,24.3705324552306,24.5725710861868,24.3549744119754,24.3912728154683,24.4327408682945,24.261576176083,24.4379231880585,24.3860881214467,24.5725710861868,24.3912728154683,24.3653467049792,24.3912728154683,24.4327408682945,24.4016414116675,24.4120089523324,24.4275582848784,24.3497878691456,24.19406852432,24.3757179413665,24.4949113154483,24.5156263724707,24.5570438632356,24.3912728154683,24.5570438632356,24.525982322611,24.4327408682945,24.2927184476639,24.3342266548802,24.417192326936,24.3912728154683,24.4016414116675,24.3912728154683,24.4068253139224,24.4586498313649,24.3809031634257,24.4534685658236,24.220038309803,24.3757179413665,24.3705324552306,24.4223754377718,24.3705324552306,24.4431052442089,24.4949113154483,24.3601606905737,24.4379231880585,24.2044572345467,24.396457245529,24.3342266548802,24.2771485035319,24.4120089523324,24.3394139906367,24.3238511901693,24.3653467049792,24.3912728154683,24.3238511901693,24.4845522079513,24.3860881214467,24.4897318933139,24.396457245529,24.396457245529,24.4379231880585,24.4223754377718,24.4120089523324,24.3549744119754,24.4379231880585,24.3290390547373,24.3705324552306,24.2927184476639,24.2875287310348,24.1888737710728,24.4120089523324,24.4379231880585,24.4379231880585,24.3705324552306,24.4949113154483,24.4534685658236,24.4741920473867,24.4068253139224,24.417192326936,24.5000904743927,24.5208044790397,24.598444539334,24.235616997893,24.417192326936,24.5052693701856,24.4897318933139,24.5673956078683,24.5777463018912,24.5311599032229,24.5725710861868,24.598444539334,24.525982322611,24.5570438632356,24.6398284203822,24.4586498313649,24.593270373703,24.5000904743927,24.6191385780148,24.417192326936,24.4534685658236,24.3394139906367,24.4793722593216,24.3290390547373,24.4223754377718,24.4327408682945,24.4016414116675,24.2979078995965,24.5000904743927,24.4793722593216,24.4690115721079,24.4845522079513,24.4793722593216,24.4223754377718,24.4327408682945,24.5208044790397,24.4223754377718,24.5000904743927,24.5052693701856,24.5622198668973,24.4949113154483,24.525982322611,24.588095945611,24.6501717687129,24.4897318933139,24.4379231880585,24.593270373703,24.5311599032229,24.417192326936,24.4482870367845,24.3497878691456,24.5466910676864,24.5311599032229,24.417192326936,24.2927184476639,24.2979078995965,24.4638308334468,24.3497878691456,24.3705324552306,24.3497878691456,24.2563848704595,24.3757179413665,24.417192326936,24.396457245529,24.4638308334468,24.3705324552306,24.5156263724707,24.3705324552306,24.3912728154683,24.4534685658236,24.4275582848784,24.6243114319154,24.4275582848784,24.4431052442089,24.3705324552306,24.3912728154683,24.3860881214467,24.3809031634257,24.4016414116675,24.3757179413665,24.4016414116675,24.3809031634257,24.3082860095273,24.396457245529,24.4068253139224,24.3912728154683,24.4223754377718,24.417192326936,24.4016414116675,24.4223754377718,24.3705324552306,24.5000904743927,24.4690115721079,24.1888737710728,24.3342266548802,24.3394139906367,24.3860881214467,24.396457245529,24.4120089523324,24.5208044790397,24.4223754377718,24.5570438632356,24.5518675968447,24.4534685658236,24.4431052442089,24.4897318933139,24.5000904743927,24.5622198668973,24.5156263724707,24.4897318933139,24.6139654618445,24.593270373703,24.5570438632356,24.593270373703,24.6191385780148,24.5673956078683,24.4949113154483,24.5052693701856,24.525982322611,24.5363372209139,24.3705324552306,24.6191385780148,24.6243114319154,24.6553430497988,24.6863652356057,24.6863652356057,24.588095945611,24.7277134921382,24.6708553211965,24.9496741564303,25.0321413659635,25.2071640245704,25.1865886299367,25.0630494515398,25.1814441360816,25.1608635787557,25.1505717504272,25.1608635787557,25.2740055641272,25.0733500742259,25.0578987516956
24.5725710861868,24.5725710861868,24.4534685658236,24.5000904743927,24.3446010620456,24.417192326936,24.396457245529,24.4068253139224,24.2719579925803,24.4016414116675,24.3394139906367,24.396457245529,24.4223754377718,24.4845522079513,24.4482870367845,24.4741920473867,24.3549744119754,24.4949113154483,24.3394139906367,24.2511932998677,24.3446010620456,24.4223754377718,24.4275582848784,24.3394139906367,24.4275582848784,24.4275582848784,24.3809031634257,24.3653467049792,24.3912728154683,24.5518675968447,24.4016414116675,24.4379231880585,24.4327408682945,24.4275582848784,24.4431052442089,24.5104480028654,24.3809031634257,24.2096511916044,24.3809031634257,24.5156263724707,24.525982322611,24.5311599032229,24.525982322611,24.4016414116675,24.4223754377718,24.3705324552306,24.4482870367845,24.3394139906367,24.261576176083,24.4068253139224,24.3705324552306,24.4379231880585,24.3912728154683,24.4690115721079,24.4534685658236,24.5000904743927,24.4327408682945,24.3601606905737,24.4275582848784,24.3860881214467,24.3653467049792,24.3705324552306,24.5415142757223,24.3809031634257,24.4327408682945,24.4431052442089,24.3186630611374,24.3290390547373,24.4275582848784,24.4120089523324,24.4120089523324,24.3549744119754,24.2979078995965,24.4223754377718,24.4482870367845,24.3653467049792,24.3757179413665,24.3860881214467,24.3912728154683,24.4120089523324,24.4379231880585,24.417192326936,24.396457245529,24.4586498313649,24.4379231880585,24.2719579925803,24.220038309803,24.2511932998677,24.3238511901693,24.2563848704595,24.4223754377718,24.4223754377718,24.3342266548802,24.2460014642685,24.2823387496704,24.4120089523324,24.4793722593216,24.5104480028654,24.4845522079513,24.5104480028654,24.5466910676864,24.4068253139224,24.6656848260024,24.4638308334468,24.5000904743927,24.5000904743927,24.5622198668973,24.4638308334468,24.6553430497988,24.6915346834782,24.5622198668973,24.6605140688826,24.5777463018912,24.5415142757223,24.5518675968447,24.6450002255868,24.5052693701856,24.5104480028654,24.4482870367845,24.6346563530609,24.598444539334,24.5208044790397,24.4482870367845,24.5622198668973,24.4793722593216,24.4120089523324,24.3653467049792,24.3342266548802,24.4586498313649,24.4690115721079,24.4690115721079,24.5725710861868,24.4638308334468,24.525982322611,24.4016414116675,24.5156263724707,24.588095945611,24.417192326936,24.4897318933139,24.5673956078683,24.5104480028654,24.5725710861868,24.6139654618445,24.6605140688826,24.5829212550199,24.5000904743927,24.4897318933139,24.5622198668973,24.4379231880585,24.4586498313649,24.5415142757223,24.5466910676864,24.3082860095273,24.3082860095273,24.2927184476639,24.3601606905737,24.4586498313649,24.3030970868713,24.266767216777,24.266767216777,24.4638308334468,24.4275582848784,24.4897318933139,24.4327408682945,24.4586498313649,24.3446010620456,24.4690115721079,24.4275582848784,24.4379231880585,24.5466910676864,24.3860881214467,24.4379231880585,24.4379231880585,24.4638308334468,24.3705324552306,24.3601606905737,24.4016414116675,24.4068253139224,24.3912728154683,24.4016414116675,24.4120089523324,24.3446010620456,24.5104480028654,24.4379231880585,24.4534685658236,24.4586498313649,24.4431052442089,24.3290390547373,24.3705324552306,24.3912728154683,24.3497878691456,24.3238511901693,24.3238511901693,24.3394139906367,24.3186630611374,24.3757179413665,24.4275582848784,24.5311599032229,24.5415142757223,24.4068253139224,24.5156263724707,24.4223754377718,24.4897318933139,24.5000904743927,24.5570438632356,24.5311599032229,24.5829212550199,24.6087920833666,24.5000904743927,24.598444539334,24.5518675968447,24.5363372209139,24.5570438632356,24.6501717687129,24.5829212550199,24.6501717687129,24.5725710861868,24.7432147730614,24.5777463018912,24.7742102793675,24.6760255545029,24.5777463018912,24.6398284203822,24.6863652356057,24.6760255545029,24.7432147730614,24.7638794888426,24.7432147730614,24.7328808471969,24.8826205758957,25.1042457289643,25.0939482126385,25.2020205629554,25.1814441360816,25.1660091054476,25.0578987516956,25.2071640245704,25.2688654531791,25.2380193782588,25.1762993840732
24.4638308334468,24.3757179413665,24.588095945611,24.4327408682945,24.3757179413665,24.4482870367845,24.3446010620456,24.3601606905737,24.3653467049792,24.3342266548802,24.3030970868713,24.4327408682945,24.2979078995965,24.4638308334468,24.3394139906367,24.2771485035319,24.4275582848784,24.4068253139224,24.417192326936,24.3757179413665,24.3809031634257,24.3860881214467,24.4327408682945,24.2511932998677,24.3290390547373,24.3705324552306,24.3705324552306,24.3860881214467,24.4068253139224,24.4275582848784,24.5000904743927,24.5363372209139,24.5104480028654,24.4534685658236,24.3860881214467,24.417192326936,24.3860881214467,24.4016414116675,24.1732879183289,24.2823387496704,24.2771485035319,24.3342266548802,24.2771485035319,24.3082860095273,24.4275582848784,24.4431052442089,24.5415142757223,24.4586498313649,24.417192326936,24.4327408682945,24.5518675968447,24.4482870367845,24.3912728154683,24.4431052442089,24.417192326936,24.4275582848784,24.396457245529,24.3809031634257,24.3653467049792,24.5000904743927,24.4068253139224,24.5311599032229,24.4223754377718,24.3290390547373,24.4586498313649,24.3757179413665,24.3497878691456,24.417192326936,24.417192326936,24.3446010620456,24.4223754377718,24.3497878691456,24.2719579925803,24.2927184476639,24.3705324552306,24.396457245529,24.4016414116675,24.5156263724707,24.525982322611,24.4897318933139,24.4275582848784,24.4431052442089,24.4638308334468,24.4741920473867,24.3912728154683,24.3446010620456,24.3082860095273,24.3238511901693,24.3186630611374,24.4275582848784,24.4275582848784,24.4327408682945,24.4327408682945,24.3549744119754,24.4275582848784,24.3601606905737,24.3653467049792,24.3860881214467,24.396457245529,24.3653467049792,24.5725710861868,24.4275582848784,24.4431052442089,24.4275582848784,24.4586498313649,24.6087920833666,24.4690115721079,24.4793722593216,24.5673956078683,24.593270373703,24.525982322611,24.5518675968447,24.5415142757223,24.5363372209139,24.6191385780148,24.4793722593216,24.525982322611,24.525982322611,24.6191385780148,24.5104480028654,24.5104480028654,24.5518675968447,24.5052693701856,24.4275582848784,24.417192326936,24.3757179413665,24.3653467049792,24.2979078995965,24.3601606905737,24.5104480028654,24.4897318933139,24.5052693701856,24.525982322611,24.6036184425424,24.5104480028654,24.6036184425424,24.4845522079513,24.4534685658236,24.5777463018912,24.5673956078683,24.4638308334468,24.5725710861868,24.5725710861868,24.5518675968447,24.4482870367845,24.4793722593216,24.5000904743927,24.5622198668973,24.5311599032229,24.4120089523324,24.4223754377718,24.5466910676864,24.5000904743927,24.3497878691456,24.4120089523324,24.4482870367845,24.3549744119754,24.2823387496704,24.3082860095273,24.2823387496704,24.4482870367845,24.4379231880585,24.4068253139224,24.4741920473867,24.417192326936,24.3082860095273,24.3757179413665,24.4275582848784,24.3290390547373,24.4327408682945,24.4016414116675,24.5725710861868,24.3757179413665,24.4431052442089,24.3705324552306,24.3446010620456,24.4482870367845,24.4068253139224,24.4120089523324,24.4016414116675,24.396457245529,24.4068253139224,24.5311599032229,24.3809031634257,24.3601606905737,24.4431052442089,24.3705324552306,24.3653467049792,24.4223754377718,24.4223754377718,24.3860881214467,24.313474667603,24.3446010620456,24.2823387496704,24.3757179413665,24.4379231880585,24.5000904743927,24.5052693701856,24.4275582848784,24.5466910676864,24.3549744119754,24.525982322611,24.4534685658236,24.4482870367845,24.5829212550199,24.593270373703,24.6863652356057,24.6605140688826,24.5052693701856,24.598444539334,24.5777463018912,24.5673956078683,24.4897318933139,24.588095945611,24.593270373703,24.5415142757223,24.7793752829217,24.6605140688826,24.5311599032229,24.6863652356057,24.5363372209139,24.6553430497988,24.6191385780148,24.6915346834782,24.5415142757223,24.598444539334,24.7845400253874,24.598444539334,24.6605140688826,24.9909160664447,24.9806071469274,24.9754522977662,25.0115307913128,25.0424450977087,25.1608635787557,25.1608635787557,25.1093940990381,25.0784999971428,25.0784999971428,25.1814441360816
24.5570438632356,24.4949113154483,24.3757179413665,24.4431052442089,24.3757179413665,24.3705324552306,24.3757179413665,24.4431052442089,24.2771485035319,24.1473061847397,24.2771485035319,24.417192326936,24.396457245529,24.4275582848784,24.4223754377718,24.3705324552306,24.5052693701856,24.4431052442089,24.4690115721079,24.396457245529,24.3809031634257,24.396457245529,24.4120089523324,24.417192326936,24.3549744119754,24.3601606905737,24.4120089523324,24.4120089523324,24.4638308334468,24.417192326936,24.4534685658236,24.4586498313649,24.4793722593216,24.417192326936,24.4016414116675,24.4327408682945,24.3705324552306,24.417192326936,24.2719579925803,24.2875287310348,24.3082860095273,24.3601606905737,24.2875287310348,24.4690115721079,24.4534685658236,24.4482870367845,24.4534685658236,24.4379231880585,24.396457245529,24.4482870367845,24.3601606905737,24.3912728154683,24.4327408682945,24.4327408682945,24.5518675968447,24.4897318933139,24.5466910676864,24.4845522079513,24.4379231880585,24.593270373703,24.5725710861868,24.4638308334468,24.4845522079513,24.4897318933139,24.4120089523324,24.4482870367845,24.4275582848784,24.4482870367845,24.3446010620456,24.4223754377718,24.4120089523324,24.3394139906367,24.3497878691456,24.2927184476639,24.3809031634257,24.4016414116675,24.3912728154683,24.4690115721079,24.4793722593216,24.4068253139224,24.3446010620456,24.4638308334468,24.4586498313649,24.3757179413665,24.3809031634257,24.4016414116675,24.3757179413665,24.3549744119754,24.3342266548802,24.3757179413665,24.4327408682945,24.3601606905737,24.3860881214467,24.4897318933139,24.3653467049792,24.4431052442089,24.396457245529,24.3860881214467,24.4068253139224,24.3860881214467,24.3809031634257,24.4327408682945,24.3394139906367,24.2511932998677,24.4327408682945,24.4949113154483,24.417192326936,24.4638308334468,24.5104480028654,24.5829212550199,24.4897318933139,24.5518675968447,24.6398284203822,24.525982322611,24.5311599032229,24.6398284203822,24.6243114319154,24.4949113154483,24.593270373703,24.5622198668973,24.417192326936,24.4586498313649,24.4897318933139,24.4068253139224,24.4327408682945,24.3653467049792,24.4275582848784,24.3290390547373,24.3653467049792,24.598444539334,24.5725710861868,24.5777463018912,24.3860881214467,24.4949113154483,24.5208044790397,24.6036184425424,24.4949113154483,24.5052693701856,24.4949113154483,24.588095945611,24.5725710861868,24.5829212550199,24.5415142757223,24.588095945611,24.5622198668973,24.4638308334468,24.4690115721079,24.5622198668973,24.4016414116675,24.4482870367845,24.5311599032229,24.4949113154483,24.5000904743927,24.5622198668973,24.4638308334468,24.4793722593216,24.4275582848784,24.417192326936,24.3549744119754,24.4534685658236,24.4586498313649,24.3549744119754,24.417192326936,24.5570438632356,24.3860881214467,24.3342266548802,24.4482870367845,24.5156263724707,24.5000904743927,24.5052693701856,24.4068253139224,24.4534685658236,24.3860881214467,24.3497878691456,24.3446010620456,24.4379231880585,24.417192326936,24.5311599032229,24.417192326936,24.4431052442089,24.4068253139224,24.4897318933139,24.4949113154483,24.4068253139224,24.4016414116675,24.417192326936,24.4120089523324,24.5208044790397,24.3705324552306,24.3912728154683,24.3549744119754,24.5311599032229,24.3030970868713,24.396457245529,24.5311599032229,24.4016414116675,24.4016414116675,24.5208044790397,24.417192326936,24.5311599032229,24.5000904743927,24.5208044790397,24.5725710861868,24.4482870367845,24.5052693701856,24.5052693701856,24.5104480028654,24.6553430497988,24.3912728154683,24.5777463018912,24.525982322611,24.5673956078683,24.5363372209139,24.4534685658236,24.6036184425424,24.5052693701856,24.5156263724707,24.5518675968447,24.5208044790397,24.5311599032229,24.5570438632356,24.6191385780148,24.7018727940562,24.6450002255868,24.7328808471969,24.7948687272058,24.6036184425424,24.6036184425424,24.7845400253874,24.7587137017957,24.9909160664447,24.9496741564303,25.1196900631945,25.1557177937613,25.2020205629554,25.1762993840732,25.1454254487159,25.1557177937613,25.1608635787557,25.1865886299367
24.5518675968447,24.4638308334468,24.5829212550199,24.3705324552306,24.4534685658236,24.5208044790397,24.5156263724707,24.2719579925803,24.2044572345467,24.02250128355,24.2771485035319,24.4068253139224,24.3446010620456,24.2927184476639,24.3809031634257,24.4120089523324,24.417192326936,24.3342266548802,24.3653467049792,24.4223754377718,24.4431052442089,24.4068253139224,24.3912728154683,24.4016414116675,24.4016414116675,24.220038309803,24.235616997893,24.2408093636233,24.4016414116675,24.5777463018912,24.4431052442089,24.4741920473867,24.4327408682945,24.4586498313649,24.3446010620456,24.4793722593216,24.4534685658236,24.5208044790397,24.4586498313649,24.4223754377718,24.417192326936,24.4638308334468,24.2927184476639,24.4638308334468,24.4586498313649,24.4534685658236,24.4327408682945,24.5415142757223,24.4068253139224,24.4223754377718,24.3497878691456,24.4275582848784,24.4534685658236,24.4690115721079,24.4897318933139,24.4016414116675,24.5570438632356,24.4120089523324,24.5000904743927,24.5673956078683,24.5208044790397,24.4845522079513,24.5829212550199,24.4897318933139,24.4534685658236,24.4223754377718,24.4275582848784,24.525982322611,24.3497878691456,24.3342266548802,24.4223754377718,24.3290390547373,24.4120089523324,24.3757179413665,24.3705324552306,24.3809031634257,24.3290390547373,24.3601606905737,24.3757179413665,24.4016414116675,24.4431052442089,24.4534685658236,24.2979078995965,24.3653467049792,24.4068253139224,24.3809031634257,24.3290390547373,24.2408093636233,24.3082860095273,24.396457245529,24.417192326936,24.3549744119754,24.3809031634257,24.5052693701856,24.4482870367845,24.4845522079513,24.3809031634257,24.3757179413665,24.3082860095273,24.3912728154683,24.3757179413665,24.4690115721079,24.4379231880585,24.396457245529,24.3342266548802,24.4534685658236,24.5518675968447,24.4431052442089,24.5673956078683,24.5777463018912,24.5518675968447,24.4741920473867,24.5466910676864,24.4793722593216,24.6450002255868,24.4845522079513,24.5829212550199,24.5208044790397,24.5518675968447,24.5104480028654,24.5570438632356,24.5052693701856,24.5415142757223,24.5000904743927,24.4327408682945,24.5156263724707,24.4120089523324,24.4223754377718,24.3549744119754,24.5777463018912,24.4534685658236,24.4068253139224,24.5000904743927,24.2979078995965,24.6087920833666,24.5208044790397,24.4793722593216,24.4379231880585,24.5104480028654,24.5466910676864,24.5466910676864,24.598444539334,24.6087920833666,24.525982322611,24.5518675968447,24.4793722593216,24.525982322611,24.5466910676864,24.5518675968447,24.5000904743927,24.4534685658236,24.5156263724707,24.5000904743927,24.5518675968447,24.4482870367845,24.4016414116675,24.3497878691456,24.3446010620456,24.396457245529,24.2927184476639,24.4379231880585,24.5000904743927,24.3757179413665,24.525982322611,24.4897318933139,24.4534685658236,24.4793722593216,24.5104480028654,24.4690115721079,24.5415142757223,24.4897318933139,24.3446010620456,24.4327408682945,24.4275582848784,24.4793722593216,24.4016414116675,24.3705324552306,24.3601606905737,24.5104480028654,24.4068253139224,24.3912728154683,24.4068253139224,24.5000904743927,24.3860881214467,24.4327408682945,24.4741920473867,24.5466910676864,24.5415142757223,24.5000904743927,24.5104480028654,24.4223754377718,24.3601606905737,24.2823387496704,24.3912728154683,24.5104480028654,24.4741920473867,24.4068253139224,24.5156263724707,24.4223754377718,24.525982322611,24.5052693701856,24.5208044790397,24.6036184425424,24.5725710861868,24.4845522079513,24.5415142757223,24.6553430497988,24.6656848260024,24.6139654618445,24.6087920833666,24.5466910676864,24.6863652356057,24.593270373703,24.5829212550199,24.7173779975772,24.4793722593216,24.525982322611,24.593270373703,24.5518675968447,24.6656848260024,24.6036184425424,24.5518675968447,24.6243114319154,24.7173779975772,24.7948687272058,24.6760255545029,24.7225458756109,24.6760255545029,24.593270373703,24.8877801045559,24.9857617364743,25.1917328656758,25.1762993840732,25.2071640245704,25.1762993840732,25.1660091054476,25.0836496611589,25.2020205629554,25.2997022573604,25.1865886299367
24.3757179413665,24.3549744119754,24.2823387496704,24.3342266548802,24.2823387496704,24.3653467049792,24.3601606905737,24.2563848704595,24.3082860095273,24.2875287310348,24.3082860095273,24.2979078995965,24.2096511916044,24.2771485035319,24.396457245529,24.3394139906367,24.4482870367845,24.3394139906367,24.4793722593216,24.3809031634257,24.3809031634257,24.2823387496704,24.396457245529,24.3601606905737,24.3912728154683,24.4068253139224,24.4897318933139,24.4949113154483,24.5000904743927,24.4534685658236,24.4327408682945,24.4379231880585,24.4534685658236,24.4690115721079,24.3653467049792,24.3342266548802,24.5311599032229,24.5052693701856,24.4431052442089,24.417192326936,24.4482870367845,24.3238511901693,24.4068253139224,24.525982322611,24.3912728154683,24.4897318933139,24.525982322611,24.1992630121316,24.3912728154683,24.3860881214467,24.4120089523324,24.3601606905737,24.5725710861868,24.5000904743927,24.5311599032229,24.3757179413665,24.5570438632356,24.5570438632356,24.5570438632356,24.588095945611,24.4379231880585,24.588095945611,24.5673956078683,24.4431052442089,24.4327408682945,24.4897318933139,24.417192326936,24.4586498313649,24.5156263724707,24.4379231880585,24.417192326936,24.417192326936,24.4275582848784,24.3860881214467,24.3186630611374,24.5466910676864,24.5208044790397,24.396457245529,24.4120089523324,24.4016414116675,24.4431052442089,24.4120089523324,24.4586498313649,24.3030970868713,24.2979078995965,24.4690115721079,24.417192326936,24.3705324552306,24.3860881214467,24.3082860095273,24.4223754377718,24.4534685658236,24.4534685658236,24.396457245529,24.3601606905737,24.417192326936,24.3705324552306,24.4897318933139,24.4379231880585,24.3809031634257,24.4431052442089,24.4379231880585,24.4379231880585,24.4431052442089,24.5311599032229,24.5518675968447,24.5518675968447,24.5570438632356,24.4793722593216,24.4845522079513,24.5363372209139,24.5363372209139,24.6139654618445,24.5518675968447,24.4793722593216,24.4741920473867,24.6243114319154,24.6036184425424,24.5156263724707,24.525982322611,24.5466910676864,24.5363372209139,24.5415142757223,24.5466910676864,24.4120089523324,24.4016414116675,24.417192326936,24.3809031634257,24.4638308334468,24.5208044790397,24.6036184425424,24.5052693701856,24.4068253139224,24.6760255545029,24.6760255545029,24.4845522079513,24.4949113154483,24.4016414116675,24.4793722593216,24.598444539334,24.5415142757223,24.5673956078683,24.5518675968447,24.4897318933139,24.4949113154483,24.5156263724707,24.5156263724707,24.4379231880585,24.5104480028654,24.4016414116675,24.5104480028654,24.588095945611,24.4534685658236,24.4482870367845,24.3549744119754,24.4534685658236,24.417192326936,24.2823387496704,24.3342266548802,24.3290390547373,24.4068253139224,24.3601606905737,24.3497878691456,24.3860881214467,24.396457245529,24.4897318933139,24.4327408682945,24.3030970868713,24.4068253139224,24.4120089523324,24.4379231880585,24.3757179413665,24.4690115721079,24.396457245529,24.3342266548802,24.4949113154483,24.3912728154683,24.5725710861868,24.3912728154683,24.1732879183289,24.4016414116675,24.3446010620456,24.3549744119754,24.3757179413665,24.4068253139224,24.3082860095273,24.4275582848784,24.4793722593216,24.5156263724707,24.4690115721079,24.417192326936,24.4068253139224,24.3653467049792,24.3809031634257,24.4741920473867,24.4690115721079,24.5000904743927,24.5570438632356,24.5518675968447,24.4275582848784,24.68119552596,24.5622198668973,24.5000904743927,24.6139654618445,24.5363372209139,24.6967038696157,24.6967038696157,24.68119552596,24.6605140688826,24.6139654618445,24.5466910676864,24.7432147730614,24.598444539334,24.588095945611,24.4741920473867,24.588095945611,24.5518675968447,24.6553430497988,24.4949113154483,24.5052693701856,24.5829212550199,24.5208044790397,24.6087920833666,24.6139654618445,24.8310109648659,24.7070414568379,24.8051963851263,24.5829212550199,24.68119552596,24.9084156166453,24.9806071469274,25.1196900631945,24.9960701368761,25.1711543738743,25.1145422104357,25.1865886299367,25.14027888859,25.1814441360816,25.1814441360816,25.2997022573604
24.4016414116675,24.4741920473867,24.3186630611374,24.3809031634257,24.3030970868713,24.2511932998677,24.16809210295,24.2927184476639,24.2771485035319,24.2096511916044,24.1888737710728,24.2875287310348,24.235616997893,24.2979078995965,24.396457245529,24.396457245529,24.4275582848784,24.3342266548802,24.3809031634257,24.2979078995965,24.417192326936,24.3446010620456,24.3912728154683,24.4431052442089,24.4016414116675,24.4068253139224,24.4120089523324,24.4327408682945,24.4275582848784,24.417192326936,24.417192326936,24.4690115721079,24.4223754377718,24.396457245529,24.5311599032229,24.4897318933139,24.4379231880585,24.4586498313649,24.5000904743927,24.3705324552306,24.4327408682945,24.4586498313649,24.3238511901693,24.313474667603,24.3860881214467,24.4223754377718,24.4379231880585,24.4534685658236,24.4793722593216,24.4690115721079,24.4431052442089,24.4793722593216,24.4949113154483,24.5000904743927,24.4431052442089,24.3757179413665,24.5622198668973,24.3860881214467,24.4068253139224,24.3860881214467,24.5518675968447,24.5829212550199,24.3912728154683,24.5104480028654,24.4223754377718,24.4379231880585,24.5104480028654,24.5311599032229,24.3186630611374,24.4016414116675,24.417192326936,24.3757179413665,24.3705324552306,24.3757179413665,24.4845522079513,24.4638308334468,24.4120089523324,24.4482870367845,24.3290390547373,24.3238511901693,24.3809031634257,24.3238511901693,24.3860881214467,24.4845522079513,24.4793722593216,24.4379231880585,24.4482870367845,24.3705324552306,24.4793722593216,24.3601606905737,24.3290390547373,24.4223754377718,24.4016414116675,24.4275582848784,24.4379231880585,24.4068253139224,24.4534685658236,24.4275582848784,24.2979078995965,24.4690115721079,24.3809031634257,24.3549744119754,24.3653467049792,24.4223754377718,24.4431052442089,24.3757179413665,24.5518675968447,24.5000904743927,24.5466910676864,24.5208044790397,24.5000904743927,24.4897318933139,24.5208044790397,24.5104480028654,24.5466910676864,24.4534685658236,24.7122098579989,24.4949113154483,24.5829212550199,24.593270373703,24.5829212550199,24.5673956078683,24.5673956078683,24.5466910676864,24.525982322611,24.3497878691456,24.4068253139224,24.4327408682945,24.4431052442089,24.5052693701856,24.6139654618445,24.4223754377718,24.4897318933139,24.4586498313649,24.4223754377718,24.4379231880585,24.4793722593216,24.5415142757223,24.5466910676864,24.4949113154483,24.6191385780148,24.5104480028654,24.5156263724707,24.5311599032229,24.525982322611,24.4690115721079,24.4586498313649,24.4327408682945,24.3757179413665,24.3705324552306,24.4223754377718,24.4016414116675,24.5363372209139,24.417192326936,24.4482870367845,24.3601606905737,24.4120089523324,24.3912728154683,24.2304243670388,24.3860881214467,24.3912728154683,24.3601606905737,24.3497878691456,24.4482870367845,24.4327408682945,24.4120089523324,24.3705324552306,24.3082860095273,24.3446010620456,24.4690115721079,24.3549744119754,24.3446010620456,24.3549744119754,24.4327408682945,24.4379231880585,24.5363372209139,24.3601606905737,24.3549744119754,24.396457245529,24.2148448833435,24.3394139906367,24.4431052442089,24.4275582848784,24.3497878691456,24.4223754377718,24.417192326936,24.5311599032229,24.4534685658236,24.4638308334468,24.3912728154683,24.417192326936,24.3912728154683,24.4379231880585,24.4534685658236,24.4897318933139,24.4793722593216,24.5829212550199,24.417192326936,24.6450002255868,24.5000904743927,24.7587137017957,24.5104480028654,24.5052693701856,24.4897318933139,24.5000904743927,24.5052693701856,24.525982322611,24.6139654618445,24.5415142757223,24.6915346834782,24.5673956078683,24.6036184425424,24.5570438632356,24.5311599032229,24.5673956078683,24.5363372209139,24.5363372209139,24.6191385780148,24.5052693701856,24.6656848260024,24.5570438632356,24.6553430497988,24.6036184425424,24.6191385780148,24.6760255545029,24.6294840235847,24.6036184425424,24.6139654618445,24.6967038696157,24.9651418204509,24.954830304227,25.2020205629554,25.1145422104357,25.0939482126385,25.0578987516956,25.2020205629554,25.1968768433364,25.1711543738743,25.1660091054476,25.1351320700124
24.4638308334468,24.2252314710217,24.3238511901693,24.3757179413665,24.4120089523324,24.2563848704595,24.1265160139431,24.2252314710217,24.3030970868713,24.261576176083,24.266767216777,24.313474667603,24.3238511901693,24.3912728154683,24.3860881214467,24.3497878691456,24.4845522079513,24.3394139906367,24.2927184476639,24.3497878691456,24.396457245529,24.3497878691456,24.3186630611374,24.4431052442089,24.4120089523324,24.4016414116675,24.4690115721079,24.6450002255868,24.7070414568379,24.4897318933139,24.4845522079513,24.5104480028654,24.4327408682945,24.4741920473867,24.68119552596,24.4690115721079,24.5208044790397,24.5466910676864,24.4586498313649,24.5829212550199,24.2979078995965,24.4431052442089,24.525982322611,24.3342266548802,24.3653467049792,24.4638308334468,24.4690115721079,24.4120089523324,24.3497878691456,24.4638308334468,24.4741920473867,24.598444539334,24.5311599032229,24.4793722593216,24.4845522079513,24.5725710861868,24.396457245529,24.417192326936,24.4016414116675,24.4793722593216,24.525982322611,24.4741920473867,24.4586498313649,24.4120089523324,24.598444539334,24.417192326936,24.5673956078683,24.4690115721079,24.4845522079513,24.4741920473867,24.4690115721079,24.5052693701856,24.3860881214467,24.5104480028654,24.3082860095273,24.4068253139224,24.4638308334468,24.4534685658236,24.2511932998677,24.4016414116675,24.4068253139224,24.4016414116675,24.5466910676864,24.417192326936,24.4897318933139,24.5000904743927,24.4949113154483,24.3290390547373,24.4327408682945,24.4690115721079,24.4016414116675,24.3394139906367,24.3653467049792,24.4120089523324,24.525982322611,24.4431052442089,24.4482870367845,24.4379231880585,24.4793722593216,24.4845522079513,24.4534685658236,24.4690115721079,24.3705324552306,24.417192326936,24.4327408682945,24.5673956078683,24.3860881214467,24.5622198668973,24.4690115721079,24.4690115721079,24.5622198668973,24.5104480028654,24.5415142757223,24.4741920473867,24.4793722593216,24.5000904743927,24.6036184425424,24.5777463018912,24.5829212550199,24.5829212550199,24.5466910676864,24.5570438632356,24.6450002255868,24.5518675968447,24.5000904743927,24.6139654618445,24.3601606905737,24.3809031634257,24.417192326936,24.6087920833666,24.4690115721079,24.5415142757223,24.4897318933139,24.4482870367845,24.5363372209139,24.6863652356057,24.4845522079513,24.5000904743927,24.5311599032229,24.5673956078683,24.5415142757223,24.5466910676864,24.5000904743927,24.525982322611,24.3446010620456,24.4638308334468,24.5104480028654,24.4741920473867,24.3497878691456,24.4586498313649,24.3549744119754,24.4431052442089,24.4534685658236,24.3860881214467,24.3601606905737,24.2460014642685,24.3549744119754,24.3601606905737,24.3860881214467,24.3238511901693,24.261576176083,24.4016414116675,24.4586498313649,24.4741920473867,24.4223754377718,24.4068253139224,24.4690115721079,24.313474667603,24.3290390547373,24.3342266548802,24.2563848704595,24.4327408682945,24.3601606905737,24.3912728154683,24.4431052442089,24.4275582848784,24.3601606905737,24.3549744119754,24.3497878691456,24.3912728154683,24.417192326936,24.3809031634257,24.313474667603,24.4586498313649,24.3809031634257,24.313474667603,24.4068253139224,24.3705324552306,24.4327408682945,24.4016414116675,24.3860881214467,24.5104480028654,24.5570438632356,24.5052693701856,24.5000904743927,24.4845522079513,24.4379231880585,24.4741920473867,24.6863652356057,24.6863652356057,24.593270373703,24.4897318933139,24.5208044790397,24.4793722593216,24.5000904743927,24.5000904743927,24.5725710861868,24.5570438632356,24.5363372209139,24.68119552596,24.5673956078683,24.3809031634257,24.5363372209139,24.6346563530609,24.5415142757223,24.5311599032229,24.6605140688826,24.598444539334,24.4638308334468,24.5104480028654,24.6398284203822,24.6656848260024,24.7432147730614,24.7277134921382,24.7018727940562,24.6760255545029,24.6450002255868,24.6967038696157,24.6915346834782,24.918731811688,24.9599861922213,25.2225928617629,25.2071640245704,25.0939482126385,25.0887990663117,25.0939482126385,25.2071640245704,25.124837657352,25.1711543738743,25.1454254487159
24.2148448833435,24.3082860095273,24.313474667603,24.3601606905737,24.2823387496704,24.2927184476639,24.2771485035319,24.266767216777,24.3757179413665,24.1888737710728,24.0016855446331,24.3186630611374,24.19406852432,24.2563848704595,24.3549744119754,24.2408093636233,24.3394139906367,24.4482870367845,24.313474667603,24.2511932998677,24.4327408682945,24.3549744119754,24.3809031634257,24.3912728154683,24.4120089523324,24.396457245529,24.4897318933139,24.4741920473867,24.4431052442089,24.4638308334468,24.5777463018912,24.4586498313649,24.4793722593216,24.4379231880585,24.5000904743927,24.5156263724707,24.5518675968447,24.5363372209139,24.5104480028654,24.4690115721079,24.3705324552306,24.3809031634257,24.4431052442089,24.313474667603,24.3186630611374,24.313474667603,24.313474667603,24.3342266548802,24.4534685658236,24.4690115721079,24.3497878691456,24.4793722593216,24.3705324552306,24.5052693701856,24.4534685658236,24.5466910676864,24.4793722593216,24.4793722593216,24.4897318933139,24.4120089523324,24.4690115721079,24.5777463018912,24.4223754377718,24.4223754377718,24.4586498313649,24.4482870367845,24.4638308334468,24.3705324552306,24.4534685658236,24.4638308334468,24.4949113154483,24.4586498313649,24.3653467049792,24.3653467049792,24.5104480028654,24.4379231880585,24.4379231880585,24.3082860095273,24.4016414116675,24.3809031634257,24.4016414116675,24.3757179413665,24.4327408682945,24.396457245529,24.4897318933139,24.3809031634257,24.3705324552306,24.4638308334468,24.5052693701856,24.4431052442089,24.2979078995965,24.4379231880585,24.4068253139224,24.417192326936,24.4223754377718,24.4482870367845,24.4534685658236,24.2927184476639,24.4793722593216,24.4379231880585,24.3342266548802,24.3705324552306,24.5052693701856,24.3860881214467,24.3342266548802,24.4431052442089,24.3238511901693,24.4949113154483,24.4223754377718,24.4741920473867,24.4897318933139,24.4741920473867,24.5052693701856,24.5000904743927,24.5311599032229,24.5466910676864,24.5415142757223,24.5829212550199,24.6139654618445,24.7070414568379,24.593270373703,24.5570438632356,24.5725710861868,24.5570438632356,24.5415142757223,24.4016414116675,24.3809031634257,24.3030970868713,24.396457245529,24.4275582848784,24.3860881214467,24.4431052442089,24.4482870367845,24.4741920473867,24.4431052442089,24.4845522079513,24.4327408682945,24.4897318933139,24.5000904743927,24.5000904743927,24.5466910676864,24.5518675968447,24.6139654618445,24.5518675968447,24.5622198668973,24.5415142757223,24.4845522079513,24.4638308334468,24.4379231880585,24.4327408682945,24.4482870367845,24.4482870367845,24.4379231880585,24.5311599032229,24.4379231880585,24.3705324552306,24.3549744119754,24.3601606905737,24.3653467049792,24.4638308334468,24.4327408682945,24.4482870367845,24.4638308334468,24.3549744119754,24.2979078995965,24.4120089523324,24.3290390547373,24.266767216777,24.3497878691456,24.396457245529,24.4379231880585,24.3912728154683,24.4793722593216,24.4638308334468,24.4586498313649,24.525982322611,24.2875287310348,24.3705324552306,24.3705324552306,24.4431052442089,24.4793722593216,24.4275582848784,24.4379231880585,24.3186630611374,24.4845522079513,24.4327408682945,24.3809031634257,24.4327408682945,24.3238511901693,24.5725710861868,24.3549744119754,24.3860881214467,24.5052693701856,24.4016414116675,24.417192326936,24.4275582848784,24.4741920473867,24.588095945611,24.5052693701856,24.4845522079513,24.4949113154483,24.4275582848784,24.4949113154483,24.4016414116675,24.4068253139224,24.3809031634257,24.4845522079513,24.5725710861868,24.593270373703,24.6863652356057,24.3860881214467,24.4327408682945,24.5363372209139,24.5208044790397,24.5415142757223,24.5208044790397,24.5622198668973,24.4741920473867,24.6553430497988,24.6398284203822,24.5363372209139,24.6139654618445,24.6760255545029,24.6656848260024,24.6191385780148,24.6294840235847,24.588095945611,24.6087920833666,24.9290469664651,24.9496741564303,25.1145422104357,25.1042457289643,25.1865886299367,25.1917328656758,25.2534435750629,25.1814441360816,25.124837657352,25.2225928617629,25.1196900631945,25.1351320700124
24.3290390547373,24.4482870367845,24.4068253139224,24.3653467049792,24.261576176083,24.2252314710217,24.261576176083,24.3809031634257,24.1369116310709,24.261576176083,24.1421090408181,24.3030970868713,24.3082860095273,24.266767216777,24.3757179413665,24.3342266548802,24.2979078995965,24.3705324552306,24.3446010620456,24.3446010620456,24.3653467049792,24.3757179413665,24.396457245529,24.4068253139224,24.4741920473867,24.4327408682945,24.5208044790397,24.3394139906367,24.5000904743927,24.588095945611,24.4793722593216,24.417192326936,24.5104480028654,24.5622198668973,24.4793722593216,24.4690115721079,24.4690115721079,24.4949113154483,24.5052693701856,24.3860881214467,24.4120089523324,24.2875287310348,24.5156263724707,24.417192326936,24.396457245529,24.2563848704595,24.3653467049792,24.3601606905737,24.4845522079513,24.3497878691456,24.417192326936,24.4845522079513,24.4793722593216,24.4586498313649,24.4534685658236,24.4741920473867,24.5000904743927,24.5208044790397,24.4845522079513,24.5466910676864,24.4741920473867,24.4741920473867,24.4949113154483,24.4949113154483,24.4897318933139,24.3912728154683,24.3912728154683,24.3705324552306,24.4638308334468,24.4431052442089,24.5104480028654,24.3860881214467,24.4949113154483,24.4431052442089,24.4534685658236,24.4690115721079,24.4638308334468,24.4949113154483,24.4949113154483,24.5000904743927,24.525982322611,24.3757179413665,24.525982322611,24.4638308334468,24.4586498313649,24.4897318933139,24.3912728154683,24.4327408682945,24.4120089523324,24.4638308334468,24.3290390547373,24.417192326936,24.4845522079513,24.3705324552306,24.4741920473867,24.417192326936,24.417192326936,24.525982322611,24.4431052442089,24.4120089523324,24.4431052442089,24.3497878691456,24.4327408682945,24.3394139906367,24.4431052442089,24.3653467049792,24.3497878691456,24.3705324552306,24.5208044790397,24.4431052442089,24.4949113154483,24.4482870367845,24.5052693701856,24.6036184425424,24.5518675968447,24.4690115721079,24.4845522079513,24.588095945611,24.4793722593216,24.4327408682945,24.5725710861868,24.593270373703,24.4223754377718,24.6450002255868,24.5725710861868,24.5829212550199,24.4845522079513,24.3860881214467,24.396457245529,24.5208044790397,24.598444539334,24.4482870367845,24.525982322611,24.3912728154683,24.4379231880585,24.5000904743927,24.4949113154483,24.5777463018912,24.4845522079513,24.4431052442089,24.6191385780148,24.5466910676864,24.4949113154483,24.593270373703,24.6708553211965,24.5622198668973,24.5000904743927,24.4793722593216,24.4275582848784,24.4897318933139,24.5622198668973,24.5673956078683,24.5104480028654,24.4431052442089,24.4482870367845,24.4741920473867,24.4379231880585,24.3809031634257,24.3809031634257,24.4638308334468,24.4431052442089,24.4690115721079,24.4690115721079,24.4586498313649,24.4690115721079,24.3290390547373,24.3549744119754,24.4223754377718,24.3342266548802,24.4793722593216,24.3860881214467,24.4482870367845,24.4120089523324,24.4431052442089,24.3653467049792,24.3342266548802,24.4327408682945,24.4223754377718,24.3757179413665,24.4327408682945,24.3549744119754,24.4379231880585,24.4949113154483,24.3705324552306,24.4275582848784,24.5311599032229,24.5208044790397,24.5466910676864,24.4223754377718,24.4793722593216,24.4275582848784,24.417192326936,24.5000904743927,24.4897318933139,24.4949113154483,24.5000904743927,24.4327408682945,24.525982322611,24.5829212550199,24.4949113154483,24.5466910676864,24.5777463018912,24.4223754377718,24.4379231880585,24.5311599032229,24.5104480028654,24.4638308334468,24.7018727940562,24.588095945611,24.5725710861868,24.5725710861868,24.5156263724707,24.7380479408253,24.5725710861868,24.593270373703,24.6760255545029,24.6450002255868,24.6398284203822,24.5777463018912,24.6553430497988,24.6450002255868,24.8929393729232,24.8000326866343,24.7742102793675,24.7432147730614,24.6760255545029,24.6243114319154,24.7535476535085,24.9238895190908,25.1042457289643,25.1351320700124,25.1299849929454,25.124837657352,25.2483024338098,25.2483024338098,25.1968768433364,25.1196900631945,25.2225928617629,25.3613480855689,25.2997022573604
24.313474667603,24.313474667603,24.2408093636233,24.261576176083,24.261576176083,24.3030970868713,24.2771485035319,24.2563848704595,24.1473061847397,24.2927184476639,24.2460014642685,24.2979078995965,24.2719579925803,24.3342266548802,24.266767216777,24.3394139906367,24.4016414116675,24.3601606905737,24.3290390547373,24.3082860095273,24.4275582848784,24.2979078995965,24.3809031634257,24.4379231880585,24.5415142757223,24.396457245529,24.4897318933139,24.5311599032229,24.3186630611374,24.6501717687129,24.5000904743927,24.5208044790397,24.5415142757223,24.5052693701856,24.4586498313649,24.5466910676864,24.4845522079513,24.4845522079513,24.5104480028654,24.3653467049792,24.4482870367845,24.3238511901693,24.2719579925803,24.3757179413665,24.1576996752618,24.1784834681163,24.1628960219406,24.1576996752618,24.1888737710728,24.3705324552306,24.3549744119754,24.3601606905737,24.4586498313649,24.4327408682945,24.4482870367845,24.4482870367845,24.5156263724707,24.4586498313649,24.4638308334468,24.5518675968447,24.4897318933139,24.4741920473867,24.4586498313649,24.4845522079513,24.396457245529,24.3757179413665,24.4690115721079,24.417192326936,24.4534685658236,24.5000904743927,24.5156263724707,24.5104480028654,24.5104480028654,24.4845522079513,24.3860881214467,24.3912728154683,24.4016414116675,24.4482870367845,24.4327408682945,24.3757179413665,24.4327408682945,24.4845522079513,24.4431052442089,24.4845522079513,24.3912728154683,24.4327408682945,24.3912728154683,24.3497878691456,24.3497878691456,24.4379231880585,24.313474667603,24.3601606905737,24.4016414116675,24.396457245529,24.4741920473867,24.3446010620456,24.4482870367845,24.4120089523324,24.4275582848784,24.4741920473867,24.4534685658236,24.3446010620456,24.4534685658236,24.4431052442089,24.4431052442089,24.4534685658236,24.4586498313649,24.396457245529,24.588095945611,24.4120089523324,24.4534685658236,24.4431052442089,24.3446010620456,24.4949113154483,24.5570438632356,24.4482870367845,24.5415142757223,24.5415142757223,24.5518675968447,24.5673956078683,24.7277134921382,24.6501717687129,24.6139654618445,24.68119552596,24.6708553211965,24.6294840235847,24.4897318933139,24.4482870367845,24.5000904743927,24.5363372209139,24.4586498313649,24.4845522079513,24.3757179413665,24.3757179413665,24.5104480028654,24.5000904743927,24.4534685658236,24.4845522079513,24.5415142757223,24.593270373703,24.5208044790397,24.4793722593216,24.4327408682945,24.5104480028654,24.5156263724707,24.5311599032229,24.4068253139224,24.5156263724707,24.5000904743927,24.5622198668973,24.4534685658236,24.5725710861868,24.5570438632356,24.588095945611,24.5622198668973,24.3757179413665,24.4741920473867,24.3757179413665,24.4120089523324,24.5622198668973,24.4638308334468,24.4586498313649,24.4793722593216,24.3653467049792,24.5725710861868,24.4897318933139,24.2979078995965,24.3757179413665,24.3394139906367,24.3912728154683,24.4586498313649,24.5725710861868,24.4690115721079,24.5777463018912,24.6087920833666,24.5622198668973,24.4016414116675,24.4223754377718,24.4638308334468,24.3705324552306,24.3497878691456,24.3030970868713,24.396457245529,24.5104480028654,24.4690115721079,24.4534685658236,24.4690115721079,24.4016414116675,24.3497878691456,24.4016414116675,24.4327408682945,24.4068253139224,24.4068253139224,24.5622198668973,24.4586498313649,24.5363372209139,24.4845522079513,24.6139654618445,24.5673956078683,24.4897318933139,24.5156263724707,24.5570438632356,24.5466910676864,24.3809031634257,24.4845522079513,24.4690115721079,24.5673956078683,24.5466910676864,24.588095945611,24.5622198668973,24.5156263724707,24.5518675968447,24.6450002255868,24.5777463018912,24.4845522079513,24.5725710861868,24.5829212550199,24.6346563530609,24.598444539334,24.4638308334468,24.6708553211965,24.7793752829217,24.6708553211965,24.68119552596,24.6243114319154,24.6191385780148,24.6967038696157,24.6243114319154,24.9084156166453,24.9754522977662,25.1814441360816,25.1196900631945,25.2020205629554,25.1557177937613,25.1196900631945,25.2020205629554,25.258584458684,25.14027888859,25.1454254487159,25.1454254487159
24.5570438632356,24.3238511901693,24.16809210295,24.2719579925803,24.2460014642685,24.2511932998677,24.4431052442089,24.3912728154683,24.4068253139224,24.2719579925803,24.2304243670388,24.2304243670388,24.3186630611374,24.266767216777,24.3342266548802,24.4379231880585,24.4327408682945,24.3549744119754,24.4223754377718,24.4223754377718,24.4120089523324,24.2979078995965,24.4431052442089,24.5466910676864,24.4482870367845,24.5415142757223,24.4897318933139,24.4431052442089,24.5000904743927,24.5000904743927,24.5052693701856,24.5311599032229,24.5466910676864,24.5208044790397,24.5415142757223,24.5156263724707,24.4586498313649,24.4534685658236,24.5052693701856,24.4897318933139,24.4534685658236,24.3290390547373,24.2823387496704,24.313474667603,24.2875287310348,24.1576996752618,24.1784834681163,24.3757179413665,24.4482870367845,24.3705324552306,24.4431052442089,24.4534685658236,24.4793722593216,24.417192326936,24.4379231880585,24.5311599032229,24.3497878691456,24.3290390547373,24.5156263724707,24.4638308334468,24.5311599032229,24.593270373703,24.4586498313649,24.4275582848784,24.2563848704595,24.3757179413665,24.4741920473867,24.4897318933139,24.5052693701856,24.525982322611,24.5311599032229,24.5052693701856,24.5363372209139,24.525982322611,24.5311599032229,24.3342266548802,24.4327408682945,24.4845522079513,24.5415142757223,24.4223754377718,24.525982322611,24.5518675968447,24.4379231880585,24.5415142757223,24.5622198668973,24.5104480028654,24.3601606905737,24.3394139906367,24.4949113154483,24.4741920473867,24.4068253139224,24.396457245529,24.3809031634257,24.4482870367845,24.3601606905737,24.4327408682945,24.3757179413665,24.4016414116675,24.3653467049792,24.3549744119754,24.3549744119754,24.5156263724707,24.4534685658236,24.4741920473867,24.5000904743927,24.4534685658236,24.4534685658236,24.4586498313649,24.5104480028654,24.5363372209139,24.5000904743927,24.4534685658236,24.5311599032229,24.5622198668973,24.5363372209139,24.5363372209139,24.5311599032229,24.5208044790397,24.5052693701856,24.5777463018912,24.5415142757223,24.5518675968447,24.5829212550199,24.8155229994525,24.68119552596,24.5415142757223,24.6191385780148,24.4120089523324,24.5673956078683,24.4638308334468,24.4897318933139,24.396457245529,24.4379231880585,24.4016414116675,24.417192326936,24.3860881214467,24.417192326936,24.4793722593216,24.525982322611,24.5570438632356,24.5363372209139,24.6243114319154,24.525982322611,24.5104480028654,24.5208044790397,24.5208044790397,24.5570438632356,24.5725710861868,24.5052693701856,24.4949113154483,24.5363372209139,24.5777463018912,24.4638308334468,24.4534685658236,24.4534685658236,24.4379231880585,24.3912728154683,24.2460014642685,24.3653467049792,24.3446010620456,24.3549744119754,24.3912728154683,24.396457245529,24.4897318933139,24.3860881214467,24.3809031634257,24.3394139906367,24.3290390547373,24.2563848704595,24.3497878691456,24.3860881214467,24.417192326936,24.5518675968447,24.5725710861868,24.5208044790397,24.3653467049792,24.5000904743927,24.4275582848784,24.5156263724707,24.5052693701856,24.3030970868713,24.313474667603,24.4586498313649,24.4586498313649,24.4223754377718,24.4534685658236,24.3912728154683,24.5208044790397,24.5208044790397,24.5466910676864,24.4897318933139,24.3757179413665,24.4741920473867,24.4897318933139,24.3601606905737,24.5518675968447,24.4638308334468,24.5104480028654,24.5156263724707,24.5363372209139,24.4845522079513,24.5311599032229,24.5673956078683,24.5518675968447,24.5777463018912,24.4845522079513,24.4379231880585,24.5104480028654,24.4897318933139,24.4120089523324,24.4586498313649,24.6191385780148,24.6243114319154,24.5415142757223,24.4949113154483,24.5777463018912,24.5777463018912,24.6087920833666,24.6760255545029,24.4793722593216,24.7328808471969,24.6760255545029,24.6760255545029,24.6294840235847,24.6139654618445,24.8516579356668,24.598444539334,24.593270373703,25.1093940990381,25.0578987516956,25.1454254487159,25.1351320700124,25.1814441360816,25.1762993840732,25.1917328656758,25.14027888859,25.14027888859,25.1608635787557,25.1711543738743,25.2380193782588
24.4379231880585,24.313474667603,24.1369116310709,24.1888737710728,24.2979078995965,24.4120089523324,24.3912728154683,24.4431052442089,24.4534685658236,24.1473061847397,24.1888737710728,24.2511932998677,24.235616997893,24.2927184476639,24.3342266548802,24.3082860095273,24.313474667603,24.396457245529,24.4275582848784,24.2771485035319,24.4275582848784,24.4586498313649,24.4482870367845,24.3601606905737,24.5415142757223,24.4223754377718,24.5052693701856,24.4638308334468,24.525982322611,24.5104480028654,24.5000904743927,24.5104480028654,24.5052693701856,24.3860881214467,24.4949113154483,24.4897318933139,24.4120089523324,24.4741920473867,24.3082860095273,24.3860881214467,24.313474667603,24.4638308334468,24.3912728154683,24.396457245529,24.3030970868713,24.4431052442089,24.3082860095273,24.4275582848784,24.4534685658236,24.4534685658236,24.4482870367845,24.3705324552306,24.4379231880585,24.4949113154483,24.4793722593216,24.4016414116675,24.3860881214467,24.4638308334468,24.4120089523324,24.4431052442089,24.3601606905737,24.417192326936,24.4431052442089,24.261576176083,24.4068253139224,24.4586498313649,24.4275582848784,24.5104480028654,24.5000904743927,24.5208044790397,24.5777463018912,24.4897318933139,24.4223754377718,24.4897318933139,24.4845522079513,24.4741920473867,24.3446010620456,24.4431052442089,24.5570438632356,24.525982322611,24.5000904743927,24.4431052442089,24.4379231880585,24.525982322611,24.5829212550199,24.5570438632356,24.5570438632356,24.4482870367845,24.417192326936,24.5052693701856,24.3912728154683,24.5518675968447,24.5570438632356,24.5363372209139,24.3601606905737,24.3653467049792,24.3757179413665,24.4482870367845,24.4327408682945,24.4016414116675,24.4275582848784,24.4327408682945,24.4586498313649,24.4431052442089,24.3705324552306,24.4690115721079,24.3653467049792,24.4586498313649,24.4482870367845,24.5415142757223,24.4741920473867,24.5777463018912,24.5415142757223,24.3290390547373,24.5208044790397,24.5622198668973,24.5518675968447,24.5363372209139,24.4741920473867,24.5777463018912,24.4482870367845,24.6708553211965,24.6139654618445,24.6760255545029,24.6656848260024,24.6243114319154,24.5673956078683,24.5673956078683,24.4534685658236,24.4482870367845,24.5466910676864,24.4016414116675,24.3757179413665,24.3912728154683,24.4482870367845,24.4379231880585,24.3757179413665,24.4482870367845,24.4949113154483,24.4586498313649,24.4534685658236,24.5104480028654,24.6294840235847,24.4379231880585,24.5000904743927,24.5466910676864,24.5104480028654,24.5622198668973,24.5622198668973,24.5673956078683,24.5777463018912,24.5673956078683,24.4949113154483,24.5829212550199,24.5104480028654,24.3549744119754,24.4431052442089,24.3653467049792,24.3860881214467,24.4327408682945,24.3394139906367,24.3446010620456,24.5052693701856,24.4741920473867,24.5415142757223,24.3497878691456,24.4016414116675,24.3446010620456,24.3601606905737,24.2771485035319,24.5466910676864,24.4327408682945,24.4845522079513,24.4327408682945,24.6605140688826,24.4897318933139,24.4016414116675,24.4379231880585,24.4586498313649,24.4586498313649,24.313474667603,24.3394139906367,24.3394139906367,24.3912728154683,24.4327408682945,24.4638308334468,24.5052693701856,24.5208044790397,24.5415142757223,24.5156263724707,24.4586498313649,24.4690115721079,24.5725710861868,24.5311599032229,24.5156263724707,24.5311599032229,24.4379231880585,24.598444539334,24.4741920473867,24.6191385780148,24.588095945611,24.5104480028654,24.4741920473867,24.4638308334468,24.3809031634257,24.5000904743927,24.5208044790397,24.3912728154683,24.3860881214467,24.5311599032229,24.4327408682945,24.4223754377718,24.5104480028654,24.4638308334468,24.4793722593216,24.5725710861868,24.588095945611,24.5622198668973,24.6087920833666,24.6760255545029,24.7690450146872,24.6708553211965,24.6087920833666,24.6191385780148,24.7638794888426,24.6243114319154,24.68119552596,24.86197985757,24.8568190268782,25.1762993840732,25.0372933614365,25.1351320700124,25.1762993840732,25.1196900631945,25.1865886299367,25.1968768433364,25.2071640245704,25.1145422104357,25.3613480855689,25.2123072282184
24.4379231880585,24.2252314710217,24.3497878691456,24.2979078995965,24.3860881214467,24.4586498313649,24.417192326936,24.4534685658236,24.4482870367845,24.4327408682945,24.3601606905737,24.2408093636233,24.2719579925803,24.2875287310348,24.1784834681163,24.3549744119754,24.313474667603,24.4327408682945,24.4327408682945,24.5156263724707,24.5208044790397,24.4431052442089,24.5311599032229,24.5622198668973,24.5622198668973,24.4845522079513,24.4949113154483,24.5518675968447,24.3860881214467,24.5104480028654,24.5104480028654,24.5000904743927,24.4223754377718,24.4586498313649,24.4638308334468,24.525982322611,24.588095945611,24.4638308334468,24.5156263724707,24.525982322611,24.4949113154483,24.4690115721079,24.4482870367845,24.3342266548802,24.3186630611374,24.3549744119754,24.4327408682945,24.4431052442089,24.417192326936,24.4068253139224,24.5156263724707,24.4741920473867,24.4534685658236,24.4482870367845,24.4482870367845,24.5208044790397,24.417192326936,24.4431052442089,24.4223754377718,24.3394139906367,24.5415142757223,24.5000904743927,24.4897318933139,24.5104480028654,24.4949113154483,24.4327408682945,24.4586498313649,24.5208044790397,24.5052693701856,24.4741920473867,24.4638308334468,24.4793722593216,24.4068253139224,24.525982322611,24.4327408682945,24.4275582848784,24.5415142757223,24.4379231880585,24.4482870367845,24.5208044790397,24.4638308334468,24.5622198668973,24.5466910676864,24.5415142757223,24.4949113154483,24.5156263724707,24.5156263724707,24.4949113154483,24.4327408682945,24.4638308334468,24.3912728154683,24.3809031634257,24.5000904743927,24.3653467049792,24.4534685658236,24.4120089523324,24.4120089523324,24.417192326936,24.417192326936,24.4845522079513,24.4223754377718,24.4275582848784,24.4638308334468,24.5104480028654,24.417192326936,24.4638308334468,24.3497878691456,24.5311599032229,24.4690115721079,24.6087920833666,24.5829212550199,24.5466910676864,24.5363372209139,24.4741920473867,24.5208044790397,24.5104480028654,24.5673956078683,24.5673956078683,24.5000904743927,24.5363372209139,24.5104480028654,24.4897318933139,24.5466910676864,24.5052693701856,24.6450002255868,24.6346563530609,24.5725710861868,24.5725710861868,24.525982322611,24.5518675968447,24.5725710861868,24.4534685658236,24.4016414116675,24.3601606905737,24.4068253139224,24.4638308334468,24.5156263724707,24.4793722593216,24.4690115721079,24.5000904743927,24.5673956078683,24.6087920833666,24.5415142757223,24.5156263724707,24.525982322611,24.5311599032229,24.4638308334468,24.5466910676864,24.4897318933139,24.5570438632356,24.4949113154483,24.5000904743927,24.5000904743927,24.5725710861868,24.4897318933139,24.4741920473867,24.5363372209139,24.4016414116675,24.3394139906367,24.3186630611374,24.3342266548802,24.3497878691456,24.3238511901693,24.3757179413665,24.5104480028654,24.5000904743927,24.3705324552306,24.3238511901693,24.3342266548802,24.3394139906367,24.4275582848784,24.4793722593216,24.4431052442089,24.4741920473867,24.4327408682945,24.5777463018912,24.5725710861868,24.5156263724707,24.5000904743927,24.4949113154483,24.4431052442089,24.5000904743927,24.4534685658236,24.4431052442089,24.4016414116675,24.4586498313649,24.525982322611,24.417192326936,24.6915346834782,24.4949113154483,24.5000904743927,24.5156263724707,24.4690115721079,24.4586498313649,24.593270373703,24.5570438632356,24.5363372209139,24.6036184425424,24.6346563530609,24.5156263724707,24.5000904743927,24.6656848260024,24.4949113154483,24.5570438632356,24.5104480028654,24.5673956078683,24.6294840235847,24.5156263724707,24.588095945611,24.525982322611,24.396457245529,24.4741920473867,24.593270373703,24.5363372209139,24.5104480028654,24.588095945611,24.5415142757223,24.4431052442089,24.6708553211965,24.6553430497988,24.6346563530609,24.7638794888426,24.6708553211965,24.6760255545029,24.6501717687129,24.68119552596,24.7122098579989,24.7742102793675,24.9084156166453,25.0733500742259,25.2020205629554,25.2174501739369,25.1711543738743,25.1093940990381,25.2225928617629,25.2277352917338,25.2328774638867,25.2277352917338,25.2020205629554,25.1608635787557
24.2304243670388,24.3549744119754,24.3342266548802,24.2563848704595,24.396457245529,24.4586498313649,24.3860881214467,24.4586498313649,24.3757179413665,24.4016414116675,24.4223754377718,24.4586498313649,24.3082860095273,24.3290390547373,24.313474667603,24.3186630611374,24.4949113154483,24.4897318933139,24.417192326936,24.6605140688826,24.6605140688826,24.5052693701856,24.598444539334,24.4482870367845,24.5622198668973,24.4431052442089,24.3757179413665,24.4897318933139,24.3757179413665,24.5052693701856,24.4586498313649,24.5208044790397,24.313474667603,24.6398284203822,24.525982322611,24.6087920833666,24.4741920473867,24.5000904743927,24.6191385780148,24.5156263724707,24.4845522079513,24.3290390547373,24.313474667603,24.220038309803,24.3497878691456,24.3912728154683,24.396457245529,24.396457245529,24.3860881214467,24.5518675968447,24.6294840235847,24.4690115721079,24.3238511901693,24.3290390547373,24.3653467049792,24.3809031634257,24.2252314710217,24.4586498313649,24.4275582848784,24.4586498313649,24.4793722593216,24.4949113154483,24.5311599032229,24.4120089523324,24.4586498313649,24.4897318933139,24.5208044790397,24.4793722593216,24.4793722593216,24.3446010620456,24.4482870367845,24.4793722593216,24.4845522079513,24.4845522079513,24.5104480028654,24.4120089523324,24.5415142757223,24.4068253139224,24.5415142757223,24.525982322611,24.4741920473867,24.5311599032229,24.5363372209139,24.5311599032229,24.4586498313649,24.5311599032229,24.6553430497988,24.4379231880585,24.5000904743927,24.417192326936,24.5415142757223,24.4586498313649,24.5156263724707,24.4690115721079,24.4586498313649,24.3186630611374,24.3497878691456,24.3912728154683,24.3912728154683,24.3809031634257,24.4068253139224,24.4586498313649,24.4949113154483,24.4949113154483,24.4793722593216,24.5052693701856,24.3757179413665,24.5363372209139,24.5570438632356,24.4845522079513,24.5052693701856,24.525982322611,24.5466910676864,24.5104480028654,24.5518675968447,24.525982322611,24.5622198668973,24.4690115721079,24.5725710861868,24.5570438632356,24.4741920473867,24.6450002255868,24.5052693701856,24.6191385780148,24.5777463018912,24.5829212550199,24.5570438632356,24.6760255545029,24.6450002255868,24.6139654618445,24.4586498313649,24.4586498313649,24.1525030628745,24.3446010620456,24.4223754377718,24.417192326936,24.4016414116675,24.5052693701856,24.5363372209139,24.6605140688826,24.4379231880585,24.6294840235847,24.6398284203822,24.3342266548802,24.5311599032229,24.5829212550199,24.5777463018912,24.5052693701856,24.5673956078683,24.4690115721079,24.4897318933139,24.4845522079513,24.4482870367845,24.5000904743927,24.5570438632356,24.4741920473867,24.5673956078683,24.5673956078683,24.5725710861868,24.5208044790397,24.5415142757223,24.417192326936,24.4586498313649,24.4379231880585,24.5000904743927,24.3705324552306,24.3186630611374,24.3809031634257,24.4741920473867,24.3549744119754,24.4275582848784,24.4379231880585,24.4482870367845,24.6036184425424,24.4327408682945,24.4327408682945,24.4275582848784,24.5208044790397,24.5725710861868,24.5156263724707,24.4949113154483,24.3860881214467,24.4275582848784,24.525982322611,24.5208044790397,24.5311599032229,24.4068253139224,24.4534685658236,24.4897318933139,24.5208044790397,24.5363372209139,24.5725710861868,24.5415142757223,24.5000904743927,24.4586498313649,24.5415142757223,24.5363372209139,24.6139654618445,24.6294840235847,24.598444539334,24.4949113154483,24.5466910676864,24.6605140688826,24.5466910676864,24.6087920833666,24.5104480028654,24.5363372209139,24.5518675968447,24.6346563530609,24.5052693701856,24.525982322611,24.5208044790397,24.6036184425424,24.5156263724707,24.417192326936,24.5570438632356,24.5673956078683,24.593270373703,24.5518675968447,24.6346563530609,24.6191385780148,24.6501717687129,24.6243114319154,24.6501717687129,24.6139654618445,24.6760255545029,24.6501717687129,24.8980983810354,24.8980983810354,25.0372933614365,25.0990971001769,25.1042457289643,25.1093940990381,25.14027888859,25.0836496611589,25.1557177937613,25.0424450977087,25.2123072282184,25.14027888859,25.1711543738743
24.2304243670388,24.3446010620456,24.3394139906367,24.3653467049792,24.3342266548802,24.4586498313649,24.4431052442089,24.4690115721079,24.4482870367845,24.3912728154683,24.3653467049792,24.5208044790397,24.4223754377718,24.3290390547373,24.3757179413665,24.3912728154683,24.4431052442089,24.4379231880585,24.4275582848784,24.4638308334468,24.6553430497988,24.5104480028654,24.4949113154483,24.4586498313649,24.5415142757223,24.4120089523324,24.4586498313649,24.4586498313649,24.4431052442089,24.5052693701856,24.417192326936,24.5156263724707,24.4897318933139,24.4897318933139,24.6087920833666,24.5518675968447,24.5311599032229,24.6450002255868,24.6243114319154,24.5000904743927,24.4741920473867,24.3394139906367,24.3290390547373,24.3446010620456,24.3601606905737,24.4327408682945,24.4379231880585,24.4379231880585,24.5570438632356,24.5415142757223,24.4534685658236,24.593270373703,24.4482870367845,24.4482870367845,24.5311599032229,24.3757179413665,24.4586498313649,24.4379231880585,24.4793722593216,24.4379231880585,24.5311599032229,24.4223754377718,24.4327408682945,24.4638308334468,24.4223754377718,24.4120089523324,24.3860881214467,24.5052693701856,24.4897318933139,24.4793722593216,24.4741920473867,24.4586498313649,24.5000904743927,24.5156263724707,24.4223754377718,24.3290390547373,24.5104480028654,24.4845522079513,24.5208044790397,24.5363372209139,24.4431052442089,24.4431052442089,24.525982322611,24.5415142757223,24.5415142757223,24.4690115721079,24.6191385780148,24.5052693701856,24.5363372209139,24.5622198668973,24.4534685658236,24.4690115721079,24.5622198668973,24.4586498313649,24.3238511901693,24.3446010620456,24.3394139906367,24.4949113154483,24.4482870367845,24.4223754377718,24.4690115721079,24.417192326936,24.4741920473867,24.3809031634257,24.4690115721079,24.5311599032229,24.4068253139224,24.4638308334468,24.4845522079513,24.5000904743927,24.5829212550199,24.5777463018912,24.5673956078683,24.5673956078683,24.5466910676864,24.5415142757223,24.5363372209139,24.5311599032229,24.525982322611,24.5570438632356,24.5156263724707,24.5777463018912,24.5104480028654,24.4897318933139,24.4741920473867,24.5829212550199,24.6501717687129,24.68119552596,24.6243114319154,24.5466910676864,24.4482870367845,24.3705324552306,24.4016414116675,24.3705324552306,24.4586498313649,24.3809031634257,24.5466910676864,24.5415142757223,24.5518675968447,24.588095945611,24.5466910676864,24.5777463018912,24.525982322611,24.4690115721079,24.4741920473867,24.6087920833666,24.4586498313649,24.5311599032229,24.5518675968447,24.4586498313649,24.5570438632356,24.5052693701856,24.5104480028654,24.4793722593216,24.4845522079513,24.4949113154483,24.5466910676864,24.5673956078683,24.5725710861868,24.4690115721079,24.4845522079513,24.4223754377718,24.3497878691456,24.4379231880585,24.4741920473867,24.2979078995965,24.313474667603,24.3186630611374,24.3653467049792,24.6087920833666,24.3860881214467,24.417192326936,24.4223754377718,24.4379231880585,24.4482870367845,24.4327408682945,24.5311599032229,24.4223754377718,24.417192326936,24.417192326936,24.5000904743927,24.396457245529,24.3342266548802,24.4016414116675,24.5363372209139,24.4482870367845,24.4223754377718,24.4897318933139,24.417192326936,24.4482870367845,24.4897318933139,24.4845522079513,24.593270373703,24.5725710861868,24.598444539334,24.6139654618445,24.5570438632356,24.6087920833666,24.5208044790397,24.6087920833666,24.5156263724707,24.5208044790397,24.5000904743927,24.4897318933139,24.5777463018912,24.5466910676864,24.5104480028654,24.6139654618445,24.6139654618445,24.5156263724707,24.5311599032229,24.525982322611,24.5518675968447,24.5466910676864,24.525982322611,24.588095945611,24.5208044790397,24.5052693701856,24.598444539334,24.6139654618445,24.6760255545029,24.6501717687129,24.598444539334,24.6450002255868,24.6139654618445,24.6087920833666,24.8774607869049,24.8723007375455,25.0475965748176,24.9032571289301,25.0733500742259,25.2431610348875,25.1042457289643,25.2277352917338,25.0733500742259,25.1454254487159,25.258584458684,25.1865886299367,25.2483024338098,25.1093940990381
24.3394139906367,24.4379231880585,24.5104480028654,24.4690115721079,24.4534685658236,24.4379231880585,24.3860881214467,24.4586498313649,24.4379231880585,24.3705324552306,24.3497878691456,24.4638308334468,24.3809031634257,24.5156263724707,24.4638308334468,24.2511932998677,24.4845522079513,24.4327408682945,24.5052693701856,24.5000904743927,24.5104480028654,24.5622198668973,24.4638308334468,24.4586498313649,24.4690115721079,24.4534685658236,24.5570438632356,24.417192326936,24.525982322611,24.6191385780148,24.5518675968447,24.5311599032229,24.5570438632356,24.4949113154483,24.5415142757223,24.4741920473867,24.4638308334468,24.6191385780148,24.5725710861868,24.4586498313649,24.4016414116675,24.3394139906367,24.4949113154483,24.5052693701856,24.3705324552306,24.4016414116675,24.3809031634257,24.4223754377718,24.5570438632356,24.4638308334468,24.5104480028654,24.5725710861868,24.6243114319154,24.5518675968447,24.525982322611,24.5208044790397,24.3705324552306,24.3653467049792,24.5156263724707,24.4327408682945,24.4741920473867,24.4741920473867,24.5104480028654,24.4793722593216,24.4949113154483,24.417192326936,24.4068253139224,24.5673956078683,24.4949113154483,24.4897318933139,24.4016414116675,24.4949113154483,24.5518675968447,24.5777463018912,24.5311599032229,24.5363372209139,24.5208044790397,24.5415142757223,24.5104480028654,24.4949113154483,24.5363372209139,24.4275582848784,24.3549744119754,24.4638308334468,24.4690115721079,24.4586498313649,24.5415142757223,24.4379231880585,24.4690115721079,24.5777463018912,24.5466910676864,24.5777463018912,24.4586498313649,24.4845522079513,24.4223754377718,24.3809031634257,24.3601606905737,24.3446010620456,24.4327408682945,24.3549744119754,24.3653467049792,24.3912728154683,24.417192326936,24.4897318933139,24.4223754377718,24.4482870367845,24.4016414116675,24.3601606905737,24.5829212550199,24.4793722593216,24.5311599032229,24.3549744119754,24.4586498313649,24.525982322611,24.5363372209139,24.5725710861868,24.5363372209139,24.5363372209139,24.4741920473867,24.5311599032229,24.4690115721079,24.4897318933139,24.4845522079513,24.6036184425424,24.7587137017957,24.6450002255868,24.6139654618445,24.5311599032229,24.5518675968447,24.5156263724707,24.4638308334468,24.4793722593216,24.4638308334468,24.4016414116675,24.5052693701856,24.5570438632356,24.4275582848784,24.4897318933139,24.4223754377718,24.4016414116675,24.4016414116675,24.68119552596,24.5570438632356,24.588095945611,24.588095945611,24.4741920473867,24.4586498313649,24.6450002255868,24.5570438632356,24.5208044790397,24.5829212550199,24.4638308334468,24.5104480028654,24.5466910676864,24.4845522079513,24.5829212550199,24.4949113154483,24.5725710861868,24.5622198668973,24.4845522079513,24.5363372209139,24.4586498313649,24.4586498313649,24.5311599032229,24.3757179413665,24.3446010620456,24.3497878691456,24.3653467049792,24.3497878691456,24.4638308334468,24.4534685658236,24.5415142757223,24.593270373703,24.4482870367845,24.6294840235847,24.4431052442089,24.4379231880585,24.3290390547373,24.396457245529,24.4016414116675,24.5415142757223,24.4327408682945,24.4638308334468,24.4534685658236,24.4431052442089,24.5104480028654,24.4482870367845,24.4016414116675,24.4897318933139,24.4379231880585,24.4534685658236,24.6139654618445,24.6087920833666,24.6243114319154,24.5622198668973,24.598444539334,24.6036184425424,24.598444539334,24.6191385780148,24.6294840235847,24.5777463018912,24.396457245529,24.5104480028654,24.5570438632356,24.5104480028654,24.68119552596,24.5052693701856,24.5156263724707,24.5622198668973,24.598444539334,24.6243114319154,24.5518675968447,24.7122098579989,24.6243114319154,24.4275582848784,24.598444539334,24.598444539334,24.5777463018912,24.5466910676864,24.6139654618445,24.6915346834782,24.6863652356057,24.6501717687129,24.6139654618445,24.6346563530609,24.7328808471969,24.9651418204509,25.0166838239645,25.0939482126385,25.1145422104357,25.1968768433364,25.1917328656758,25.1196900631945,25.1917328656758,25.1660091054476,25.2483024338098,25.2020205629554,25.2328774638867,25.3305297988212,25.3408035889768
24.1576996752618,24.4016414116675,24.5570438632356,24.5156263724707,24.4327408682945,24.3705324552306,24.4223754377718,24.3757179413665,24.3757179413665,24.5156263724707,24.3549744119754,24.4482870367845,24.3757179413665,24.3705324552306,24.3394139906367,24.3497878691456,24.3705324552306,24.4120089523324,24.3446010620456,24.3757179413665,24.3860881214467,24.4638308334468,24.4482870367845,24.5777463018912,24.5622198668973,24.5570438632356,24.5000904743927,24.5622198668973,24.4741920473867,24.5570438632356,24.5518675968447,24.5311599032229,24.5570438632356,24.5622198668973,24.5415142757223,24.5466910676864,24.5622198668973,24.5829212550199,24.5208044790397,24.4741920473867,24.3394139906367,24.4327408682945,24.4586498313649,24.4275582848784,24.313474667603,24.3342266548802,24.3705324552306,24.3446010620456,24.4897318933139,24.593270373703,24.4379231880585,24.4793722593216,24.4793722593216,24.4431052442089,24.5104480028654,24.525982322611,24.3653467049792,24.4379231880585,24.4845522079513,24.5622198668973,24.5000904743927,24.5673956078683,24.5673956078683,24.5052693701856,24.4379231880585,24.3446010620456,24.4068253139224,24.5208044790397,24.4949113154483,24.4068253139224,24.4741920473867,24.5622198668973,24.5829212550199,24.5777463018912,24.4690115721079,24.4949113154483,24.4690115721079,24.5000904743927,24.4016414116675,24.4482870367845,24.4845522079513,24.4741920473867,24.396457245529,24.4068253139224,24.417192326936,24.4068253139224,24.4690115721079,24.417192326936,24.5000904743927,24.4120089523324,24.4741920473867,24.5363372209139,24.5363372209139,24.4690115721079,24.4586498313649,24.3860881214467,24.3860881214467,24.4275582848784,24.3653467049792,24.4016414116675,24.4327408682945,24.4897318933139,24.4586498313649,24.4638308334468,24.4741920473867,24.4793722593216,24.4120089523324,24.4897318933139,24.5570438632356,24.5363372209139,24.4741920473867,24.5466910676864,24.5156263724707,24.4949113154483,24.4534685658236,24.5518675968447,24.5518675968447,24.4741920473867,24.6760255545029,24.5311599032229,24.525982322611,24.5363372209139,24.4897318933139,24.4949113154483,24.588095945611,24.6243114319154,24.6191385780148,24.5570438632356,24.6450002255868,24.5208044790397,24.4897318933139,24.4586498313649,24.5104480028654,24.4897318933139,24.4068253139224,24.4949113154483,24.4223754377718,24.5104480028654,24.4068253139224,24.5415142757223,24.5208044790397,24.4379231880585,24.6450002255868,24.6036184425424,24.5622198668973,24.5156263724707,24.5104480028654,24.4638308334468,24.5466910676864,24.5622198668973,24.4638308334468,24.4741920473867,24.4949113154483,24.6087920833666,24.5622198668973,24.5622198668973,24.5777463018912,24.5052693701856,24.5208044790397,24.5104480028654,24.5363372209139,24.4690115721079,24.4586498313649,24.4638308334468,24.4638308334468,24.4431052442089,24.3186630611374,24.3757179413665,24.4845522079513,24.4534685658236,24.5518675968447,24.4638308334468,24.4741920473867,24.5673956078683,24.4379231880585,24.3342266548802,24.4379231880585,24.3757179413665,24.4223754377718,24.4690115721079,24.4741920473867,24.3601606905737,24.3653467049792,24.4275582848784,24.4223754377718,24.4327408682945,24.5570438632356,24.6087920833666,24.5156263724707,24.4845522079513,24.4379231880585,24.5725710861868,24.5829212550199,24.5415142757223,24.6243114319154,24.6191385780148,24.5518675968447,24.598444539334,24.5156263724707,24.6708553211965,24.5622198668973,24.3860881214467,24.5052693701856,24.5466910676864,24.5777463018912,24.4897318933139,24.5466910676864,24.5829212550199,24.525982322611,24.6036184425424,24.5466910676864,24.7018727940562,24.6915346834782,24.68119552596,24.5156263724707,24.6398284203822,24.6036184425424,24.5725710861868,24.5104480028654,24.6294840235847,24.6346563530609,24.6967038696157,24.6501717687129,24.6294840235847,24.6915346834782,24.6501717687129,25.0527477928007,25.0475965748176,25.2123072282184,25.0990971001769,25.0681998923707,25.1505717504272,25.1660091054476,25.2328774638867,25.1351320700124,25.1660091054476,25.2483024338098,25.1351320700124,25.3305297988212,25.1814441360816
24.6760255545029,24.525982322611,24.4949113154483,24.4275582848784,24.5104480028654,24.4327408682945,24.4534685658236,24.5415142757223,24.3342266548802,24.5208044790397,24.5104480028654,24.5208044790397,24.3653467049792,24.4741920473867,24.2719579925803,24.3601606905737,24.3757179413665,24.3186630611374,24.0693210964281,24.3757179413665,24.4949113154483,24.3549744119754,24.4793722593216,24.5829212550199,24.5777463018912,24.4223754377718,24.525982322611,24.6087920833666,24.5518675968447,24.6398284203822,24.525982322611,24.588095945611,24.4741920473867,24.598444539334,24.5466910676864,24.4534685658236,24.5622198668973,24.5000904743927,24.5570438632356,24.5363372209139,24.4431052442089,24.5415142757223,24.4793722593216,24.5415142757223,24.4482870367845,24.3497878691456,24.4327408682945,24.4431052442089,24.5000904743927,24.4638308334468,24.5725710861868,24.5363372209139,24.525982322611,24.5208044790397,24.5311599032229,24.4949113154483,24.5104480028654,24.3757179413665,24.5000904743927,24.4223754377718,24.4638308334468,24.5052693701856,24.4897318933139,24.5673956078683,24.4534685658236,24.6553430497988,24.5311599032229,24.2979078995965,24.5673956078683,24.4897318933139,24.5725710861868,24.5104480028654,24.5570438632356,24.5363372209139,24.525982322611,24.5777463018912,24.4016414116675,24.4741920473867,24.4845522079513,24.4845522079513,24.4845522079513,24.5518675968447,24.4586498313649,24.3653467049792,24.4431052442089,24.4275582848784,24.4845522079513,24.4845522079513,24.5104480028654,24.6243114319154,24.5000904743927,24.4793722593216,24.5208044790397,24.4638308334468,24.5104480028654,24.4068253139224,24.3860881214467,24.4690115721079,24.4379231880585,24.4016414116675,24.4897318933139,24.3238511901693,24.4068253139224,24.4379231880585,24.4741920473867,24.5311599032229,24.3342266548802,24.5466910676864,24.5363372209139,24.3342266548802,24.4690115721079,24.5415142757223,24.5725710861868,24.6450002255868,24.5104480028654,24.5570438632356,24.5466910676864,24.598444539334,24.5518675968447,24.4638308334468,24.5518675968447,24.525982322611,24.6243114319154,24.5570438632356,24.6036184425424,24.6501717687129,24.4793722593216,24.6760255545029,24.3912728154683,24.5104480028654,24.4379231880585,24.4431052442089,24.4949113154483,24.4586498313649,24.4741920473867,24.5052693701856,24.4845522079513,24.5052693701856,24.5156263724707,24.4275582848784,24.525982322611,24.5673956078683,24.5622198668973,24.525982322611,24.5311599032229,24.5363372209139,24.5052693701856,24.5104480028654,24.5570438632356,24.5052693701856,24.4897318933139,24.5000904743927,24.5000904743927,24.588095945611,24.6191385780148,24.6087920833666,24.5415142757223,24.5725710861868,24.6398284203822,24.4949113154483,24.5466910676864,24.5518675968447,24.4949113154483,24.4120089523324,24.4793722593216,24.4638308334468,24.3860881214467,24.3860881214467,24.4845522079513,24.4741920473867,24.5000904743927,24.4897318933139,24.4638308334468,24.4949113154483,24.5570438632356,24.3342266548802,24.417192326936,24.3809031634257,24.417192326936,24.5104480028654,24.4120089523324,24.4068253139224,24.2460014642685,24.4586498313649,24.4275582848784,24.4845522079513,24.4379231880585,24.4120089523324,24.4949113154483,24.5156263724707,24.5052693701856,24.5518675968447,24.5466910676864,24.6243114319154,24.6967038696157,24.6501717687129,24.5208044790397,24.525982322611,24.6087920833666,24.5415142757223,24.6191385780148,24.588095945611,24.4793722593216,24.525982322611,24.5208044790397,24.4793722593216,24.5777463018912,24.4897318933139,24.5570438632356,24.5570438632356,24.5466910676864,24.5466910676864,24.5725710861868,24.6656848260024,24.6243114319154,24.6605140688826,24.5156263724707,24.6036184425424,24.5673956078683,24.4897318933139,24.6553430497988,24.6553430497988,24.7122098579989,24.6605140688826,24.6398284203822,25.0115307913128,24.9599861922213,25.14027888859,25.2328774638867,25.2688654531791,25.3613480855689,25.3613480855689,25.2020205629554,25.1762993840732,25.0630494515398,25.2431610348875,25.2174501739369,25.1299849929454,25.2380193782588,25.1093940990381
24.3757179413665,24.4845522079513,24.4068253139224,24.5363372209139,24.5622198668973,24.4741920473867,24.4327408682945,24.2927184476639,24.417192326936,24.396457245529,24.4379231880585,24.2823387496704,24.4741920473867,24.2096511916044,24.3601606905737,24.3809031634257,24.3809031634257,24.3446010620456,24.3705324552306,24.4793722593216,24.5311599032229,24.5000904743927,24.6553430497988,24.6191385780148,24.5777463018912,24.588095945611,24.4482870367845,24.5052693701856,24.5725710861868,24.6087920833666,24.588095945611,24.525982322611,24.5777463018912,24.4586498313649,24.5208044790397,24.588095945611,24.5518675968447,24.4379231880585,24.417192326936,24.4638308334468,24.525982322611,24.3653467049792,24.4016414116675,24.6553430497988,24.3549744119754,24.396457245529,24.4275582848784,24.3809031634257,24.4482870367845,24.525982322611,24.5415142757223,24.5518675968447,24.3809031634257,24.5363372209139,24.5000904743927,24.5311599032229,24.4223754377718,24.5052693701856,24.3809031634257,24.5104480028654,24.5208044790397,24.4431052442089,24.4845522079513,24.5518675968447,24.4586498313649,24.4379231880585,24.3186630611374,24.5208044790397,24.4845522079513,24.5777463018912,24.4638308334468,24.4793722593216,24.4845522079513,24.5052693701856,24.5311599032229,24.4949113154483,24.4741920473867,24.4793722593216,24.3653467049792,24.4793722593216,24.5466910676864,24.4949113154483,24.4690115721079,24.4120089523324,24.4690115721079,24.3705324552306,24.5363372209139,24.3860881214467,24.525982322611,24.5208044790397,24.4793722593216,24.4949113154483,24.4793722593216,24.5104480028654,24.4275582848784,24.4431052442089,24.4379231880585,24.4690115721079,24.4949113154483,24.4793722593216,24.417192326936,24.4793722593216,24.525982322611,24.5104480028654,24.5208044790397,24.5622198668973,24.5415142757223,24.598444539334,24.5156263724707,24.4793722593216,24.4845522079513,24.5208044790397,24.6191385780148,24.588095945611,24.5311599032229,24.4741920473867,24.5363372209139,24.6087920833666,24.4327408682945,24.4638308334468,24.5311599032229,24.4949113154483,24.5777463018912,24.6139654618445,24.5156263724707,24.4845522079513,24.6294840235847,24.4327408682945,24.5311599032229,24.588095945611,24.525982322611,24.4016414116675,24.4327408682945,24.396457245529,24.4638308334468,24.4741920473867,24.4534685658236,24.5777463018912,24.5208044790397,24.525982322611,24.4327408682945,24.5518675968447,24.4638308334468,24.5829212550199,24.5673956078683,24.4793722593216,24.4845522079513,24.5208044790397,24.4949113154483,24.6191385780148,24.5777463018912,24.5725710861868,24.5518675968447,24.7070414568379,24.5518675968447,24.4897318933139,24.598444539334,24.5466910676864,24.5725710861868,24.5829212550199,24.5052693701856,24.5466910676864,24.4690115721079,24.5052693701856,24.4431052442089,24.4120089523324,24.5104480028654,24.4016414116675,24.396457245529,24.4586498313649,24.5104480028654,24.4482870367845,24.5363372209139,24.4068253139224,24.4327408682945,24.3653467049792,24.3912728154683,24.4431052442089,24.4482870367845,24.4327408682945,24.4223754377718,24.4275582848784,24.3757179413665,24.4068253139224,24.3912728154683,24.4949113154483,24.4845522079513,24.593270373703,24.5000904743927,24.525982322611,24.417192326936,24.4223754377718,24.5156263724707,24.3601606905737,24.5466910676864,24.5415142757223,24.5363372209139,24.5466910676864,24.6398284203822,24.4482870367845,24.525982322611,24.5415142757223,24.5518675968447,24.4949113154483,24.5311599032229,24.4897318933139,24.5518675968447,24.5052693701856,24.593270373703,24.5415142757223,24.3912728154683,24.5466910676864,24.6294840235847,24.5829212550199,24.4690115721079,24.6087920833666,24.5777463018912,24.598444539334,24.6191385780148,24.6346563530609,24.5363372209139,24.6915346834782,24.6553430497988,24.7018727940562,24.8051963851263,24.8051963851263,24.9342041538485,25.0115307913128,25.1505717504272,25.1762993840732,25.1093940990381,25.1968768433364,25.1762993840732,25.2020205629554,25.1608635787557,25.1351320700124,25.1093940990381,25.14027888859,25.1299849929454,25.2123072282184
24.6036184425424,24.5208044790397,24.3912728154683,24.4534685658236,24.4431052442089,24.4223754377718,24.4275582848784,24.4223754377718,24.5104480028654,24.3342266548802,24.3809031634257,24.3705324552306,24.4275582848784,24.2823387496704,24.3653467049792,24.4120089523324,24.3653467049792,24.4482870367845,24.3912728154683,24.417192326936,24.4586498313649,24.6087920833666,24.5052693701856,24.5829212550199,24.5777463018912,24.593270373703,24.3912728154683,24.4482870367845,24.588095945611,24.588095945611,24.5156263724707,24.4638308334468,24.4534685658236,24.5570438632356,24.5518675968447,24.4690115721079,24.598444539334,24.396457245529,24.4482870367845,24.3030970868713,24.4845522079513,24.3497878691456,24.3601606905737,24.3497878691456,24.4223754377718,24.6294840235847,24.3757179413665,24.5052693701856,24.3549744119754,24.5673956078683,24.5518675968447,24.5415142757223,24.5156263724707,24.5415142757223,24.5415142757223,24.4741920473867,24.396457245529,24.5208044790397,24.4793722593216,24.4793722593216,24.525982322611,24.5363372209139,24.4482870367845,24.4482870367845,24.4741920473867,24.5415142757223,24.5777463018912,24.4897318933139,24.5725710861868,24.5829212550199,24.588095945611,24.4845522079513,24.5208044790397,24.4431052442089,24.4482870367845,24.5000904743927,24.4949113154483,24.5363372209139,24.5208044790397,24.4379231880585,24.4586498313649,24.4482870367845,24.5104480028654,24.5725710861868,24.5518675968447,24.4275582848784,24.5518675968447,24.5570438632356,24.5208044790397,24.5363372209139,24.4949113154483,24.5311599032229,24.4741920473867,24.5673956078683,24.6036184425424,24.5104480028654,24.4534685658236,24.4638308334468,24.4431052442089,24.4223754377718,24.417192326936,24.5570438632356,24.5208044790397,24.5208044790397,24.6139654618445,24.5673956078683,24.5363372209139,24.4897318933139,24.5363372209139,24.5000904743927,24.4845522079513,24.5052693701856,24.5104480028654,24.6036184425424,24.6036184425424,24.5829212550199,24.6191385780148,24.6243114319154,24.5570438632356,24.5570438632356,24.4949113154483,24.525982322611,24.6243114319154,24.6346563530609,24.593270373703,24.5518675968447,24.4793722593216,24.4690115721079,24.598444539334,24.598444539334,24.5052693701856,24.4223754377718,24.4327408682945,24.3653467049792,24.4379231880585,24.5052693701856,24.5000904743927,24.5829212550199,24.5156263724707,24.4482870367845,24.5570438632356,24.5777463018912,24.5673956078683,24.5363372209139,24.525982322611,24.4897318933139,24.5725710861868,24.5363372209139,24.5518675968447,24.6863652356057,24.5622198668973,24.6087920833666,24.5777463018912,24.593270373703,24.588095945611,24.5777463018912,24.5725710861868,24.6967038696157,24.5725710861868,24.4845522079513,24.5311599032229,24.5000904743927,24.4741920473867,24.4638308334468,24.5673956078683,24.5673956078683,24.417192326936,24.417192326936,24.396457245529,24.4016414116675,24.5466910676864,24.4897318933139,24.5570438632356,24.4275582848784,24.4638308334468,24.5415142757223,24.5673956078683,24.4690115721079,24.5104480028654,24.5208044790397,24.5466910676864,24.5052693701856,24.5363372209139,24.4690115721079,24.5725710861868,24.4793722593216,24.588095945611,24.5673956078683,24.5363372209139,24.3186630611374,24.5052693701856,24.5570438632356,24.5104480028654,24.5311599032229,24.6036184425424,24.6191385780148,24.5622198668973,24.5415142757223,24.6915346834782,24.5415142757223,24.593270373703,24.4741920473867,24.5829212550199,24.5156263724707,24.6243114319154,24.6087920833666,24.5570438632356,24.593270373703,24.5673956078683,24.6191385780148,24.6346563530609,24.5673956078683,24.6656848260024,24.5518675968447,24.6036184425424,24.6398284203822,24.598444539334,24.6346563530609,24.5829212550199,24.6346563530609,24.6708553211965,24.6656848260024,24.6760255545029,24.7380479408253,24.8877801045559,24.9032571289301,25.1299849929454,25.1145422104357,25.258584458684,25.3305297988212,25.2483024338098,25.3356668224182,25.1608635787557,25.2380193782588,25.2380193782588,25.2534435750629,25.2894243522202,25.2637250847104,25.1454254487159,25.2894243522202
24.5311599032229,24.417192326936,24.3809031634257,24.5156263724707,24.3757179413665,24.4897318933139,24.588095945611,24.3238511901693,24.4068253139224,24.4223754377718,24.396457245529,24.4120089523324,24.266767216777,24.396457245529,24.2719579925803,24.2719579925803,24.2771485035319,24.2927184476639,24.2719579925803,24.417192326936,24.5570438632356,24.5156263724707,24.5000904743927,24.5622198668973,24.588095945611,24.6087920833666,24.5725710861868,24.4586498313649,24.525982322611,24.6139654618445,24.4120089523324,24.4741920473867,24.417192326936,24.4482870367845,24.5208044790397,24.6501717687129,24.4638308334468,24.3549744119754,24.4586498313649,24.5104480028654,24.5829212550199,24.4793722593216,24.4120089523324,24.4431052442089,24.4275582848784,24.5052693701856,24.4586498313649,24.6398284203822,24.525982322611,24.5415142757223,24.4275582848784,24.5311599032229,24.3705324552306,24.4793722593216,24.4120089523324,24.5000904743927,24.5311599032229,24.6346563530609,24.6191385780148,24.5415142757223,24.4741920473867,24.5000904743927,24.6501717687129,24.4897318933139,24.4897318933139,24.5570438632356,24.5673956078683,24.5311599032229,24.588095945611,24.5622198668973,24.598444539334,24.588095945611,24.4379231880585,24.3342266548802,24.3809031634257,24.4638308334468,24.5415142757223,24.4275582848784,24.3342266548802,24.4690115721079,24.4638308334468,24.5104480028654,24.5156263724707,24.5466910676864,24.5466910676864,24.4431052442089,24.5363372209139,24.5518675968447,24.6501717687129,24.5415142757223,24.4949113154483,24.5208044790397,24.5052693701856,24.4638308334468,24.4949113154483,24.4534685658236,24.5104480028654,24.4845522079513,24.4586498313649,24.5311599032229,24.4793722593216,24.4897318933139,24.4897318933139,24.525982322611,24.5156263724707,24.4897318933139,24.5829212550199,24.3912728154683,24.4793722593216,24.5156263724707,24.4897318933139,24.6243114319154,24.593270373703,24.5311599032229,24.6087920833666,24.5570438632356,24.6708553211965,24.5208044790397,24.4534685658236,24.5104480028654,24.6450002255868,24.5725710861868,24.4327408682945,24.525982322611,24.4897318933139,24.4534685658236,24.4431052442089,24.593270373703,24.4949113154483,24.5777463018912,24.5570438632356,24.4638308334468,24.4379231880585,24.5052693701856,24.5829212550199,24.598444539334,24.5363372209139,24.5311599032229,24.4793722593216,24.4275582848784,24.5777463018912,24.5208044790397,24.5104480028654,24.5208044790397,24.6036184425424,24.5673956078683,24.5466910676864,24.6243114319154,24.6087920833666,24.6139654618445,24.5311599032229,24.5725710861868,24.6915346834782,24.6243114319154,24.593270373703,24.588095945611,24.588095945611,24.6450002255868,24.5156263724707,24.5777463018912,24.6191385780148,24.5829212550199,24.588095945611,24.5518675968447,24.5363372209139,24.5570438632356,24.4690115721079,24.5466910676864,24.5052693701856,24.417192326936,24.4793722593216,24.5622198668973,24.4638308334468,24.4275582848784,24.3342266548802,24.4534685658236,24.5622198668973,24.525982322611,24.5725710861868,24.4845522079513,24.4482870367845,24.4379231880585,24.5518675968447,24.5156263724707,24.3860881214467,24.4482870367845,24.4379231880585,24.3757179413665,24.5208044790397,24.525982322611,24.5363372209139,24.5104480028654,24.5777463018912,24.5000904743927,24.588095945611,24.5518675968447,24.5725710861868,24.5829212550199,24.6656848260024,24.593270373703,24.4741920473867,24.5363372209139,24.5415142757223,24.5208044790397,24.4949113154483,24.5000904743927,24.5622198668973,24.598444539334,24.588095945611,24.6501717687129,24.588095945611,24.5415142757223,24.6501717687129,24.5363372209139,24.6191385780148,24.593270373703,24.6398284203822,24.5777463018912,24.6501717687129,24.5518675968447,24.5104480028654,24.5829212550199,24.6708553211965,24.7948687272058,24.7535476535085,24.8980983810354,25.1196900631945,25.2483024338098,25.2791454175921,25.2431610348875,25.1351320700124,25.1093940990381,25.1660091054476,25.2483024338098,25.124837657352,25.1454254487159,25.2842850136107,25.14027888859,25.1968768433364,25.1299849929454
24.2719579925803,24.6139654618445,24.3912728154683,24.4431052442089,24.4897318933139,24.4482870367845,24.525982322611,24.3030970868713,24.2044572345467,24.3549744119754,24.4327408682945,24.4120089523324,24.3860881214467,24.3446010620456,24.2823387496704,24.3238511901693,24.3082860095273,24.261576176083,24.4223754377718,24.4068253139224,24.6139654618445,24.4327408682945,24.6087920833666,24.6139654618445,24.6087920833666,24.5725710861868,24.5052693701856,24.4845522079513,24.3860881214467,24.593270373703,24.4741920473867,24.417192326936,24.4482870367845,24.3912728154683,24.235616997893,24.3809031634257,24.4068253139224,24.3601606905737,24.4586498313649,24.4379231880585,24.5156263724707,24.4949113154483,24.417192326936,24.3549744119754,24.3860881214467,24.5208044790397,24.4741920473867,24.5052693701856,24.6087920833666,24.6294840235847,24.5208044790397,24.5208044790397,24.4482870367845,24.3394139906367,24.417192326936,24.417192326936,24.5052693701856,24.525982322611,24.5000904743927,24.3290390547373,24.417192326936,24.6139654618445,24.6553430497988,24.5208044790397,24.5208044790397,24.4327408682945,24.5518675968447,24.3757179413665,24.4741920473867,24.598444539334,24.5622198668973,24.4431052442089,24.4327408682945,24.3705324552306,24.3446010620456,24.4379231880585,24.3290390547373,24.3290390547373,24.4482870367845,24.4327408682945,24.4690115721079,24.4897318933139,24.4897318933139,24.4897318933139,24.5104480028654,24.4120089523324,24.4327408682945,24.4431052442089,24.4120089523324,24.4275582848784,24.4845522079513,24.4327408682945,24.4638308334468,24.525982322611,24.5311599032229,24.4431052442089,24.3860881214467,24.4586498313649,24.4845522079513,24.417192326936,24.4586498313649,24.4638308334468,24.5622198668973,24.5466910676864,24.5415142757223,24.3912728154683,24.5725710861868,24.4949113154483,24.4897318933139,24.6450002255868,24.5156263724707,24.6139654618445,24.4534685658236,24.6450002255868,24.4897318933139,24.6708553211965,24.5052693701856,24.4949113154483,24.5104480028654,24.3653467049792,24.4793722593216,24.5363372209139,24.4586498313649,24.5311599032229,24.6139654618445,24.4586498313649,24.4586498313649,24.4845522079513,24.4690115721079,24.4638308334468,24.5725710861868,24.5466910676864,24.4327408682945,24.5000904743927,24.5518675968447,24.5000904743927,24.5208044790397,24.4793722593216,24.4482870367845,24.5311599032229,24.593270373703,24.4949113154483,24.5570438632356,24.6243114319154,24.5570438632356,24.4845522079513,24.5829212550199,24.5622198668973,24.6450002255868,24.6656848260024,24.5570438632356,24.5777463018912,24.6501717687129,24.6708553211965,24.5311599032229,24.6036184425424,24.6139654618445,24.6036184425424,24.5725710861868,24.5725710861868,24.5725710861868,24.6036184425424,24.5777463018912,24.598444539334,24.6398284203822,24.5311599032229,24.417192326936,24.5208044790397,24.396457245529,24.5000904743927,24.5052693701856,24.3342266548802,24.3912728154683,24.417192326936,24.3653467049792,24.3705324552306,24.4690115721079,24.4638308334468,24.3394139906367,24.3705324552306,24.5104480028654,24.4379231880585,24.6243114319154,24.5104480028654,24.5156263724707,24.5363372209139,24.525982322611,24.3757179413665,24.598444539334,24.4949113154483,24.4586498313649,24.5104480028654,24.5104480028654,24.5415142757223,24.5466910676864,24.5725710861868,24.6967038696157,24.588095945611,24.5104480028654,24.598444539334,24.5673956078683,24.5829212550199,24.3497878691456,24.5208044790397,24.5725710861868,24.588095945611,24.525982322611,24.5363372209139,24.6191385780148,24.6139654618445,24.6398284203822,24.5570438632356,24.5829212550199,24.6553430497988,24.5311599032229,24.6036184425424,24.6139654618445,24.7018727940562,24.598444539334,24.6656848260024,24.5104480028654,24.6501717687129,24.7173779975772,24.8723007375455,24.7328808471969,24.8671404277798,24.9032571289301,25.0115307913128,25.3459400985342,25.124837657352,25.1351320700124,25.1557177937613,25.2020205629554,25.14027888859,25.2225928617629,25.2277352917338,25.0784999971428,25.2534435750629,25.1608635787557,25.2945634334578
24.4431052442089,24.4949113154483,24.5000904743927,24.6139654618445,24.4949113154483,24.5518675968447,24.4638308334468,24.3809031634257,24.3082860095273,24.3394139906367,24.4275582848784,24.3860881214467,24.4379231880585,24.2823387496704,24.3757179413665,24.417192326936,24.4638308334468,24.3238511901693,24.2771485035319,24.4949113154483,24.5363372209139,24.593270373703,24.5311599032229,24.525982322611,24.5415142757223,24.525982322611,24.5829212550199,24.5000904743927,24.4586498313649,24.5466910676864,24.4741920473867,24.4690115721079,24.4534685658236,24.4690115721079,24.4690115721079,24.2304243670388,24.1992630121316,24.3549744119754,24.5570438632356,24.4586498313649,24.4327408682945,24.4897318933139,24.5570438632356,24.525982322611,24.4482870367845,24.5052693701856,24.5673956078683,24.4845522079513,24.593270373703,24.6139654618445,24.5518675968447,24.5363372209139,24.4327408682945,24.3342266548802,24.4690115721079,24.5570438632356,24.525982322611,24.5104480028654,24.4638308334468,24.5208044790397,24.4897318933139,24.5052693701856,24.6501717687129,24.5208044790397,24.5311599032229,24.4845522079513,24.5415142757223,24.4845522079513,24.4690115721079,24.593270373703,24.6294840235847,24.598444539334,24.4120089523324,24.4120089523324,24.4379231880585,24.4327408682945,24.4949113154483,24.5622198668973,24.5000904743927,24.4275582848784,24.4482870367845,24.4638308334468,24.4379231880585,24.4534685658236,24.5363372209139,24.4741920473867,24.4793722593216,24.4793722593216,24.4845522079513,24.5466910676864,24.5415142757223,24.396457245529,24.5311599032229,24.5622198668973,24.4793722593216,24.4431052442089,24.4327408682945,24.4431052442089,24.4482870367845,24.4327408682945,24.4690115721079,24.4690115721079,24.4690115721079,24.4327408682945,24.5673956078683,24.4275582848784,24.5104480028654,24.4845522079513,24.6087920833666,24.598444539334,24.5725710861868,24.6243114319154,24.6243114319154,24.5777463018912,24.4793722593216,24.4897318933139,24.4638308334468,24.4379231880585,24.5000904743927,24.5000904743927,24.4690115721079,24.593270373703,24.5052693701856,24.6553430497988,24.6087920833666,24.4586498313649,24.5415142757223,24.4586498313649,24.5052693701856,24.525982322611,24.5156263724707,24.5363372209139,24.6243114319154,24.5156263724707,24.5466910676864,24.5466910676864,24.4482870367845,24.4949113154483,24.5415142757223,24.4845522079513,24.4586498313649,24.5829212550199,24.4690115721079,24.5156263724707,24.4534685658236,24.4949113154483,24.4586498313649,24.6139654618445,24.6967038696157,24.6191385780148,24.5673956078683,24.6708553211965,24.6191385780148,24.7070414568379,24.6087920833666,24.6553430497988,24.598444539334,24.6760255545029,24.6863652356057,24.6656848260024,24.6191385780148,24.593270373703,24.6243114319154,24.6036184425424,24.6191385780148,24.6087920833666,24.6243114319154,24.5415142757223,24.4586498313649,24.5725710861868,24.4431052442089,24.4949113154483,24.3290390547373,24.417192326936,24.4845522079513,24.4690115721079,24.5363372209139,24.4690115721079,24.4586498313649,24.4949113154483,24.4482870367845,24.5156263724707,24.5104480028654,24.4534685658236,24.5156263724707,24.5052693701856,24.588095945611,24.5777463018912,24.5777463018912,24.5311599032229,24.4845522079513,24.5518675968447,24.6191385780148,24.593270373703,24.5570438632356,24.7018727940562,24.5829212550199,24.588095945611,24.5673956078683,24.6243114319154,24.5777463018912,24.6967038696157,24.5363372209139,24.5725710861868,24.5208044790397,24.6450002255868,24.6036184425424,24.5829212550199,24.5829212550199,24.6294840235847,24.6501717687129,24.6501717687129,24.5673956078683,24.6450002255868,24.525982322611,24.598444539334,24.7277134921382,24.6501717687129,24.6605140688826,24.6760255545029,24.6656848260024,24.5829212550199,24.6967038696157,24.9032571289301,24.8568190268782,25.0372933614365,24.8774607869049,25.0887990663117,25.2637250847104,25.1865886299367,25.3459400985342,25.2637250847104,25.2328774638867,25.2945634334578,25.2791454175921,25.1299849929454,25.258584458684,25.1660091054476,25.2894243522202,25.3048408239653
24.4223754377718,24.3809031634257,24.4431052442089,24.4638308334468,24.5156263724707,24.4482870367845,24.3912728154683,24.4741920473867,24.4120089523324,24.4275582848784,24.4120089523324,24.4016414116675,24.525982322611,24.417192326936,24.4120089523324,24.4327408682945,24.3186630611374,24.3446010620456,24.2460014642685,24.4741920473867,24.5156263724707,24.5208044790397,24.5673956078683,24.6139654618445,24.5777463018912,24.5000904743927,24.4482870367845,24.5311599032229,24.5208044790397,24.4638308334468,24.4845522079513,24.3860881214467,24.4586498313649,24.396457245529,24.3912728154683,24.3549744119754,24.4275582848784,24.5466910676864,24.4949113154483,24.4845522079513,24.4482870367845,24.5208044790397,24.417192326936,24.4223754377718,24.4897318933139,24.4638308334468,24.525982322611,24.588095945611,24.6036184425424,24.6553430497988,24.5311599032229,24.5466910676864,24.5777463018912,24.5104480028654,24.4897318933139,24.4431052442089,24.4379231880585,24.5052693701856,24.4793722593216,24.5104480028654,24.5052693701856,24.4016414116675,24.6501717687129,24.5000904743927,24.6036184425424,24.6036184425424,24.5156263724707,24.4897318933139,24.5208044790397,24.6398284203822,24.588095945611,24.6139654618445,24.4482870367845,24.4431052442089,24.5570438632356,24.5725710861868,24.5570438632356,24.5725710861868,24.5156263724707,24.5415142757223,24.3549744119754,24.4897318933139,24.4482870367845,24.4793722593216,24.4690115721079,24.4897318933139,24.4275582848784,24.4534685658236,24.4534685658236,24.417192326936,24.5104480028654,24.5466910676864,24.4482870367845,24.4949113154483,24.4586498313649,24.4586498313649,24.4534685658236,24.6708553211965,24.4482870367845,24.6553430497988,24.5518675968447,24.4897318933139,24.6450002255868,24.4949113154483,24.4845522079513,24.3446010620456,24.525982322611,24.4223754377718,24.4223754377718,24.598444539334,24.6553430497988,24.5570438632356,24.5052693701856,24.6656848260024,24.4845522079513,24.5052693701856,24.2563848704595,24.4275582848784,24.4897318933139,24.4741920473867,24.5518675968447,24.5466910676864,24.5466910676864,24.6450002255868,24.5518675968447,24.5363372209139,24.5570438632356,24.417192326936,24.4534685658236,24.4793722593216,24.5000904743927,24.5518675968447,24.5622198668973,24.5725710861868,24.4638308334468,24.3394139906367,24.3394139906367,24.4586498313649,24.525982322611,24.4534685658236,24.4482870367845,24.4327408682945,24.4638308334468,24.588095945611,24.6036184425424,24.598444539334,24.6915346834782,24.5777463018912,24.6139654618445,24.6036184425424,24.6656848260024,24.6087920833666,24.6346563530609,24.7587137017957,24.5673956078683,24.6708553211965,24.7122098579989,24.6708553211965,24.6863652356057,24.525982322611,24.6294840235847,24.598444539334,24.6139654618445,24.6036184425424,24.5673956078683,24.5311599032229,24.5570438632356,24.5725710861868,24.5777463018912,24.5104480028654,24.7173779975772,24.5829212550199,24.5673956078683,24.417192326936,24.4793722593216,24.5673956078683,24.4638308334468,24.4586498313649,24.6450002255868,24.5052693701856,24.5000904743927,24.5570438632356,24.588095945611,24.525982322611,24.6708553211965,24.588095945611,24.5725710861868,24.5725710861868,24.5415142757223,24.5725710861868,24.5466910676864,24.5570438632356,24.598444539334,24.5570438632356,24.5673956078683,24.598444539334,24.6915346834782,24.7277134921382,24.6708553211965,24.6760255545029,24.6708553211965,24.7070414568379,24.5570438632356,24.5518675968447,24.6087920833666,24.5622198668973,24.598444539334,24.5829212550199,24.6087920833666,24.5829212550199,24.4638308334468,24.5777463018912,24.6346563530609,24.5725710861868,24.6967038696157,24.6294840235847,24.7018727940562,24.6243114319154,24.6087920833666,24.6346563530609,24.6398284203822,24.5311599032229,24.6915346834782,24.8723007375455,24.8826205758957,24.8413349715329,24.8877801045559,25.0218365972651,25.1711543738743,25.2071640245704,25.1865886299367,25.1505717504272,25.3510763511273,25.1557177937613,25.2534435750629,25.2688654531791,25.1505717504272,25.2637250847104,25.258584458684,25.2071640245704
24.3912728154683,24.4120089523324,24.4223754377718,24.598444539334,24.4741920473867,24.3653467049792,24.4016414116675,24.4379231880585,24.4431052442089,24.4120089523324,24.4275582848784,24.3238511901693,24.2927184476639,24.4327408682945,24.4431052442089,24.4223754377718,24.3809031634257,24.3809031634257,24.2408093636233,24.5156263724707,24.4638308334468,24.5415142757223,24.5673956078683,24.5777463018912,24.5829212550199,24.5156263724707,24.5415142757223,24.4482870367845,24.5415142757223,24.417192326936,24.3705324552306,24.4638308334468,24.3809031634257,24.5052693701856,24.4482870367845,24.3601606905737,24.5104480028654,24.3238511901693,24.5622198668973,24.525982322611,24.2927184476639,24.5156263724707,24.4327408682945,24.417192326936,24.5104480028654,24.4223754377718,24.5156263724707,24.7070414568379,24.5673956078683,24.5052693701856,24.5104480028654,24.5570438632356,24.5000904743927,24.5363372209139,24.5570438632356,24.4897318933139,24.4949113154483,24.4793722593216,24.5000904743927,24.4949113154483,24.5104480028654,24.4793722593216,24.588095945611,24.6036184425424,24.5622198668973,24.5000904743927,24.5466910676864,24.5311599032229,24.4949113154483,24.7535476535085,24.5156263724707,24.5673956078683,24.5415142757223,24.5208044790397,24.4690115721079,24.5311599032229,24.588095945611,24.5363372209139,24.5466910676864,24.6243114319154,24.4897318933139,24.4741920473867,24.4741920473867,24.4897318933139,24.6605140688826,24.5311599032229,24.4741920473867,24.5518675968447,24.4949113154483,24.4275582848784,24.5311599032229,24.5466910676864,24.5052693701856,24.5000904743927,24.6139654618445,24.598444539334,24.6656848260024,24.5570438632356,24.6036184425424,24.4897318933139,24.4690115721079,24.4793722593216,24.5570438632356,24.5518675968447,24.5777463018912,24.5829212550199,24.5363372209139,24.5104480028654,24.4223754377718,24.4482870367845,24.588095945611,24.5156263724707,24.5518675968447,24.4793722593216,24.417192326936,24.396457245529,24.4223754377718,24.4690115721079,24.4741920473867,24.5570438632356,24.5208044790397,24.525982322611,24.6708553211965,24.5673956078683,24.6191385780148,24.4845522079513,24.5466910676864,24.4482870367845,24.5829212550199,24.4586498313649,24.5156263724707,24.5415142757223,24.5466910676864,24.4275582848784,24.4741920473867,24.3705324552306,24.4638308334468,24.5415142757223,24.588095945611,24.4275582848784,24.5673956078683,24.5777463018912,24.4845522079513,24.5622198668973,24.6087920833666,24.4897318933139,24.6087920833666,24.588095945611,24.5829212550199,24.4534685658236,24.6191385780148,24.5829212550199,24.6605140688826,24.6243114319154,24.5725710861868,24.6191385780148,24.5673956078683,24.6398284203822,24.7225458756109,24.7380479408253,24.6450002255868,24.588095945611,24.6398284203822,24.6501717687129,24.5777463018912,24.6191385780148,24.6243114319154,24.6139654618445,24.7018727940562,24.588095945611,24.4379231880585,24.5415142757223,24.4327408682945,24.4327408682945,24.5156263724707,24.5777463018912,24.5415142757223,24.4482870367845,24.4897318933139,24.5363372209139,24.525982322611,24.5052693701856,24.4379231880585,24.5052693701856,24.5052693701856,24.5000904743927,24.5570438632356,24.4949113154483,24.525982322611,24.5415142757223,24.5052693701856,24.5570438632356,24.5725710861868,24.5622198668973,24.5363372209139,24.598444539334,24.5622198668973,24.7328808471969,24.5829212550199,24.5673956078683,24.6036184425424,24.5311599032229,24.5311599032229,24.6036184425424,24.6191385780148,24.598444539334,24.5829212550199,24.593270373703,24.6191385780148,24.598444539334,24.593270373703,24.6501717687129,24.5052693701856,24.5000904743927,24.5725710861868,24.6967038696157,24.598444539334,24.5415142757223,24.5725710861868,24.6087920833666,24.6501717687129,24.6139654618445,24.7897045068028,24.8464965838976,24.8464965838976,24.8877801045559,24.86197985757,25.0166838239645,25.1454254487159,25.1454254487159,25.2431610348875,25.14027888859,25.1608635787557,25.2071640245704,25.14027888859,25.258584458684,25.1968768433364,25.2534435750629,25.2225928617629,25.258584458684
24.3497878691456,24.396457245529,24.4638308334468,24.598444539334,24.4016414116675,24.4586498313649,24.593270373703,24.593270373703,24.4845522079513,24.4586498313649,24.4638308334468,24.4120089523324,24.417192326936,24.4741920473867,24.4431052442089,24.4793722593216,24.4845522079513,24.3809031634257,24.4431052442089,24.3549744119754,24.5156263724707,24.598444539334,24.598444539334,24.5518675968447,24.6398284203822,24.4741920473867,24.525982322611,24.5104480028654,24.5466910676864,24.4223754377718,24.3601606905737,24.4949113154483,24.5829212550199,24.3912728154683,24.5000904743927,24.4379231880585,24.4949113154483,24.4741920473867,24.4223754377718,24.5829212550199,24.5777463018912,24.5725710861868,24.5208044790397,24.5363372209139,24.5363372209139,24.4741920473867,24.5570438632356,24.6036184425424,24.4638308334468,24.5725710861868,24.5622198668973,24.5466910676864,24.5104480028654,24.4845522079513,24.5208044790397,24.5104480028654,24.4223754377718,24.396457245529,24.4327408682945,24.5208044790397,24.4586498313649,24.5104480028654,24.6036184425424,24.6553430497988,24.5104480028654,24.5673956078683,24.5000904743927,24.588095945611,24.525982322611,24.6139654618445,24.5570438632356,24.6656848260024,24.5673956078683,24.4586498313649,24.6191385780148,24.5570438632356,24.7122098579989,24.6139654618445,24.5466910676864,24.598444539334,24.6294840235847,24.4690115721079,24.5052693701856,24.6450002255868,24.6087920833666,24.6450002255868,24.5622198668973,24.5829212550199,24.7432147730614,24.5104480028654,24.5466910676864,24.5208044790397,24.4327408682945,24.5104480028654,24.6036184425424,24.6243114319154,24.5363372209139,24.6087920833666,24.6501717687129,24.5725710861868,24.4897318933139,24.5518675968447,24.5829212550199,24.5673956078683,24.5829212550199,24.5777463018912,24.5052693701856,24.6087920833666,24.5104480028654,24.4534685658236,24.4223754377718,24.5000904743927,24.5518675968447,24.5052693701856,24.5415142757223,24.5622198668973,24.5570438632356,24.4793722593216,24.5570438632356,24.5622198668973,24.7483813439431,24.5829212550199,24.6915346834782,24.6191385780148,24.5777463018912,24.5415142757223,24.588095945611,24.5415142757223,24.6087920833666,24.5156263724707,24.5622198668973,24.588095945611,24.5829212550199,24.5104480028654,24.5208044790397,24.6139654618445,24.5000904743927,24.5725710861868,24.417192326936,24.3809031634257,24.4431052442089,24.5518675968447,24.5777463018912,24.588095945611,24.598444539334,24.6139654618445,24.6398284203822,24.598444539334,24.588095945611,24.5829212550199,24.6605140688826,24.7225458756109,24.7690450146872,24.6863652356057,24.6294840235847,24.6553430497988,24.6605140688826,24.6450002255868,24.7070414568379,24.6553430497988,24.8103598227198,24.6863652356057,24.6656848260024,24.68119552596,24.6656848260024,24.6243114319154,24.6967038696157,24.7070414568379,24.6760255545029,24.5363372209139,24.5673956078683,24.4845522079513,24.6139654618445,24.5829212550199,24.5829212550199,24.5725710861868,24.6036184425424,24.4223754377718,24.5466910676864,24.5466910676864,24.6294840235847,24.6760255545029,24.5570438632356,24.4793722593216,24.588095945611,24.5777463018912,24.6139654618445,24.6191385780148,24.6294840235847,24.6191385780148,24.5518675968447,24.525982322611,24.7587137017957,24.6398284203822,24.7122098579989,24.6656848260024,24.7018727940562,24.6656848260024,24.7173779975772,24.7070414568379,24.6708553211965,24.6294840235847,24.6294840235847,24.6863652356057,24.6036184425424,24.6294840235847,24.7587137017957,24.6346563530609,24.6450002255868,24.6450002255868,24.6243114319154,24.6553430497988,24.6708553211965,24.5673956078683,24.5311599032229,24.6656848260024,24.6398284203822,24.5466910676864,24.6863652356057,24.6243114319154,24.5466910676864,24.68119552596,24.8258485704877,24.8516579356668,24.8413349715329,24.9393610812787,24.9857617364743,25.1865886299367,25.1608635787557,25.2225928617629,25.325392518149,25.3459400985342,25.2791454175921,25.2894243522202,25.2225928617629,25.2637250847104,25.2894243522202,25.2740055641272,25.3870229273887,25.3510763511273
24.4120089523324,24.396457245529,24.593270373703,24.3912728154683,24.4638308334468,24.3082860095273,24.261576176083,24.3757179413665,24.4068253139224,24.5518675968447,24.4897318933139,24.4431052442089,24.4223754377718,24.4068253139224,24.417192326936,24.5208044790397,24.5518675968447,24.5104480028654,24.4845522079513,24.5000904743927,24.5311599032229,24.598444539334,24.5311599032229,24.4949113154483,24.4379231880585,24.4949113154483,24.4534685658236,24.3082860095273,24.3082860095273,24.3757179413665,24.5000904743927,24.5622198668973,24.4949113154483,24.5104480028654,24.4949113154483,24.4793722593216,24.4638308334468,24.4431052442089,24.5673956078683,24.4431052442089,24.5104480028654,24.4327408682945,24.4690115721079,24.4949113154483,24.5156263724707,24.4690115721079,24.5104480028654,24.4586498313649,24.5156263724707,24.5156263724707,24.5777463018912,24.6398284203822,24.6036184425424,24.5311599032229,24.5208044790397,24.5777463018912,24.4431052442089,24.3809031634257,24.4431052442089,24.3653467049792,24.4638308334468,24.4586498313649,24.5415142757223,24.588095945611,24.3705324552306,24.3653467049792,24.5000904743927,24.5208044790397,24.525982322611,24.5725710861868,24.6191385780148,24.5000904743927,24.6346563530609,24.6191385780148,24.5052693701856,24.525982322611,24.6036184425424,24.5518675968447,24.598444539334,24.5518675968447,24.5622198668973,24.4949113154483,24.6553430497988,24.6450002255868,24.5622198668973,24.5570438632356,24.5518675968447,24.5518675968447,24.5363372209139,24.4897318933139,24.4120089523324,24.4223754377718,24.5156263724707,24.4949113154483,24.6346563530609,24.6191385780148,24.6501717687129,24.6708553211965,24.598444539334,24.5156263724707,24.5777463018912,24.5156263724707,24.588095945611,24.5777463018912,24.6191385780148,24.5673956078683,24.5673956078683,24.4534685658236,24.4586498313649,24.5208044790397,24.4223754377718,24.6760255545029,24.8258485704877,24.5570438632356,24.7173779975772,24.6036184425424,24.5673956078683,24.6139654618445,24.5725710861868,24.7742102793675,24.6398284203822,24.5156263724707,24.5777463018912,24.6656848260024,24.593270373703,24.6501717687129,24.6294840235847,24.6501717687129,24.5725710861868,24.593270373703,24.5829212550199,24.6087920833666,24.525982322611,24.5363372209139,24.5570438632356,24.4690115721079,24.5156263724707,24.598444539334,24.5777463018912,24.4327408682945,24.5363372209139,24.5777463018912,24.5777463018912,24.6243114319154,24.4741920473867,24.6036184425424,24.593270373703,24.6087920833666,24.6915346834782,24.6243114319154,24.6346563530609,24.6708553211965,24.6501717687129,24.6863652356057,24.6346563530609,24.6450002255868,24.7690450146872,24.7587137017957,24.6708553211965,24.6967038696157,24.7535476535085,24.6553430497988,24.7690450146872,24.6760255545029,24.5000904743927,24.6087920833666,24.6915346834782,24.68119552596,24.6243114319154,24.6139654618445,24.4949113154483,24.5829212550199,24.5570438632356,24.6036184425424,24.5725710861868,24.5622198668973,24.5725710861868,24.4949113154483,24.6398284203822,24.396457245529,24.5725710861868,24.6087920833666,24.593270373703,24.588095945611,24.5052693701856,24.6191385780148,24.593270373703,24.5311599032229,24.5570438632356,24.5570438632356,24.5208044790397,24.6656848260024,24.6346563530609,24.6087920833666,24.6760255545029,24.6967038696157,24.7070414568379,24.7122098579989,24.7587137017957,24.68119552596,24.6605140688826,24.6501717687129,24.5052693701856,24.6243114319154,24.5311599032229,24.598444539334,24.5518675968447,24.5777463018912,24.6760255545029,24.4793722593216,24.6398284203822,24.6605140688826,24.6501717687129,24.6139654618445,24.5415142757223,24.588095945611,24.6087920833666,24.6967038696157,24.6087920833666,24.5570438632356,24.5777463018912,24.7018727940562,24.7948687272058,24.8568190268782,24.9342041538485,24.9342041538485,24.9909160664447,25.1557177937613,25.2174501739369,25.325392518149,25.3305297988212,25.325392518149,25.3305297988212,25.2483024338098,25.2277352917338,25.2483024338098,25.3870229273887,25.2894243522202,25.4024247521646,25.2071640245704
24.4068253139224,24.417192326936,24.4120089523324,24.4016414116675,24.2719579925803,24.2511932998677,24.2719579925803,24.3653467049792,24.4379231880585,24.525982322611,24.5518675968447,24.4845522079513,24.5673956078683,24.5156263724707,24.4638308334468,24.4223754377718,24.525982322611,24.588095945611,24.525982322611,24.4379231880585,24.4897318933139,24.4897318933139,24.5052693701856,24.3446010620456,24.3860881214467,24.5518675968447,24.4949113154483,24.4638308334468,24.5777463018912,24.5466910676864,24.5673956078683,24.5518675968447,24.5156263724707,24.4949113154483,24.6553430497988,24.4949113154483,24.4741920473867,24.4638308334468,24.2823387496704,24.4275582848784,24.4223754377718,24.4845522079513,24.4690115721079,24.5466910676864,24.4690115721079,24.5156263724707,24.5208044790397,24.4793722593216,24.4793722593216,24.5725710861868,24.4949113154483,24.5415142757223,24.5052693701856,24.5622198668973,24.5052693701856,24.5208044790397,24.5000904743927,24.5622198668973,24.4741920473867,24.7277134921382,24.593270373703,24.5052693701856,24.6191385780148,24.5052693701856,24.6036184425424,24.5622198668973,24.5518675968447,24.5777463018912,24.6036184425424,24.5363372209139,24.5104480028654,24.5518675968447,24.6139654618445,24.6294840235847,24.6501717687129,24.598444539334,24.6501717687129,24.5725710861868,24.5829212550199,24.6139654618445,24.5415142757223,24.5725710861868,24.6863652356057,24.525982322611,24.5777463018912,24.5570438632356,24.5311599032229,24.3757179413665,24.3860881214467,24.5208044790397,24.5363372209139,24.5156263724707,24.5052693701856,24.593270373703,24.5622198668973,24.6294840235847,24.5622198668973,24.5777463018912,24.6915346834782,24.7432147730614,24.6398284203822,24.6915346834782,24.6243114319154,24.6760255545029,24.4534685658236,24.5673956078683,24.588095945611,24.5363372209139,24.5518675968447,24.5673956078683,24.7018727940562,24.6915346834782,24.6708553211965,24.6915346834782,24.5725710861868,24.5363372209139,24.6605140688826,24.5311599032229,24.5725710861868,24.6553430497988,24.5673956078683,24.525982322611,24.6398284203822,24.4949113154483,24.6656848260024,24.5518675968447,24.6294840235847,24.4949113154483,24.5622198668973,24.6346563530609,24.598444539334,24.6346563530609,24.5208044790397,24.588095945611,24.593270373703,24.5311599032229,24.5311599032229,24.5311599032229,24.4638308334468,24.5622198668973,24.5777463018912,24.5673956078683,24.5777463018912,24.5570438632356,24.5570438632356,24.588095945611,24.598444539334,24.7122098579989,24.6346563530609,24.5829212550199,24.6760255545029,24.6191385780148,24.6243114319154,24.6191385780148,24.7535476535085,24.7483813439431,24.6915346834782,24.6656848260024,24.6915346834782,24.5570438632356,24.593270373703,24.6398284203822,24.6450002255868,24.5673956078683,24.588095945611,24.6915346834782,24.6139654618445,24.6139654618445,24.6294840235847,24.5570438632356,24.6087920833666,24.4897318933139,24.5208044790397,24.5725710861868,24.5725710861868,24.4949113154483,24.598444539334,24.5000904743927,24.5466910676864,24.396457245529,24.4016414116675,24.5518675968447,24.5725710861868,24.5622198668973,24.6036184425424,24.5673956078683,24.6139654618445,24.5518675968447,24.5673956078683,24.5673956078683,24.6398284203822,24.6087920833666,24.6656848260024,24.7018727940562,24.6139654618445,24.6605140688826,24.588095945611,24.6863652356057,24.7070414568379,24.6553430497988,24.6243114319154,24.6243114319154,24.6346563530609,24.6346563530609,24.6243114319154,24.6087920833666,24.6398284203822,24.5622198668973,24.593270373703,24.4741920473867,24.68119552596,24.6501717687129,24.6450002255868,24.6605140688826,24.6346563530609,24.6243114319154,24.7173779975772,24.5777463018912,24.5673956078683,24.5570438632356,24.5518675968447,24.588095945611,24.7018727940562,24.8206859153626,24.9238895190908,24.8464965838976,24.9445177487934,25.0115307913128,25.1557177937613,25.2431610348875,25.1814441360816,25.2688654531791,25.2431610348875,25.2483024338098,25.2997022573604,25.1762993840732,25.2174501739369,25.2328774638867,25.0939482126385,25.3870229273887
24.3446010620456,24.4068253139224,24.2096511916044,24.3653467049792,24.3860881214467,24.0901229747396,24.4327408682945,24.3082860095273,24.4379231880585,24.417192326936,24.4897318933139,24.5052693701856,24.4586498313649,24.4223754377718,24.4120089523324,24.525982322611,24.5725710861868,24.6398284203822,24.5622198668973,24.5518675968447,24.5052693701856,24.4223754377718,24.6191385780148,24.4379231880585,24.6294840235847,24.5000904743927,24.5415142757223,24.4379231880585,24.5622198668973,24.5000904743927,24.5052693701856,24.5156263724707,24.5311599032229,24.5104480028654,24.5311599032229,24.6294840235847,24.5725710861868,24.4741920473867,24.525982322611,24.4431052442089,24.4275582848784,24.4897318933139,24.5104480028654,24.6708553211965,24.4638308334468,24.5052693701856,24.5466910676864,24.588095945611,24.5208044790397,24.5415142757223,24.5622198668973,24.5570438632356,24.6294840235847,24.6191385780148,24.5104480028654,24.5104480028654,24.525982322611,24.5777463018912,24.5518675968447,24.593270373703,24.6139654618445,24.5311599032229,24.5622198668973,24.5622198668973,24.5518675968447,24.5622198668973,24.5052693701856,24.5466910676864,24.5777463018912,24.5829212550199,24.5622198668973,24.5208044790397,24.5673956078683,24.5725710861868,24.6605140688826,24.588095945611,24.5570438632356,24.6760255545029,24.6398284203822,24.6087920833666,24.5570438632356,24.5363372209139,24.6139654618445,24.5466910676864,24.6656848260024,24.5466910676864,24.6656848260024,24.6967038696157,24.6346563530609,24.6605140688826,24.4690115721079,24.5156263724707,24.6191385780148,24.598444539334,24.6501717687129,24.5415142757223,24.9496741564303,24.8258485704877,24.9599861922213,24.9342041538485,24.8980983810354,24.6501717687129,24.7638794888426,24.588095945611,24.6243114319154,24.5777463018912,24.5518675968447,24.6760255545029,24.6708553211965,24.5570438632356,24.5725710861868,24.7070414568379,24.6605140688826,24.5311599032229,24.5311599032229,24.5622198668973,24.598444539334,24.5156263724707,24.5518675968447,24.593270373703,24.5518675968447,24.6760255545029,24.6708553211965,24.6139654618445,24.5829212550199,24.6450002255868,24.6243114319154,24.5673956078683,24.6656848260024,24.5466910676864,24.6294840235847,24.5570438632356,24.5363372209139,24.7742102793675,24.598444539334,24.6656848260024,24.7018727940562,24.4793722593216,24.4223754377718,24.5000904743927,24.5466910676864,24.5725710861868,24.5725710861868,24.7173779975772,24.5829212550199,24.7328808471969,24.6708553211965,24.6294840235847,24.7070414568379,24.6294840235847,24.6915346834782,24.6191385780148,24.6967038696157,24.6398284203822,24.593270373703,24.6501717687129,24.7380479408253,24.6708553211965,24.7432147730614,24.6553430497988,24.6553430497988,24.6450002255868,24.6915346834782,24.6036184425424,24.6087920833666,24.598444539334,24.6294840235847,24.6294840235847,24.6243114319154,24.6501717687129,24.5777463018912,24.5052693701856,24.6863652356057,24.5363372209139,24.6708553211965,24.6605140688826,24.4741920473867,24.4897318933139,24.5518675968447,24.5622198668973,24.5518675968447,24.6139654618445,24.5673956078683,24.5156263724707,24.4638308334468,24.588095945611,24.5777463018912,24.5777463018912,24.6087920833666,24.5673956078683,24.6398284203822,24.593270373703,24.593270373703,24.6191385780148,24.598444539334,24.6294840235847,24.7173779975772,24.7277134921382,24.6243114319154,24.6294840235847,24.6553430497988,24.6450002255868,24.6036184425424,24.588095945611,24.5518675968447,24.6605140688826,24.6346563530609,24.5052693701856,24.6191385780148,24.6139654618445,24.593270373703,24.6139654618445,24.5104480028654,24.6656848260024,24.7483813439431,24.6656848260024,24.6036184425424,24.6191385780148,24.6139654618445,24.5829212550199,24.6191385780148,24.5518675968447,24.7535476535085,24.836173098535,24.8103598227198,24.8155229994525,25.0733500742259,25.14027888859,25.0630494515398,25.2534435750629,25.1865886299367,25.2174501739369,25.2431610348875,25.2483024338098,25.2431610348875,25.2842850136107,25.2431610348875,25.1196900631945,25.3099791333095,25.1762993840732
24.4327408682945,24.4275582848784,24.4068253139224,24.3342266548802,24.2979078995965,24.4327408682945,24.4379231880585,24.1784834681163,24.3860881214467,24.4897318933139,24.5000904743927,24.4482870367845,24.5570438632356,24.5622198668973,24.4431052442089,24.4949113154483,24.6087920833666,24.5673956078683,24.4845522079513,24.4482870367845,24.2823387496704,24.4690115721079,24.4534685658236,24.5000904743927,24.5052693701856,24.4897318933139,24.5208044790397,24.5415142757223,24.4275582848784,24.396457245529,24.4741920473867,24.3860881214467,24.5000904743927,24.6139654618445,24.5673956078683,24.5725710861868,24.5518675968447,24.5829212550199,24.4638308334468,24.4638308334468,24.5363372209139,24.4897318933139,24.4690115721079,24.5673956078683,24.6656848260024,24.5415142757223,24.5622198668973,24.4534685658236,24.5363372209139,24.5622198668973,24.5000904743927,24.5673956078683,24.598444539334,24.5466910676864,24.593270373703,24.5363372209139,24.4949113154483,24.4741920473867,24.4897318933139,24.5777463018912,24.7173779975772,24.6708553211965,24.593270373703,24.6708553211965,24.7173779975772,24.6139654618445,24.5673956078683,24.4327408682945,24.6708553211965,24.5518675968447,24.68119552596,24.6450002255868,24.6294840235847,24.5829212550199,24.588095945611,24.5052693701856,24.5052693701856,24.5518675968447,24.5673956078683,24.5570438632356,24.5673956078683,24.7070414568379,24.6967038696157,24.6036184425424,24.588095945611,24.4431052442089,24.6398284203822,24.6760255545029,24.7122098579989,24.5673956078683,24.5466910676864,24.6294840235847,24.7535476535085,24.7535476535085,24.8980983810354,24.8516579356668,24.9857617364743,24.9754522977662,24.9290469664651,24.9135738442187,24.7587137017957,24.7173779975772,24.6139654618445,24.7173779975772,24.5363372209139,24.6243114319154,24.525982322611,24.5208044790397,24.6087920833666,24.6191385780148,24.6450002255868,24.6294840235847,24.6656848260024,24.5622198668973,24.6346563530609,24.5829212550199,24.5570438632356,24.5829212550199,24.5415142757223,24.5570438632356,24.4638308334468,24.5000904743927,24.4793722593216,24.5052693701856,24.6398284203822,24.593270373703,24.5466910676864,24.6398284203822,24.5518675968447,24.5673956078683,24.5415142757223,24.5570438632356,24.6553430497988,24.5725710861868,24.6243114319154,24.6087920833666,24.6346563530609,24.6294840235847,24.525982322611,24.5156263724707,24.5311599032229,24.5829212550199,24.7742102793675,24.588095945611,24.5777463018912,24.6036184425424,24.4897318933139,24.5673956078683,24.6553430497988,24.6243114319154,24.6553430497988,24.6191385780148,24.7018727940562,24.6553430497988,24.7328808471969,24.7690450146872,24.7173779975772,24.6294840235847,24.6708553211965,24.68119552596,24.6398284203822,24.7535476535085,24.6915346834782,24.5673956078683,24.6450002255868,24.5777463018912,24.598444539334,24.5518675968447,24.6398284203822,24.4949113154483,24.5104480028654,24.5570438632356,24.5415142757223,24.4845522079513,24.7638794888426,24.6553430497988,24.6243114319154,24.5673956078683,24.5622198668973,24.5466910676864,24.5777463018912,24.5673956078683,24.6553430497988,24.5829212550199,24.525982322611,24.4793722593216,24.5363372209139,24.4949113154483,24.5156263724707,24.5466910676864,24.5673956078683,24.6501717687129,24.5829212550199,24.6553430497988,24.6191385780148,24.6501717687129,24.6294840235847,24.6036184425424,24.6087920833666,24.6915346834782,24.6501717687129,24.593270373703,24.6708553211965,24.6553430497988,24.5104480028654,24.5363372209139,24.5052693701856,24.6294840235847,24.5673956078683,24.5466910676864,24.6243114319154,24.6294840235847,24.6605140688826,24.7070414568379,24.6501717687129,24.6501717687129,24.6036184425424,24.6036184425424,24.6191385780148,24.5725710861868,24.6191385780148,24.5208044790397,24.598444539334,24.7328808471969,24.9238895190908,25.0424450977087,24.9651418204509,25.1608635787557,25.2791454175921,25.0475965748176,25.3151171854302,25.2945634334578,25.2277352917338,25.2894243522202,25.2020205629554,25.2997022573604,25.2328774638867,25.2277352917338,25.2071640245704,25.2071640245704
24.4016414116675,24.4120089523324,24.4068253139224,24.4068253139224,24.4586498313649,24.4120089523324,24.525982322611,24.4793722593216,24.4897318933139,24.4275582848784,24.5622198668973,24.4223754377718,24.5052693701856,24.5570438632356,24.5518675968447,24.5156263724707,24.5829212550199,24.5673956078683,24.5673956078683,24.5622198668973,24.5208044790397,24.4379231880585,24.4534685658236,24.6243114319154,24.4534685658236,24.3809031634257,24.4638308334468,24.3446010620456,24.3601606905737,24.3549744119754,24.4897318933139,24.5518675968447,24.4638308334468,24.5363372209139,24.5311599032229,24.525982322611,24.5725710861868,24.6036184425424,24.5673956078683,24.4690115721079,24.313474667603,24.4793722593216,24.5518675968447,24.5104480028654,24.5052693701856,24.6243114319154,24.5570438632356,24.5363372209139,24.5518675968447,24.4431052442089,24.4638308334468,24.5104480028654,24.5673956078683,24.5725710861868,24.5777463018912,24.593270373703,24.5777463018912,24.5725710861868,24.6243114319154,24.5518675968447,24.5673956078683,24.5829212550199,24.5622198668973,24.68119552596,24.5622198668973,24.6191385780148,24.6191385780148,24.5052693701856,24.5777463018912,24.5777463018912,24.6553430497988,24.6656848260024,24.593270373703,24.6863652356057,24.6863652356057,24.6346563530609,24.6863652356057,24.6398284203822,24.6708553211965,24.5570438632356,24.5415142757223,24.7483813439431,24.593270373703,24.6553430497988,24.5622198668973,24.5518675968447,24.7587137017957,24.7793752829217,24.7018727940562,24.5415142757223,24.6501717687129,24.7535476535085,24.7225458756109,24.7380479408253,24.8826205758957,24.8103598227198,24.7483813439431,24.9496741564303,24.8826205758957,24.8413349715329,24.7018727940562,24.5725710861868,24.6243114319154,24.598444539334,24.5777463018912,24.5156263724707,24.5518675968447,24.6863652356057,24.6139654618445,24.6501717687129,24.6087920833666,24.7018727940562,24.5518675968447,24.5777463018912,24.5311599032229,24.6294840235847,24.6087920833666,24.6450002255868,24.525982322611,24.6398284203822,24.5466910676864,24.4949113154483,24.5466910676864,24.525982322611,24.5829212550199,24.6243114319154,24.5466910676864,24.6243114319154,24.6760255545029,24.68119552596,24.7018727940562,24.6243114319154,24.6036184425424,24.6398284203822,24.6760255545029,24.6760255545029,24.6346563530609,24.6450002255868,24.5363372209139,24.5311599032229,24.5311599032229,24.5777463018912,24.5725710861868,24.5622198668973,24.6915346834782,24.6243114319154,24.4690115721079,24.6915346834782,24.5622198668973,24.6398284203822,24.6501717687129,24.6294840235847,24.6967038696157,24.6553430497988,24.6139654618445,24.6243114319154,24.6915346834782,24.6036184425424,24.6450002255868,24.6553430497988,24.6294840235847,24.6708553211965,24.5518675968447,24.588095945611,24.6243114319154,24.6036184425424,24.6294840235847,24.6605140688826,24.6398284203822,24.5000904743927,24.525982322611,24.593270373703,24.6191385780148,24.598444539334,24.588095945611,24.6036184425424,24.6450002255868,24.5156263724707,24.6191385780148,24.5777463018912,24.5622198668973,24.5570438632356,24.593270373703,24.5622198668973,24.6708553211965,24.5570438632356,24.525982322611,24.5777463018912,24.5622198668973,24.5000904743927,24.593270373703,24.5829212550199,24.5466910676864,24.5829212550199,24.68119552596,24.588095945611,24.6863652356057,24.7432147730614,24.6036184425424,24.6398284203822,24.6450002255868,24.5466910676864,24.5052693701856,24.6450002255868,24.6501717687129,24.5363372209139,24.6501717687129,24.5415142757223,24.593270373703,24.5725710861868,24.5725710861868,24.6450002255868,24.7483813439431,24.6553430497988,24.6863652356057,24.68119552596,24.6501717687129,24.5622198668973,24.5673956078683,24.6087920833666,24.598444539334,24.68119552596,24.6087920833666,24.7328808471969,24.9290469664651,25.1196900631945,25.2380193782588,25.2483024338098,25.3408035889768,25.3356668224182,25.3151171854302,25.2894243522202,25.2791454175921,25.2071640245704,25.258584458684,25.2945634334578,25.2020205629554,25.1968768433364,25.2174501739369,25.3202549803643
24.4638308334468,24.4482870367845,24.313474667603,24.3394139906367,24.4223754377718,24.4482870367845,24.4793722593216,24.5466910676864,24.5000904743927,24.5052693701856,24.5415142757223,24.5570438632356,24.6294840235847,24.5363372209139,24.4897318933139,24.5466910676864,24.4897318933139,24.5363372209139,24.5363372209139,24.5415142757223,24.5208044790397,24.4431052442089,24.6243114319154,24.4845522079513,24.5104480028654,24.4120089523324,24.3446010620456,24.3549744119754,24.4223754377718,24.4431052442089,24.5052693701856,24.417192326936,24.4638308334468,24.525982322611,24.6191385780148,24.5415142757223,24.5725710861868,24.4897318933139,24.5518675968447,24.5466910676864,24.3030970868713,24.4741920473867,24.5829212550199,24.525982322611,24.4223754377718,24.5725710861868,24.4431052442089,24.4690115721079,24.4482870367845,24.5725710861868,24.5570438632356,24.5622198668973,24.5000904743927,24.5466910676864,24.5363372209139,24.5363372209139,24.5363372209139,24.4949113154483,24.5311599032229,24.4690115721079,24.598444539334,24.6398284203822,24.6863652356057,24.68119552596,24.5415142757223,24.5673956078683,24.6450002255868,24.4949113154483,24.5777463018912,24.598444539334,24.6243114319154,24.7432147730614,24.6139654618445,24.593270373703,24.5777463018912,24.6656848260024,24.6656848260024,24.5725710861868,24.7328808471969,24.5777463018912,24.5415142757223,24.6398284203822,24.7070414568379,24.6501717687129,24.6087920833666,24.598444539334,24.7225458756109,24.7277134921382,24.598444539334,24.5673956078683,24.6243114319154,24.6605140688826,24.6605140688826,24.7225458756109,24.6863652356057,24.7070414568379,24.6967038696157,24.6915346834782,24.7845400253874,24.8258485704877,24.7793752829217,24.5518675968447,24.5725710861868,24.5673956078683,24.588095945611,24.5725710861868,24.6087920833666,24.7225458756109,24.6553430497988,24.6398284203822,24.5570438632356,24.7173779975772,24.6243114319154,24.6863652356057,24.68119552596,24.6708553211965,24.5518675968447,24.6191385780148,24.6294840235847,24.5777463018912,24.4793722593216,24.5570438632356,24.5673956078683,24.5363372209139,24.5466910676864,24.6139654618445,24.588095945611,24.6398284203822,24.6708553211965,24.7070414568379,24.598444539334,24.6191385780148,24.5673956078683,24.6450002255868,24.7845400253874,24.6863652356057,24.5311599032229,24.5829212550199,24.6036184425424,24.5208044790397,24.6087920833666,24.593270373703,24.5725710861868,24.6346563530609,24.6708553211965,24.6863652356057,24.68119552596,24.6760255545029,24.6398284203822,24.6760255545029,24.6760255545029,24.6398284203822,24.6863652356057,24.6139654618445,24.588095945611,24.7380479408253,24.7742102793675,24.6553430497988,24.6863652356057,24.6294840235847,24.68119552596,24.6191385780148,24.7018727940562,24.6450002255868,24.68119552596,24.6656848260024,24.6450002255868,24.6243114319154,24.6346563530609,24.6501717687129,24.598444539334,24.5156263724707,24.6243114319154,24.6087920833666,24.5000904743927,24.5570438632356,24.598444539334,24.6139654618445,24.6294840235847,24.7018727940562,24.6346563530609,24.5000904743927,24.5518675968447,24.5052693701856,24.6087920833666,24.6087920833666,24.6191385780148,24.6191385780148,24.5363372209139,24.5777463018912,24.593270373703,24.6294840235847,24.588095945611,24.6087920833666,24.6656848260024,24.593270373703,24.6346563530609,24.6863652356057,24.6139654618445,24.6501717687129,24.6139654618445,24.5104480028654,24.5156263724707,24.5622198668973,24.6553430497988,24.6243114319154,24.6139654618445,24.5000904743927,24.5363372209139,24.6346563530609,24.5570438632356,24.7483813439431,24.7070414568379,24.6863652356057,24.6915346834782,24.5622198668973,24.5673956078683,24.6501717687129,24.5415142757223,24.6501717687129,24.6501717687129,24.6139654618445,24.6450002255868,24.7328808471969,24.8051963851263,24.9342041538485,25.1557177937613,25.1505717504272,25.1660091054476,25.3048408239653,25.2123072282184,25.2945634334578,25.2842850136107,25.2894243522202,25.1608635787557,25.1865886299367,25.2637250847104,25.1608635787557,25.2431610348875,25.258584458684
24.598444539334,24.4016414116675,24.5000904743927,24.3238511901693,24.4068253139224,24.417192326936,24.5208044790397,24.4379231880585,24.4897318933139,24.5208044790397,24.4120089523324,24.5208044790397,24.5518675968447,24.5777463018912,24.6450002255868,24.598444539334,24.5518675968447,24.593270373703,24.4586498313649,24.4897318933139,24.5415142757223,24.4223754377718,24.5208044790397,24.4379231880585,24.5000904743927,24.4690115721079,24.4327408682945,24.4586498313649,24.4275582848784,24.4120089523324,24.4793722593216,24.396457245529,24.5673956078683,24.5208044790397,24.4949113154483,24.4949113154483,24.5000904743927,24.5518675968447,24.5673956078683,24.5829212550199,24.4741920473867,24.417192326936,24.4223754377718,24.5673956078683,24.5415142757223,24.5725710861868,24.5725710861868,24.5777463018912,24.5000904743927,24.6967038696157,24.4638308334468,24.5104480028654,24.5518675968447,24.588095945611,24.6139654618445,24.4845522079513,24.5311599032229,24.6656848260024,24.6243114319154,24.5622198668973,24.593270373703,24.593270373703,24.5777463018912,24.6605140688826,24.6708553211965,24.598444539334,24.6139654618445,24.593270373703,24.6087920833666,24.6656848260024,24.5777463018912,24.6294840235847,24.6191385780148,24.6760255545029,24.593270373703,24.6553430497988,24.6398284203822,24.6656848260024,24.5622198668973,24.7587137017957,24.5518675968447,24.5725710861868,24.6087920833666,24.593270373703,24.525982322611,24.5052693701856,24.6450002255868,24.7432147730614,24.6967038696157,24.6243114319154,24.6036184425424,24.6553430497988,24.5673956078683,24.7225458756109,24.8568190268782,24.8258485704877,24.9857617364743,24.9290469664651,24.9393610812787,24.7742102793675,24.7845400253874,24.6346563530609,24.6656848260024,24.5311599032229,24.598444539334,24.5518675968447,24.6501717687129,24.7845400253874,24.6087920833666,24.6243114319154,24.6501717687129,24.6294840235847,24.6760255545029,24.6346563530609,24.6346563530609,24.6708553211965,24.6191385780148,24.5777463018912,24.6346563530609,24.5622198668973,24.5518675968447,24.6656848260024,24.5829212550199,24.588095945611,24.6087920833666,24.598444539334,24.5208044790397,24.7070414568379,24.6450002255868,24.6760255545029,24.7018727940562,24.6915346834782,24.7018727940562,24.68119552596,24.4638308334468,24.6450002255868,24.6191385780148,24.593270373703,24.5829212550199,24.6450002255868,24.6036184425424,24.6191385780148,24.6036184425424,24.8516579356668,24.6346563530609,24.7587137017957,24.6450002255868,24.6915346834782,24.6708553211965,24.5673956078683,24.6191385780148,24.5622198668973,24.5311599032229,24.598444539334,24.7122098579989,24.7380479408253,24.7328808471969,24.7638794888426,24.6760255545029,24.68119552596,24.7328808471969,24.6553430497988,24.593270373703,24.5725710861868,24.6036184425424,24.6243114319154,24.6346563530609,24.6346563530609,24.5104480028654,24.6398284203822,24.588095945611,24.6398284203822,24.5673956078683,24.5000904743927,24.5725710861868,24.5000904743927,24.6087920833666,24.6760255545029,24.588095945611,24.6501717687129,24.5466910676864,24.6501717687129,24.6139654618445,24.6553430497988,24.6398284203822,24.6191385780148,24.593270373703,24.6967038696157,24.588095945611,24.5622198668973,24.6915346834782,24.6605140688826,24.5570438632356,24.6760255545029,24.7018727940562,24.5673956078683,24.6553430497988,24.6605140688826,24.7535476535085,24.6708553211965,24.6087920833666,24.5725710861868,24.6294840235847,24.5311599032229,24.6501717687129,24.5415142757223,24.6501717687129,24.6450002255868,24.6398284203822,24.6501717687129,24.6294840235847,24.6605140688826,24.6605140688826,24.6553430497988,24.68119552596,24.6294840235847,24.5466910676864,24.6760255545029,24.588095945611,24.598444539334,24.6346563530609,24.6760255545029,24.5725710861868,24.6139654618445,24.7845400253874,25.0475965748176,25.1917328656758,25.1608635787557,25.3510763511273,25.3459400985342,25.2997022573604,25.2637250847104,25.2945634334578,25.258584458684,25.2174501739369,25.1557177937613,25.3099791333095,25.1865886299367,25.3099791333095,25.2894243522202
24.6139654618445,24.5777463018912,24.6087920833666,24.5777463018912,24.4793722593216,24.4120089523324,24.4068253139224,24.4431052442089,24.4845522079513,24.2511932998677,24.4482870367845,24.4586498313649,24.4482870367845,24.5466910676864,24.5363372209139,24.6915346834782,24.525982322611,24.4638308334468,24.5415142757223,24.4845522079513,24.4638308334468,24.4327408682945,24.417192326936,24.525982322611,24.4120089523324,24.4690115721079,24.4016414116675,24.3705324552306,24.4223754377718,24.4897318933139,24.4223754377718,24.4379231880585,24.4482870367845,24.4275582848784,24.5673956078683,24.4327408682945,24.4534685658236,24.4638308334468,24.4379231880585,24.3860881214467,24.3705324552306,24.5000904743927,24.4431052442089,24.4741920473867,24.4690115721079,24.4638308334468,24.4275582848784,24.4690115721079,24.4482870367845,24.4431052442089,24.4741920473867,24.5104480028654,24.5570438632356,24.5673956078683,24.5518675968447,24.6450002255868,24.5363372209139,24.6501717687129,24.5000904743927,24.4845522079513,24.4534685658236,24.6294840235847,24.6036184425424,24.5104480028654,24.6450002255868,24.68119552596,24.5622198668973,24.5570438632356,24.5466910676864,24.5673956078683,24.6605140688826,24.5570438632356,24.5570438632356,24.6708553211965,24.5673956078683,24.5725710861868,24.5673956078683,24.5673956078683,24.5208044790397,24.6036184425424,24.5518675968447,24.4638308334468,24.598444539334,24.5673956078683,24.588095945611,24.5518675968447,24.598444539334,24.7018727940562,24.6398284203822,24.7070414568379,24.68119552596,24.5673956078683,24.836173098535,24.8258485704877,24.8516579356668,24.8929393729232,24.9342041538485,24.7483813439431,24.6139654618445,24.6605140688826,24.6501717687129,24.6553430497988,24.5725710861868,24.4690115721079,24.4949113154483,24.4586498313649,24.593270373703,24.4897318933139,24.598444539334,24.5466910676864,24.5000904743927,24.5052693701856,24.4949113154483,24.6243114319154,24.6708553211965,24.5570438632356,24.5777463018912,24.4897318933139,24.5208044790397,24.6191385780148,24.4534685658236,24.5104480028654,24.5777463018912,24.593270373703,24.5052693701856,24.5104480028654,24.588095945611,24.6036184425424,24.593270373703,24.6760255545029,24.7018727940562,24.7277134921382,24.593270373703,24.6863652356057,24.6450002255868,24.68119552596,24.4845522079513,24.6294840235847,24.6501717687129,24.6294840235847,24.6398284203822,24.6915346834782,24.5311599032229,24.6294840235847,24.6346563530609,24.6501717687129,24.6450002255868,24.5104480028654,24.5208044790397,24.5518675968447,24.5415142757223,24.5208044790397,24.5415142757223,24.588095945611,24.5829212550199,24.6501717687129,24.6294840235847,24.6346563530609,24.6346563530609,24.5518675968447,24.6605140688826,24.6553430497988,24.6553430497988,24.598444539334,24.6243114319154,24.6294840235847,24.6553430497988,24.5052693701856,24.6139654618445,24.5052693701856,24.5363372209139,24.5104480028654,24.5777463018912,24.5725710861868,24.5052693701856,24.4431052442089,24.6087920833666,24.5208044790397,24.6450002255868,24.5415142757223,24.5208044790397,24.5208044790397,24.6191385780148,24.5725710861868,24.593270373703,24.588095945611,24.593270373703,24.5829212550199,24.6036184425424,24.6087920833666,24.6036184425424,24.5829212550199,24.6346563530609,24.7742102793675,24.6087920833666,24.5208044790397,24.5673956078683,24.5570438632356,24.6708553211965,24.6605140688826,24.8516579356668,24.6450002255868,24.5466910676864,24.6346563530609,24.4949113154483,24.6346563530609,24.6294840235847,24.6605140688826,24.7587137017957,24.6243114319154,24.6501717687129,24.6501717687129,24.6553430497988,24.68119552596,24.6501717687129,24.5725710861868,24.5466910676864,24.6398284203822,24.3757179413665,24.598444539334,24.6450002255868,24.5311599032229,24.5725710861868,24.6087920833666,24.7897045068028,24.7897045068028,25.0372933614365,25.2688654531791,25.2534435750629,25.1608635787557,25.2688654531791,25.2071640245704,25.258584458684,25.2431610348875,25.1608635787557,25.1454254487159,25.2894243522202,25.1865886299367,25.2791454175921,25.325392518149
24.4741920473867,24.598444539334,24.6036184425424,24.5829212550199,24.5052693701856,24.6346563530609,24.417192326936,24.313474667603,24.5052693701856,24.3809031634257,24.3809031634257,24.4016414116675,24.4120089523324,24.5052693701856,24.588095945611,24.598444539334,24.5208044790397,24.3809031634257,24.5570438632356,24.5725710861868,24.5052693701856,24.4275582848784,24.4223754377718,24.1992630121316,24.2927184476639,24.3238511901693,24.2927184476639,24.6036184425424,24.598444539334,24.6036184425424,24.4845522079513,24.5156263724707,24.5311599032229,24.5156263724707,24.5570438632356,24.5725710861868,24.6398284203822,24.5622198668973,24.4379231880585,24.4897318933139,24.5000904743927,24.4638308334468,24.4690115721079,24.4949113154483,24.6760255545029,24.5104480028654,24.5104480028654,24.4638308334468,24.5725710861868,24.5156263724707,24.5466910676864,24.4845522079513,24.5311599032229,24.588095945611,24.6087920833666,24.588095945611,24.5777463018912,24.5311599032229,24.4586498313649,24.4431052442089,24.6139654618445,24.6294840235847,24.598444539334,24.5673956078683,24.588095945611,24.6087920833666,24.5104480028654,24.6191385780148,24.6087920833666,24.5725710861868,24.5518675968447,24.6501717687129,24.5673956078683,24.525982322611,24.5673956078683,24.6398284203822,24.598444539334,24.6087920833666,24.4845522079513,24.5570438632356,24.4690115721079,24.5052693701856,24.5725710861868,24.4327408682945,24.5829212550199,24.5622198668973,24.588095945611,24.4690115721079,24.6087920833666,24.4897318933139,24.4275582848784,24.6346563530609,24.4482870367845,24.5570438632356,24.6760255545029,24.6656848260024,24.5777463018912,24.5570438632356,24.4845522079513,24.5673956078683,24.6398284203822,24.5466910676864,24.5104480028654,24.5777463018912,24.5415142757223,24.4897318933139,24.4482870367845,24.4793722593216,24.4845522079513,24.588095945611,24.6087920833666,24.598444539334,24.5156263724707,24.5829212550199,24.5777463018912,24.5673956078683,24.4431052442089,24.5052693701856,24.4949113154483,24.5673956078683,24.4949113154483,24.6605140688826,24.588095945611,24.588095945611,24.5104480028654,24.5363372209139,24.5311599032229,24.588095945611,24.525982322611,24.4793722593216,24.5777463018912,24.593270373703,24.588095945611,24.4431052442089,24.6191385780148,24.5829212550199,24.6294840235847,24.5725710861868,24.5570438632356,24.5777463018912,24.5673956078683,24.5673956078683,24.5104480028654,24.5673956078683,24.6294840235847,24.6294840235847,24.5156263724707,24.5156263724707,24.5725710861868,24.525982322611,24.5829212550199,24.4897318933139,24.6708553211965,24.6398284203822,24.6656848260024,24.6346563530609,24.6553430497988,24.6294840235847,24.6450002255868,24.6553430497988,24.6915346834782,24.7173779975772,24.7070414568379,24.6915346834782,24.6656848260024,24.6398284203822,24.6243114319154,24.5156263724707,24.6450002255868,24.5000904743927,24.5725710861868,24.4793722593216,24.4949113154483,24.5466910676864,24.4949113154483,24.588095945611,24.5208044790397,24.4949113154483,24.4741920473867,24.4949113154483,24.4741920473867,24.4897318933139,24.6501717687129,24.593270373703,24.525982322611,24.525982322611,24.598444539334,24.6139654618445,24.5622198668973,24.5363372209139,24.7845400253874,24.6294840235847,24.5777463018912,24.5466910676864,24.5777463018912,24.5570438632356,24.4793722593216,24.6656848260024,24.6656848260024,24.5777463018912,24.6553430497988,24.4741920473867,24.4327408682945,24.5673956078683,24.6139654618445,24.6036184425424,24.6294840235847,24.6139654618445,24.6708553211965,24.6450002255868,24.8000326866343,24.5363372209139,24.7380479408253,24.6656848260024,24.6450002255868,24.6398284203822,24.598444539334,24.5570438632356,24.5673956078683,24.5622198668973,24.5104480028654,24.68119552596,24.6294840235847,24.4068253139224,24.7845400253874,24.7897045068028,24.8980983810354,25.0321413659635,25.2945634334578,25.3048408239653,25.2894243522202,25.1865886299367,25.2740055641272,25.2842850136107,25.258584458684,25.2123072282184,25.1917328656758,25.1145422104357,25.2225928617629,25.1351320700124
24.4068253139224,24.3912728154683,24.4482870367845,24.5052693701856,24.5156263724707,24.4120089523324,24.396457245529,24.4845522079513,24.4327408682945,24.313474667603,24.3705324552306,24.5363372209139,24.4638308334468,24.4793722593216,24.5052693701856,24.4586498313649,24.4534685658236,24.2927184476639,24.4379231880585,24.4379231880585,24.4586498313649,24.4431052442089,24.2771485035319,24.3912728154683,24.4327408682945,24.4016414116675,24.4068253139224,24.4897318933139,24.5311599032229,24.4690115721079,24.5208044790397,24.525982322611,24.4379231880585,24.5311599032229,24.5156263724707,24.4586498313649,24.6294840235847,24.6087920833666,24.4845522079513,24.588095945611,24.4379231880585,24.4431052442089,24.4793722593216,24.5156263724707,24.5208044790397,24.5208044790397,24.3757179413665,24.5104480028654,24.588095945611,24.5415142757223,24.5725710861868,24.525982322611,24.5052693701856,24.5518675968447,24.4845522079513,24.5415142757223,24.4223754377718,24.5363372209139,24.4845522079513,24.4586498313649,24.4534685658236,24.593270373703,24.6139654618445,24.6243114319154,24.7483813439431,24.525982322611,24.5104480028654,24.5622198668973,24.6036184425424,24.5622198668973,24.5415142757223,24.4275582848784,24.5673956078683,24.5311599032229,24.4845522079513,24.6553430497988,24.4845522079513,24.598444539334,24.4741920473867,24.4793722593216,24.4482870367845,24.4223754377718,24.5673956078683,24.4793722593216,24.5363372209139,24.4897318933139,24.5673956078683,24.5000904743927,24.4275582848784,24.4327408682945,24.4741920473867,24.4120089523324,24.4534685658236,24.4379231880585,24.4379231880585,24.4482870367845,24.4068253139224,24.3290390547373,24.4223754377718,24.396457245529,24.4638308334468,24.5000904743927,24.4275582848784,24.4897318933139,24.4431052442089,24.3809031634257,24.5208044790397,24.5363372209139,24.6398284203822,24.4845522079513,24.4897318933139,24.5000904743927,24.6243114319154,24.5725710861868,24.4120089523324,24.5104480028654,24.5052693701856,24.5156263724707,24.5311599032229,24.6191385780148,24.5518675968447,24.6605140688826,24.598444539334,24.6760255545029,24.5777463018912,24.4586498313649,24.593270373703,24.7070414568379,24.7277134921382,24.5518675968447,24.588095945611,24.6346563530609,24.4741920473867,24.6553430497988,24.6243114319154,24.6191385780148,24.6398284203822,24.5777463018912,24.5622198668973,24.5415142757223,24.5622198668973,24.5156263724707,24.5415142757223,24.5725710861868,24.525982322611,24.6191385780148,24.6139654618445,24.525982322611,24.5311599032229,24.6398284203822,24.5104480028654,24.5725710861868,24.6450002255868,24.588095945611,24.6967038696157,24.5363372209139,24.6243114319154,24.6294840235847,24.5777463018912,24.6450002255868,24.5777463018912,24.6501717687129,24.6501717687129,24.7070414568379,24.6036184425424,24.598444539334,24.6294840235847,24.5208044790397,24.6294840235847,24.6243114319154,24.4690115721079,24.5156263724707,24.5311599032229,24.6036184425424,24.5156263724707,24.4016414116675,24.4793722593216,24.4897318933139,24.593270373703,24.68119552596,24.5622198668973,24.6656848260024,24.5622198668973,24.5570438632356,24.5208044790397,24.5725710861868,24.5673956078683,24.5518675968447,24.593270373703,24.5829212550199,24.5518675968447,24.6708553211965,24.6398284203822,24.525982322611,24.6398284203822,24.5466910676864,24.5156263724707,24.5673956078683,24.5363372209139,24.6553430497988,24.4845522079513,24.5104480028654,24.6501717687129,24.5518675968447,24.5415142757223,24.593270373703,24.5570438632356,24.6139654618445,24.6450002255868,24.7328808471969,24.6346563530609,24.7638794888426,24.5415142757223,24.5311599032229,24.5777463018912,24.5363372209139,24.6656848260024,24.525982322611,24.5104480028654,24.6139654618445,24.588095945611,24.6139654618445,24.6553430497988,24.6243114319154,24.6708553211965,24.8723007375455,24.7948687272058,24.8980983810354,25.0321413659635,25.2277352917338,25.2945634334578,25.2071640245704,25.2020205629554,25.14027888859,25.2020205629554,25.2997022573604,25.3099791333095,25.3408035889768,25.2997022573604,25.3151171854302
24.6036184425424,24.3290390547373,24.4379231880585,24.5622198668973,24.4534685658236,24.3549744119754,24.4534685658236,24.5208044790397,24.4949113154483,24.5052693701856,24.3653467049792,24.417192326936,24.3809031634257,24.4275582848784,24.4845522079513,24.5415142757223,24.4223754377718,24.3446010620456,24.4431052442089,24.4534685658236,24.588095945611,24.4534685658236,24.525982322611,24.3809031634257,24.4275582848784,24.5208044790397,24.5518675968447,24.4068253139224,24.525982322611,24.4586498313649,24.4120089523324,24.5518675968447,24.5208044790397,24.5156263724707,24.5208044790397,24.5052693701856,24.6501717687129,24.6501717687129,24.588095945611,24.4897318933139,24.4482870367845,24.4482870367845,24.5725710861868,24.4741920473867,24.4949113154483,24.4949113154483,24.3809031634257,24.5104480028654,24.5725710861868,24.5156263724707,24.4741920473867,24.5363372209139,24.3653467049792,24.4275582848784,24.4741920473867,24.5466910676864,24.5052693701856,24.525982322611,24.4741920473867,24.4534685658236,24.5415142757223,24.5622198668973,24.5725710861868,24.5156263724707,24.5725710861868,24.5570438632356,24.5052693701856,24.588095945611,24.5777463018912,24.6036184425424,24.4327408682945,24.4223754377718,24.5570438632356,24.4690115721079,24.4534685658236,24.4534685658236,24.5156263724707,24.5466910676864,24.5518675968447,24.5622198668973,24.4482870367845,24.5673956078683,24.4897318933139,24.4586498313649,24.5518675968447,24.5570438632356,24.5518675968447,24.6139654618445,24.4897318933139,24.5156263724707,24.4327408682945,24.4120089523324,24.3342266548802,24.3809031634257,24.4327408682945,24.4845522079513,24.261576176083,24.3549744119754,24.3653467049792,24.3757179413665,24.4741920473867,24.4897318933139,24.5156263724707,24.5104480028654,24.5466910676864,24.4534685658236,24.5415142757223,24.5052693701856,24.5052693701856,24.4949113154483,24.4793722593216,24.5000904743927,24.5104480028654,24.525982322611,24.4223754377718,24.4638308334468,24.5104480028654,24.4845522079513,24.4845522079513,24.5466910676864,24.5777463018912,24.6553430497988,24.6243114319154,24.6656848260024,24.5829212550199,24.5829212550199,24.6087920833666,24.7225458756109,24.6294840235847,24.7380479408253,24.7380479408253,24.6450002255868,24.6243114319154,24.593270373703,24.6656848260024,24.6553430497988,24.6553430497988,24.4949113154483,24.4793722593216,24.5725710861868,24.5311599032229,24.5673956078683,24.5363372209139,24.6294840235847,24.598444539334,24.5777463018912,24.5777463018912,24.525982322611,24.588095945611,24.5570438632356,24.6139654618445,24.525982322611,24.5156263724707,24.6243114319154,24.6036184425424,24.6036184425424,24.6398284203822,24.6294840235847,24.6760255545029,24.6450002255868,24.7225458756109,24.6863652356057,24.6450002255868,24.6087920833666,24.6605140688826,24.6139654618445,24.6760255545029,24.6346563530609,24.6243114319154,24.6450002255868,24.5104480028654,24.5156263724707,24.5156263724707,24.525982322611,24.5104480028654,24.6398284203822,24.5156263724707,24.593270373703,24.5673956078683,24.5725710861868,24.5673956078683,24.593270373703,24.5104480028654,24.6087920833666,24.5518675968447,24.588095945611,24.5673956078683,24.588095945611,24.4845522079513,24.6087920833666,24.5518675968447,24.588095945611,24.5673956078683,24.6191385780148,24.5415142757223,24.525982322611,24.5156263724707,24.5415142757223,24.5311599032229,24.6243114319154,24.5415142757223,24.5208044790397,24.5052693701856,24.525982322611,24.5622198668973,24.598444539334,24.588095945611,24.6087920833666,24.6036184425424,24.6398284203822,24.6501717687129,24.5673956078683,24.6553430497988,24.5415142757223,24.6243114319154,24.5208044790397,24.598444539334,24.5673956078683,24.5673956078683,24.5829212550199,24.6553430497988,24.6087920833666,24.6346563530609,24.6398284203822,24.68119552596,24.7690450146872,24.8155229994525,24.954830304227,24.8877801045559,25.0939482126385,25.1608635787557,25.2123072282184,25.2791454175921,25.1814441360816,25.1762993840732,25.1093940990381,25.1762993840732,25.1968768433364,25.3048408239653,25.1505717504272
24.313474667603,24.4016414116675,24.4845522079513,24.4223754377718,24.4275582848784,24.4690115721079,24.4223754377718,24.4534685658236,24.4120089523324,24.4275582848784,24.4223754377718,24.4690115721079,24.5156263724707,24.4638308334468,24.4793722593216,24.525982322611,24.4379231880585,24.4741920473867,24.5156263724707,24.4431052442089,24.4068253139224,24.3860881214467,24.396457245529,24.4690115721079,24.4793722593216,24.5415142757223,24.4120089523324,24.3757179413665,24.417192326936,24.5052693701856,24.5570438632356,24.5466910676864,24.4327408682945,24.4690115721079,24.4949113154483,24.5829212550199,24.5622198668973,24.6501717687129,24.4897318933139,24.3912728154683,24.6450002255868,24.4949113154483,24.6605140688826,24.6605140688826,24.5156263724707,24.3549744119754,24.3653467049792,24.4016414116675,24.5000904743927,24.5518675968447,24.4223754377718,24.3757179413665,24.5000904743927,24.525982322611,24.6036184425424,24.5622198668973,24.5829212550199,24.5415142757223,24.5311599032229,24.5363372209139,24.5208044790397,24.5415142757223,24.4741920473867,24.4223754377718,24.4845522079513,24.4120089523324,24.5104480028654,24.598444539334,24.5829212550199,24.3912728154683,24.4120089523324,24.3342266548802,24.598444539334,24.4482870367845,24.4379231880585,24.4690115721079,24.4379231880585,24.5415142757223,24.5518675968447,24.5777463018912,24.5622198668973,24.5156263724707,24.5311599032229,24.4638308334468,24.5000904743927,24.4949113154483,24.5673956078683,24.5363372209139,24.5052693701856,24.417192326936,24.4431052442089,24.4586498313649,24.417192326936,24.4120089523324,24.4275582848784,24.3601606905737,24.266767216777,24.266767216777,24.4638308334468,24.266767216777,24.4379231880585,24.4379231880585,24.417192326936,24.5104480028654,24.5156263724707,24.5363372209139,24.5208044790397,24.4793722593216,24.5104480028654,24.4949113154483,24.4016414116675,24.4431052442089,24.4949113154483,24.4534685658236,24.4897318933139,24.5000904743927,24.4690115721079,24.4534685658236,24.3601606905737,24.525982322611,24.3497878691456,24.4223754377718,24.598444539334,24.593270373703,24.6346563530609,24.6450002255868,24.6191385780148,24.6967038696157,24.6243114319154,24.6036184425424,24.6191385780148,24.6191385780148,24.6605140688826,24.5363372209139,24.6605140688826,24.6450002255868,24.5622198668973,24.525982322611,24.4897318933139,24.5622198668973,24.525982322611,24.6087920833666,24.5156263724707,24.5208044790397,24.525982322611,24.5156263724707,24.5570438632356,24.5725710861868,24.5829212550199,24.5052693701856,24.6243114319154,24.6191385780148,24.6191385780148,24.6087920833666,24.6708553211965,24.7277134921382,24.7535476535085,24.68119552596,24.6863652356057,24.4741920473867,24.6243114319154,24.6501717687129,24.6346563530609,24.4793722593216,24.6191385780148,24.6191385780148,24.6294840235847,24.6191385780148,24.4275582848784,24.5725710861868,24.5466910676864,24.5311599032229,24.5000904743927,24.4949113154483,24.5725710861868,24.5570438632356,24.5622198668973,24.6967038696157,24.5570438632356,24.5622198668973,24.525982322611,24.4949113154483,24.5104480028654,24.6501717687129,24.5466910676864,24.5673956078683,24.5052693701856,24.5725710861868,24.4741920473867,24.6294840235847,24.5622198668973,24.5415142757223,24.6294840235847,24.5415142757223,24.5208044790397,24.5208044790397,24.5000904743927,24.6450002255868,24.5673956078683,24.6243114319154,24.6346563530609,24.6450002255868,24.5104480028654,24.598444539334,24.6553430497988,24.5725710861868,24.5518675968447,24.6191385780148,24.6243114319154,24.6346563530609,24.6346563530609,24.6087920833666,24.5466910676864,24.5466910676864,24.6036184425424,24.5311599032229,24.5311599032229,24.5622198668973,24.5622198668973,24.5415142757223,24.5622198668973,24.598444539334,24.5725710861868,24.5363372209139,24.5415142757223,24.6191385780148,24.7380479408253,24.8258485704877,24.8826205758957,25.0784999971428,25.1865886299367,25.1814441360816,25.2842850136107,25.1660091054476,25.2123072282184,25.2174501739369,25.1968768433364,25.1762993840732,25.2020205629554,25.2277352917338
24.5363372209139,24.6398284203822,24.3290390547373,24.525982322611,24.4275582848784,24.4223754377718,24.4897318933139,24.417192326936,24.5208044790397,24.4068253139224,24.5415142757223,24.5466910676864,24.4897318933139,24.5622198668973,24.4793722593216,24.2875287310348,24.4793722593216,24.4897318933139,24.5725710861868,24.4586498313649,24.4690115721079,24.4068253139224,24.7380479408253,24.4431052442089,24.4275582848784,24.4068253139224,24.4741920473867,24.417192326936,24.4845522079513,24.4431052442089,24.4482870367845,24.5415142757223,24.5052693701856,24.5000904743927,24.5000904743927,24.593270373703,24.5777463018912,24.6450002255868,24.4275582848784,24.4949113154483,24.4949113154483,24.5466910676864,24.6553430497988,24.5673956078683,24.5052693701856,24.3601606905737,24.3653467049792,24.4223754377718,24.396457245529,24.4741920473867,24.5363372209139,24.4897318933139,24.4741920473867,24.4275582848784,24.5466910676864,24.5673956078683,24.5363372209139,24.5466910676864,24.5156263724707,24.5208044790397,24.4793722593216,24.6398284203822,24.4949113154483,24.4690115721079,24.5104480028654,24.5725710861868,24.5052693701856,24.4741920473867,24.4897318933139,24.396457245529,24.3082860095273,24.5000904743927,24.5208044790397,24.588095945611,24.5518675968447,24.525982322611,24.4431052442089,24.5622198668973,24.5415142757223,24.5466910676864,24.588095945611,24.5829212550199,24.593270373703,24.5518675968447,24.6036184425424,24.4897318933139,24.4690115721079,24.4690115721079,24.5311599032229,24.4949113154483,24.4120089523324,24.4327408682945,24.396457245529,24.4275582848784,24.4223754377718,24.3342266548802,24.3549744119754,24.3394139906367,24.3497878691456,24.235616997893,24.3809031634257,24.4845522079513,24.4068253139224,24.6346563530609,24.5104480028654,24.6450002255868,24.5208044790397,24.4638308334468,24.5570438632356,24.4949113154483,24.4949113154483,24.3860881214467,24.417192326936,24.4068253139224,24.5311599032229,24.5829212550199,24.4016414116675,24.2927184476639,24.3290390547373,24.4431052442089,24.3497878691456,24.5777463018912,24.5570438632356,24.6656848260024,24.6656848260024,24.6450002255868,24.6708553211965,24.5673956078683,24.5518675968447,24.6294840235847,24.7380479408253,24.6243114319154,24.7690450146872,24.6139654618445,24.5466910676864,24.5363372209139,24.5156263724707,24.5518675968447,24.5777463018912,24.5208044790397,24.5622198668973,24.525982322611,24.5570438632356,24.4741920473867,24.5000904743927,24.4845522079513,24.5311599032229,24.6036184425424,24.6139654618445,24.6243114319154,24.7070414568379,24.7070414568379,24.6398284203822,24.6398284203822,24.6760255545029,24.6656848260024,24.6656848260024,24.6708553211965,24.6708553211965,24.5518675968447,24.6294840235847,24.593270373703,24.7122098579989,24.7225458756109,24.5622198668973,24.5208044790397,24.6967038696157,24.5363372209139,24.5415142757223,24.6087920833666,24.5570438632356,24.6243114319154,24.5311599032229,24.598444539334,24.525982322611,24.5518675968447,24.5415142757223,24.5622198668973,24.5777463018912,24.5415142757223,24.6139654618445,24.6501717687129,24.5829212550199,24.5777463018912,24.593270373703,24.5673956078683,24.6398284203822,24.6501717687129,24.5777463018912,24.6243114319154,24.4793722593216,24.6243114319154,24.5052693701856,24.6501717687129,24.6036184425424,24.5829212550199,24.4845522079513,24.588095945611,24.5208044790397,24.5725710861868,24.5311599032229,24.6139654618445,24.5777463018912,24.5829212550199,24.5052693701856,24.593270373703,24.5466910676864,24.6294840235847,24.6294840235847,24.6139654618445,24.6398284203822,24.7328808471969,24.5622198668973,24.5673956078683,24.7018727940562,24.6656848260024,24.5363372209139,24.5156263724707,24.598444539334,24.6139654618445,24.5777463018912,24.5777463018912,24.6450002255868,24.6398284203822,24.5622198668973,24.6708553211965,24.8258485704877,24.7380479408253,24.9290469664651,25.0475965748176,25.0784999971428,25.2225928617629,25.3151171854302,25.2791454175921,25.2020205629554,25.3305297988212,25.1917328656758,25.1814441360816,25.2842850136107,25.3048408239653
24.3549744119754,24.5311599032229,24.4016414116675,24.5415142757223,24.5104480028654,24.525982322611,24.4431052442089,24.4327408682945,24.525982322611,24.4379231880585,24.4327408682945,24.5104480028654,24.4534685658236,24.5673956078683,24.4638308334468,24.5777463018912,24.4534685658236,24.5518675968447,24.5829212550199,24.5725710861868,24.5104480028654,24.4482870367845,24.5052693701856,24.4949113154483,24.5000904743927,24.6036184425424,24.4586498313649,24.4949113154483,24.5777463018912,24.4793722593216,24.5829212550199,24.5622198668973,24.5156263724707,24.4534685658236,24.4949113154483,24.5725710861868,24.6087920833666,24.6553430497988,24.525982322611,24.4068253139224,24.235616997893,24.5311599032229,24.5570438632356,24.3446010620456,24.3497878691456,24.5415142757223,24.3757179413665,24.4068253139224,24.396457245529,24.4275582848784,24.5208044790397,24.4379231880585,24.4638308334468,24.4586498313649,24.5363372209139,24.5622198668973,24.5777463018912,24.5156263724707,24.5208044790397,24.5570438632356,24.525982322611,24.5156263724707,24.4223754377718,24.417192326936,24.4638308334468,24.5104480028654,24.6605140688826,24.5673956078683,24.3912728154683,24.4275582848784,24.4949113154483,24.4275582848784,24.5156263724707,24.588095945611,24.4482870367845,24.4845522079513,24.588095945611,24.6139654618445,24.5000904743927,24.525982322611,24.6191385780148,24.5725710861868,24.5777463018912,24.6450002255868,24.6191385780148,24.6139654618445,24.5518675968447,24.5466910676864,24.4949113154483,24.5208044790397,24.4897318933139,24.4120089523324,24.3705324552306,24.3912728154683,24.3705324552306,24.3757179413665,24.3601606905737,24.2511932998677,24.4638308334468,24.417192326936,24.3653467049792,24.5104480028654,24.4897318933139,24.593270373703,24.5570438632356,24.6708553211965,24.5518675968447,24.4534685658236,24.5518675968447,24.5725710861868,24.3186630611374,24.4327408682945,24.525982322611,24.4534685658236,24.6036184425424,24.525982322611,24.4327408682945,24.4534685658236,24.5518675968447,24.4638308334468,24.4016414116675,24.68119552596,24.6294840235847,24.68119552596,24.6191385780148,24.7690450146872,24.6553430497988,24.5725710861868,24.593270373703,24.6191385780148,24.6450002255868,24.7328808471969,24.7587137017957,24.598444539334,24.5570438632356,24.588095945611,24.6346563530609,24.5156263724707,24.5415142757223,24.4949113154483,24.5622198668973,24.5518675968447,24.5052693701856,24.4534685658236,24.4534685658236,24.4690115721079,24.3342266548802,24.588095945611,24.5725710861868,24.593270373703,24.7535476535085,24.8000326866343,24.6450002255868,24.6450002255868,24.6967038696157,24.6553430497988,24.6450002255868,24.6346563530609,24.6398284203822,24.6708553211965,24.6346563530609,24.68119552596,24.6553430497988,24.7277134921382,24.6087920833666,24.6605140688826,24.6087920833666,24.6087920833666,24.5725710861868,24.5415142757223,24.6501717687129,24.5156263724707,24.5415142757223,24.6036184425424,24.5777463018912,24.525982322611,24.5622198668973,24.5000904743927,24.5673956078683,24.5052693701856,24.5725710861868,24.598444539334,24.5725710861868,24.5777463018912,24.588095945611,24.5777463018912,24.5622198668973,24.4638308334468,24.6243114319154,24.588095945611,24.6346563530609,24.5518675968447,24.5156263724707,24.5829212550199,24.4793722593216,24.6191385780148,24.4741920473867,24.593270373703,24.5156263724707,24.5622198668973,24.525982322611,24.4949113154483,24.5363372209139,24.4690115721079,24.588095945611,24.6087920833666,24.525982322611,24.6087920833666,24.6294840235847,24.6294840235847,24.598444539334,24.5466910676864,24.6243114319154,24.6605140688826,24.5673956078683,24.6501717687129,24.598444539334,24.5570438632356,24.7225458756109,24.7070414568379,24.7432147730614,24.7432147730614,24.6605140688826,24.6346563530609,24.593270373703,24.6243114319154,24.68119552596,24.8568190268782,24.8413349715329,25.0012239478063,25.0527477928007,25.2020205629554,25.2483024338098,25.1557177937613,25.2277352917338,25.3664835674914,25.1865886299367,25.2277352917338,25.1762993840732,25.2688654531791
24.417192326936,24.525982322611,24.5208044790397,24.4223754377718,24.4741920473867,24.5415142757223,24.4275582848784,24.5052693701856,24.4379231880585,24.3912728154683,24.4275582848784,24.4690115721079,24.5518675968447,24.4793722593216,24.4949113154483,24.5415142757223,24.588095945611,24.5725710861868,24.5570438632356,24.5208044790397,24.5104480028654,24.5000904743927,24.4793722593216,24.4482870367845,24.4431052442089,24.4949113154483,24.4949113154483,24.4949113154483,24.4379231880585,24.4534685658236,24.4949113154483,24.5052693701856,24.4690115721079,24.4741920473867,24.3290390547373,24.5363372209139,24.5673956078683,24.5156263724707,24.4586498313649,24.4223754377718,24.417192326936,24.5311599032229,24.4638308334468,24.3860881214467,24.4379231880585,24.525982322611,24.4741920473867,24.4223754377718,24.4016414116675,24.3238511901693,24.4379231880585,24.4741920473867,24.525982322611,24.4741920473867,24.5570438632356,24.525982322611,24.588095945611,24.5725710861868,24.5156263724707,24.4949113154483,24.5104480028654,24.5104480028654,24.5570438632356,24.4741920473867,24.4638308334468,24.5518675968447,24.4949113154483,24.5052693701856,24.3601606905737,24.3030970868713,24.3186630611374,24.4586498313649,24.3342266548802,24.4690115721079,24.4741920473867,24.5104480028654,24.5052693701856,24.5311599032229,24.5311599032229,24.5570438632356,24.5673956078683,24.5777463018912,24.6863652356057,24.6553430497988,24.4845522079513,24.5000904743927,24.5311599032229,24.5466910676864,24.5208044790397,24.5208044790397,24.417192326936,24.4120089523324,24.417192326936,24.3653467049792,24.4638308334468,24.4586498313649,24.261576176083,24.3030970868713,24.261576176083,24.3653467049792,24.3809031634257,24.4223754377718,24.4275582848784,24.5052693701856,24.6708553211965,24.598444539334,24.6087920833666,24.598444539334,24.4638308334468,24.3446010620456,24.396457245529,24.313474667603,24.4586498313649,24.5156263724707,24.417192326936,24.5000904743927,24.4482870367845,24.4016414116675,24.5156263724707,24.525982322611,24.5363372209139,24.5518675968447,24.6967038696157,24.6605140688826,24.6243114319154,24.5777463018912,24.6294840235847,24.5570438632356,24.5725710861868,24.6243114319154,24.7690450146872,24.6553430497988,24.6036184425424,24.5363372209139,24.525982322611,24.588095945611,24.5104480028654,24.417192326936,24.5415142757223,24.5570438632356,24.5415142757223,24.5829212550199,24.5052693701856,24.4638308334468,24.4845522079513,24.4223754377718,24.4793722593216,24.4897318933139,24.588095945611,24.5777463018912,24.6087920833666,24.5208044790397,24.6139654618445,24.5156263724707,24.5156263724707,24.593270373703,24.6450002255868,24.5725710861868,24.6191385780148,24.6191385780148,24.6243114319154,24.6191385780148,24.588095945611,24.6346563530609,24.6243114319154,24.6087920833666,24.6191385780148,24.5311599032229,24.6243114319154,24.5518675968447,24.6346563530609,24.5104480028654,24.5208044790397,24.5311599032229,24.4949113154483,24.5673956078683,24.4586498313649,24.5673956078683,24.5673956078683,24.588095945611,24.5570438632356,24.588095945611,24.593270373703,24.5777463018912,24.6501717687129,24.5777463018912,24.5829212550199,24.6087920833666,24.5052693701856,24.6553430497988,24.6346563530609,24.5000904743927,24.593270373703,24.4741920473867,24.6501717687129,24.5622198668973,24.6139654618445,24.5570438632356,24.4586498313649,24.5622198668973,24.5829212550199,24.4741920473867,24.4482870367845,24.5415142757223,24.5466910676864,24.5518675968447,24.5156263724707,24.6087920833666,24.5052693701856,24.5052693701856,24.6191385780148,24.598444539334,24.6605140688826,24.6553430497988,24.6708553211965,24.5725710861868,24.6450002255868,24.6191385780148,24.5829212550199,24.525982322611,24.7483813439431,24.6036184425424,24.5415142757223,24.6243114319154,24.4586498313649,24.5363372209139,24.7587137017957,24.7535476535085,24.8258485704877,24.8310109648659,24.8258485704877,25.0681998923707,25.2174501739369,25.1196900631945,25.2071640245704,25.1711543738743,25.1865886299367,25.1917328656758,25.2225928617629,25.1762993840732
24.5208044790397,24.5208044790397,24.4275582848784,24.4327408682945,24.4379231880585,24.4431052442089,24.396457245529,24.4845522079513,24.4223754377718,24.4379231880585,24.4793722593216,24.4845522079513,24.4845522079513,24.4793722593216,24.4586498313649,24.5622198668973,24.4845522079513,24.6087920833666,24.588095945611,24.5725710861868,24.5466910676864,24.3705324552306,24.5208044790397,24.5052693701856,24.593270373703,24.4638308334468,24.4275582848784,24.4845522079513,24.3912728154683,24.5415142757223,24.4845522079513,24.4793722593216,24.4690115721079,24.5570438632356,24.6139654618445,24.4431052442089,24.4379231880585,24.5415142757223,24.5725710861868,24.6139654618445,24.598444539334,24.5725710861868,24.6087920833666,24.5363372209139,24.4016414116675,24.4534685658236,24.3757179413665,24.5052693701856,24.4068253139224,24.4379231880585,24.4949113154483,24.525982322611,24.5570438632356,24.4793722593216,24.5829212550199,24.593270373703,24.4897318933139,24.598444539334,24.5311599032229,24.5363372209139,24.5156263724707,24.4482870367845,24.6036184425424,24.6191385780148,24.5208044790397,24.4482870367845,24.4949113154483,24.5363372209139,24.3290390547373,24.19406852432,24.4897318933139,24.4379231880585,24.4275582848784,24.5156263724707,24.4845522079513,24.3809031634257,24.3757179413665,24.5104480028654,24.5363372209139,24.5000904743927,24.5466910676864,24.6346563530609,24.6243114319154,24.5466910676864,24.4690115721079,24.5777463018912,24.5415142757223,24.5466910676864,24.5208044790397,24.4586498313649,24.4275582848784,24.4120089523324,24.5156263724707,24.3549744119754,24.396457245529,24.4482870367845,24.3238511901693,24.2927184476639,24.313474667603,24.4534685658236,24.4379231880585,24.4845522079513,24.5052693701856,24.5311599032229,24.6605140688826,24.6346563530609,24.6036184425424,24.5311599032229,24.5725710861868,24.4379231880585,24.396457245529,24.4949113154483,24.4327408682945,24.5000904743927,24.5208044790397,24.5156263724707,24.4949113154483,24.5104480028654,24.5311599032229,24.6036184425424,24.6915346834782,24.7070414568379,24.8310109648659,24.6708553211965,24.68119552596,24.598444539334,24.6553430497988,24.8877801045559,24.6605140688826,24.7483813439431,24.6450002255868,24.5622198668973,24.5518675968447,24.5311599032229,24.5466910676864,24.6398284203822,24.5466910676864,24.5208044790397,24.6191385780148,24.5673956078683,24.5052693701856,24.5725710861868,24.7432147730614,24.5673956078683,24.4793722593216,24.4845522079513,24.5725710861868,24.6087920833666,24.6501717687129,24.5622198668973,24.6605140688826,24.6553430497988,24.6450002255868,24.6139654618445,24.6553430497988,24.6605140688826,24.6346563530609,24.6915346834782,24.6398284203822,24.7638794888426,24.7277134921382,24.5156263724707,24.6294840235847,24.6243114319154,24.6708553211965,24.5570438632356,24.6863652356057,24.7277134921382,24.6863652356057,24.588095945611,24.6450002255868,24.6139654618445,24.593270373703,24.5363372209139,24.6294840235847,24.5466910676864,24.6087920833666,24.5673956078683,24.5777463018912,24.4845522079513,24.5518675968447,24.4845522079513,24.6191385780148,24.593270373703,24.5622198668973,24.5673956078683,24.5829212550199,24.6501717687129,24.5673956078683,24.6450002255868,24.6501717687129,24.6450002255868,24.7122098579989,24.6191385780148,24.6346563530609,24.525982322611,24.6087920833666,24.6036184425424,24.5622198668973,24.4586498313649,24.6139654618445,24.5208044790397,24.4845522079513,24.6087920833666,24.6191385780148,24.6139654618445,24.6087920833666,24.6036184425424,24.6294840235847,24.6967038696157,24.6553430497988,24.7225458756109,24.6346563530609,24.6656848260024,24.6760255545029,24.525982322611,24.6450002255868,24.6450002255868,24.6398284203822,24.5777463018912,24.6191385780148,24.6450002255868,24.6450002255868,24.6036184425424,24.6294840235847,24.6191385780148,24.8310109648659,24.8516579356668,24.836173098535,24.9342041538485,25.0784999971428,25.0630494515398,25.0681998923707,25.2174501739369,25.2123072282184,25.3099791333095,25.3408035889768,25.2328774638867,25.1968768433364,25.2483024338098
24.5208044790397,24.5156263724707,24.5156263724707,24.417192326936,24.5570438632356,24.4482870367845,24.525982322611,24.5000904743927,24.6139654618445,24.4327408682945,24.4275582848784,24.4949113154483,24.4534685658236,24.5622198668973,24.5000904743927,24.4845522079513,24.6605140688826,24.6087920833666,24.5466910676864,24.5518675968447,24.525982322611,24.4534685658236,24.525982322611,24.5156263724707,24.68119552596,24.6967038696157,24.5518675968447,24.4845522079513,24.3394139906367,24.4379231880585,24.4068253139224,24.5000904743927,24.5518675968447,24.5570438632356,24.4638308334468,24.4586498313649,24.4327408682945,24.4068253139224,24.598444539334,24.6191385780148,24.5415142757223,24.6346563530609,24.5777463018912,24.5415142757223,24.4379231880585,24.3549744119754,24.4120089523324,24.4379231880585,24.5000904743927,24.5363372209139,24.5363372209139,24.4275582848784,24.5000904743927,24.4741920473867,24.4482870367845,24.4638308334468,24.4534685658236,24.4431052442089,24.4690115721079,24.525982322611,24.5777463018912,24.5518675968447,24.6346563530609,24.5000904743927,24.525982322611,24.417192326936,24.5466910676864,24.3394139906367,24.4793722593216,24.4690115721079,24.4327408682945,24.5052693701856,24.525982322611,24.4897318933139,24.3653467049792,24.4586498313649,24.4068253139224,24.4431052442089,24.4431052442089,24.5000904743927,24.4586498313649,24.598444539334,24.4534685658236,24.5415142757223,24.5415142757223,24.5725710861868,24.5052693701856,24.5518675968447,24.5363372209139,24.5052693701856,24.5673956078683,24.5363372209139,24.4482870367845,24.4120089523324,24.4120089523324,24.5104480028654,24.3082860095273,24.2511932998677,24.2511932998677,24.4534685658236,24.417192326936,24.5000904743927,24.5208044790397,24.4223754377718,24.5311599032229,24.5673956078683,24.5829212550199,24.598444539334,24.3653467049792,24.5363372209139,24.4482870367845,24.5363372209139,24.5311599032229,24.6139654618445,24.5363372209139,24.5363372209139,24.5208044790397,24.4793722593216,24.4223754377718,24.593270373703,24.836173098535,24.7122098579989,24.7173779975772,24.7018727940562,24.7070414568379,24.6967038696157,24.6760255545029,24.7587137017957,24.5518675968447,24.6450002255868,24.5363372209139,24.6191385780148,24.593270373703,24.5156263724707,24.6501717687129,24.6191385780148,24.5208044790397,24.5000904743927,24.5570438632356,24.5622198668973,24.4586498313649,24.5052693701856,24.5466910676864,24.588095945611,24.4897318933139,24.588095945611,24.6243114319154,24.6294840235847,24.5777463018912,24.5777463018912,24.5673956078683,24.6346563530609,24.6346563530609,24.6967038696157,24.7070414568379,24.6605140688826,24.6294840235847,24.6243114319154,24.6243114319154,24.6243114319154,24.6863652356057,24.525982322611,24.5725710861868,24.7070414568379,24.598444539334,24.5518675968447,24.6191385780148,24.6294840235847,24.6139654618445,24.6346563530609,24.6139654618445,24.5466910676864,24.5156263724707,24.6191385780148,24.5415142757223,24.5622198668973,24.6243114319154,24.5777463018912,24.6243114319154,24.6191385780148,24.6087920833666,24.5156263724707,24.593270373703,24.5777463018912,24.5208044790397,24.5570438632356,24.6139654618445,24.5363372209139,24.6191385780148,24.5208044790397,24.6243114319154,24.6450002255868,24.6708553211965,24.68119552596,24.6450002255868,24.588095945611,24.6294840235847,24.5725710861868,24.5466910676864,24.6087920833666,24.5052693701856,24.4845522079513,24.525982322611,24.6191385780148,24.5570438632356,24.598444539334,24.5673956078683,24.6708553211965,24.6036184425424,24.6191385780148,24.5725710861868,24.6087920833666,24.6398284203822,24.6553430497988,24.5622198668973,24.6243114319154,24.5829212550199,24.6294840235847,24.7432147730614,24.598444539334,24.5000904743927,24.4223754377718,24.5829212550199,24.6294840235847,24.5570438632356,24.7897045068028,24.8155229994525,24.8413349715329,24.8929393729232,24.8568190268782,24.9238895190908,25.0321413659635,25.2123072282184,25.1042457289643,25.2225928617629,25.2071640245704,25.2123072282184,25.1968768433364,25.2483024338098,25.2020205629554
24.4120089523324,24.5052693701856,24.5156263724707,24.5208044790397,24.5725710861868,24.4431052442089,24.4586498313649,24.4120089523324,24.5415142757223,24.4690115721079,24.5415142757223,24.5363372209139,24.4482870367845,24.4482870367845,24.4793722593216,24.525982322611,24.525982322611,24.5208044790397,24.525982322611,24.5466910676864,24.5466910676864,24.5363372209139,24.4534685658236,24.588095945611,24.6450002255868,24.7173779975772,24.5829212550199,24.5466910676864,24.5000904743927,24.6450002255868,24.4793722593216,24.593270373703,24.525982322611,24.4793722593216,24.4897318933139,24.5570438632356,24.4586498313649,24.4431052442089,24.4638308334468,24.6346563530609,24.5673956078683,24.6036184425424,24.6087920833666,24.4223754377718,24.417192326936,24.3238511901693,24.4586498313649,24.5052693701856,24.4690115721079,24.4793722593216,24.5829212550199,24.5311599032229,24.588095945611,24.588095945611,24.4949113154483,24.5415142757223,24.5104480028654,24.4741920473867,24.4431052442089,24.5208044790397,24.5777463018912,24.525982322611,24.5673956078683,24.6553430497988,24.4897318933139,24.5415142757223,24.4534685658236,24.3290390547373,24.5052693701856,24.5156263724707,24.5208044790397,24.4793722593216,24.525982322611,24.5363372209139,24.5104480028654,24.5725710861868,24.4845522079513,24.4431052442089,24.6243114319154,24.5622198668973,24.4482870367845,24.4638308334468,24.6243114319154,24.5622198668973,24.6605140688826,24.5518675968447,24.6398284203822,24.5000904743927,24.5622198668973,24.4949113154483,24.417192326936,24.4275582848784,24.5208044790397,24.525982322611,24.4016414116675,24.4949113154483,24.2927184476639,24.4016414116675,24.3082860095273,24.4327408682945,24.4793722593216,24.4690115721079,24.5363372209139,24.4275582848784,24.5000904743927,24.5415142757223,24.5673956078683,24.4586498313649,24.5000904743927,24.525982322611,24.4482870367845,24.5104480028654,24.6087920833666,24.7122098579989,24.7018727940562,24.5363372209139,24.6760255545029,24.6656848260024,24.5622198668973,24.6605140688826,24.6036184425424,24.5777463018912,24.7432147730614,24.5777463018912,24.6915346834782,24.6294840235847,24.68119552596,24.7018727940562,24.6863652356057,24.68119552596,24.6656848260024,24.593270373703,24.5363372209139,24.5104480028654,24.5725710861868,24.6294840235847,24.5777463018912,24.5829212550199,24.588095945611,24.7587137017957,24.5829212550199,24.5725710861868,24.5311599032229,24.7122098579989,24.5570438632356,24.5000904743927,24.5777463018912,24.6656848260024,24.5829212550199,24.6605140688826,24.5311599032229,24.68119552596,24.6656848260024,24.7070414568379,24.6915346834782,24.7587137017957,24.7328808471969,24.6398284203822,24.6036184425424,24.6863652356057,24.7432147730614,24.5725710861868,24.6294840235847,24.6087920833666,24.6191385780148,24.6243114319154,24.6398284203822,24.6294840235847,24.7070414568379,24.6191385780148,24.6243114319154,24.6346563530609,24.593270373703,24.6087920833666,24.6243114319154,24.5570438632356,24.6967038696157,24.6346563530609,24.5466910676864,24.5000904743927,24.5104480028654,24.5466910676864,24.5518675968447,24.5622198668973,24.5518675968447,24.5570438632356,24.5570438632356,24.6243114319154,24.7535476535085,24.7897045068028,24.6553430497988,24.7070414568379,24.7173779975772,24.4897318933139,24.4897318933139,24.6294840235847,24.6708553211965,24.6087920833666,24.6398284203822,24.6036184425424,24.5415142757223,24.5311599032229,24.4897318933139,24.4949113154483,24.5363372209139,24.5673956078683,24.6191385780148,24.593270373703,24.6760255545029,24.5622198668973,24.6346563530609,24.5570438632356,24.6087920833666,24.6450002255868,24.5518675968447,24.6450002255868,24.6346563530609,24.68119552596,24.7380479408253,24.5777463018912,24.6346563530609,24.588095945611,24.5518675968447,24.6605140688826,24.6501717687129,24.7587137017957,24.8000326866343,24.8516579356668,24.8671404277798,24.8723007375455,24.8774607869049,24.9909160664447,25.2071640245704,25.0115307913128,25.1917328656758,25.14027888859,25.1814441360816,25.2431610348875,25.1865886299367,25.1814441360816
24.4016414116675,24.4793722593216,24.5000904743927,24.4793722593216,24.5363372209139,24.4431052442089,24.4586498313649,24.4534685658236,24.5466910676864,24.5000904743927,24.4741920473867,24.5363372209139,24.4690115721079,24.4586498313649,24.4379231880585,24.5518675968447,24.5208044790397,24.7122098579989,24.7070414568379,24.6346563530609,24.593270373703,24.6760255545029,24.4482870367845,24.5829212550199,24.5311599032229,24.4949113154483,24.5000904743927,24.5570438632356,24.6553430497988,24.6191385780148,24.6191385780148,24.4741920473867,24.5466910676864,24.5829212550199,24.598444539334,24.4534685658236,24.4327408682945,24.588095945611,24.6294840235847,24.5570438632356,24.7070414568379,24.5829212550199,24.593270373703,24.5052693701856,24.417192326936,24.3601606905737,24.4845522079513,24.593270373703,24.5466910676864,24.6863652356057,24.5725710861868,24.5777463018912,24.5725710861868,24.5518675968447,24.525982322611,24.6087920833666,24.5104480028654,24.4741920473867,24.5363372209139,24.5622198668973,24.7018727940562,24.598444539334,24.6967038696157,24.5466910676864,24.4793722593216,24.4793722593216,24.1992630121316,24.4327408682945,24.4016414116675,24.5208044790397,24.5208044790397,24.5208044790397,24.4741920473867,24.4586498313649,24.525982322611,24.4638308334468,24.6243114319154,24.4327408682945,24.5570438632356,24.5777463018912,24.4690115721079,24.4638308334468,24.4431052442089,24.5725710861868,24.5466910676864,24.6450002255868,24.4949113154483,24.4897318933139,24.5829212550199,24.6139654618445,24.525982322611,24.5000904743927,24.5622198668973,24.4223754377718,24.4949113154483,24.4275582848784,24.3082860095273,24.3601606905737,24.3030970868713,24.396457245529,24.5415142757223,24.6139654618445,24.4223754377718,24.5311599032229,24.5208044790397,24.5156263724707,24.4638308334468,24.4379231880585,24.4275582848784,24.4379231880585,24.4690115721079,24.525982322611,24.6087920833666,24.5518675968447,24.5777463018912,24.6760255545029,24.5829212550199,24.6139654618445,24.598444539334,24.4690115721079,24.5466910676864,24.5622198668973,24.6501717687129,24.7173779975772,24.588095945611,24.6915346834782,24.6243114319154,24.6708553211965,24.6294840235847,24.5673956078683,24.7018727940562,24.6398284203822,24.6760255545029,24.5570438632356,24.5829212550199,24.6294840235847,24.593270373703,24.5104480028654,24.5725710861868,24.5829212550199,24.5311599032229,24.5570438632356,24.5777463018912,24.6243114319154,24.6036184425424,24.5363372209139,24.5466910676864,24.5725710861868,24.5622198668973,24.5311599032229,24.5000904743927,24.6191385780148,24.6087920833666,24.7018727940562,24.6915346834782,24.6863652356057,24.6243114319154,24.6191385780148,24.588095945611,24.7070414568379,24.5104480028654,24.6139654618445,24.6346563530609,24.6915346834782,24.6605140688826,24.6863652356057,24.6191385780148,24.6501717687129,24.6191385780148,24.6191385780148,24.6191385780148,24.6450002255868,24.5829212550199,24.6036184425424,24.5673956078683,24.593270373703,24.5000904743927,24.5570438632356,24.5156263724707,24.4949113154483,24.4897318933139,24.5311599032229,24.525982322611,24.6708553211965,24.5622198668973,24.6139654618445,24.525982322611,24.5311599032229,24.6863652356057,24.6087920833666,24.6398284203822,24.7277134921382,24.6501717687129,24.6915346834782,24.6605140688826,24.6398284203822,24.6450002255868,24.6346563530609,24.598444539334,24.5208044790397,24.525982322611,24.4690115721079,24.5622198668973,24.5000904743927,24.5725710861868,24.5777463018912,24.6243114319154,24.6087920833666,24.6191385780148,24.6398284203822,24.7638794888426,24.7483813439431,24.6863652356057,24.6605140688826,24.5622198668973,24.5673956078683,24.6708553211965,24.6656848260024,24.6294840235847,24.6243114319154,24.6036184425424,24.6243114319154,24.6243114319154,24.593270373703,24.7328808471969,24.6760255545029,24.8671404277798,24.9032571289301,24.86197985757,24.9342041538485,24.8929393729232,25.0218365972651,25.1351320700124,25.1505717504272,25.2071640245704,25.2123072282184,25.2380193782588,25.2380193782588,25.2740055641272,25.2842850136107
24.5156263724707,24.5156263724707,24.5156263724707,24.4793722593216,24.5725710861868,24.4586498313649,24.4379231880585,24.4379231880585,24.5311599032229,24.5466910676864,24.4638308334468,24.6605140688826,24.4741920473867,24.3757179413665,24.5725710861868,24.5415142757223,24.5208044790397,24.5673956078683,24.4431052442089,24.6243114319154,24.6036184425424,24.4586498313649,24.5777463018912,24.6294840235847,24.588095945611,24.4327408682945,24.593270373703,24.588095945611,24.5104480028654,24.6139654618445,24.6036184425424,24.7070414568379,24.5622198668973,24.5673956078683,24.6398284203822,24.4379231880585,24.5415142757223,24.6760255545029,24.6346563530609,24.7225458756109,24.7225458756109,24.6294840235847,24.5829212550199,24.4793722593216,24.6139654618445,24.593270373703,24.4741920473867,24.5725710861868,24.5725710861868,24.6294840235847,24.6139654618445,24.5415142757223,24.525982322611,24.588095945611,24.5518675968447,24.5518675968447,24.5622198668973,24.4586498313649,24.5622198668973,24.5208044790397,24.5052693701856,24.6087920833666,24.4327408682945,24.4690115721079,24.5622198668973,24.5208044790397,24.4275582848784,24.4638308334468,24.525982322611,24.4793722593216,24.235616997893,24.417192326936,24.4793722593216,24.4275582848784,24.6346563530609,24.6191385780148,24.588095945611,24.6139654618445,24.593270373703,24.6605140688826,24.6087920833666,24.6553430497988,24.5518675968447,24.6191385780148,24.5829212550199,24.4793722593216,24.4897318933139,24.5052693701856,24.5829212550199,24.5052693701856,24.4793722593216,24.5725710861868,24.4431052442089,24.5466910676864,24.5311599032229,24.4016414116675,24.4120089523324,24.3446010620456,24.4586498313649,24.5156263724707,24.5466910676864,24.5725710861868,24.5570438632356,24.525982322611,24.5725710861868,24.5415142757223,24.5415142757223,24.5104480028654,24.5363372209139,24.3394139906367,24.5570438632356,24.593270373703,24.6915346834782,24.6243114319154,24.7122098579989,24.5622198668973,24.4741920473867,24.4120089523324,24.4638308334468,24.4897318933139,24.5570438632356,24.5725710861868,24.6656848260024,24.6967038696157,24.6760255545029,24.68119552596,24.6450002255868,24.6708553211965,24.5829212550199,24.5777463018912,24.598444539334,24.5415142757223,24.6553430497988,24.6398284203822,24.5725710861868,24.6605140688826,24.7173779975772,24.6708553211965,24.6346563530609,24.7845400253874,24.5673956078683,24.7070414568379,24.7018727940562,24.5570438632356,24.593270373703,24.593270373703,24.6967038696157,24.5777463018912,24.7225458756109,24.6191385780148,24.6501717687129,24.6967038696157,24.7225458756109,24.6398284203822,24.6501717687129,24.7587137017957,24.5311599032229,24.6915346834782,24.6036184425424,24.7122098579989,24.6915346834782,24.6398284203822,24.6915346834782,24.6708553211965,24.6656848260024,24.6139654618445,24.6139654618445,24.6967038696157,24.7225458756109,24.598444539334,24.6708553211965,24.6139654618445,24.593270373703,24.5829212550199,24.5311599032229,24.6087920833666,24.593270373703,24.588095945611,24.5673956078683,24.5208044790397,24.5363372209139,24.5311599032229,24.5466910676864,24.5518675968447,24.6294840235847,24.5829212550199,24.598444539334,24.6760255545029,24.6346563530609,24.7122098579989,24.6605140688826,24.7018727940562,24.6967038696157,24.6553430497988,24.6553430497988,24.6450002255868,24.6398284203822,24.6501717687129,24.6605140688826,24.5311599032229,24.6656848260024,24.5829212550199,24.5777463018912,24.6139654618445,24.5829212550199,24.6243114319154,24.6139654618445,24.6243114319154,24.6501717687129,24.7277134921382,24.6398284203822,24.6605140688826,24.6605140688826,24.6501717687129,24.6656848260024,24.6656848260024,24.7173779975772,24.7380479408253,24.7432147730614,24.7380479408253,24.7432147730614,24.7122098579989,24.7432147730614,24.6553430497988,24.5415142757223,24.7793752829217,24.8258485704877,24.918731811688,24.8516579356668,24.8206859153626,25.0115307913128,25.0166838239645,25.1299849929454,25.124837657352,25.325392518149,25.2740055641272,25.1505717504272,25.2688654531791,25.1762993840732,25.3562123467933
24.3757179413665,24.5052693701856,24.5000904743927,24.4379231880585,24.6294840235847,24.4638308334468,24.4482870367845,24.5000904743927,24.5466910676864,24.4949113154483,24.4897318933139,24.5000904743927,24.3601606905737,24.5104480028654,24.5466910676864,24.5570438632356,24.6967038696157,24.593270373703,24.5208044790397,24.4793722593216,24.5673956078683,24.5673956078683,24.4741920473867,24.5518675968447,24.4120089523324,24.525982322611,24.6191385780148,24.598444539334,24.5208044790397,24.4223754377718,24.6243114319154,24.6501717687129,24.6450002255868,24.5415142757223,24.7173779975772,24.7122098579989,24.6605140688826,24.6760255545029,24.7690450146872,24.7897045068028,24.5570438632356,24.6191385780148,24.4638308334468,24.598444539334,24.525982322611,24.4586498313649,24.5052693701856,24.593270373703,24.6967038696157,24.5570438632356,24.5570438632356,24.5518675968447,24.4897318933139,24.5466910676864,24.4897318933139,24.5570438632356,24.6915346834782,24.5622198668973,24.5673956078683,24.5311599032229,24.4534685658236,24.4327408682945,24.4431052442089,24.6036184425424,24.5829212550199,24.5052693701856,24.6191385780148,24.5466910676864,24.5570438632356,24.417192326936,24.4534685658236,24.5052693701856,24.6294840235847,24.4845522079513,24.6139654618445,24.6605140688826,24.7380479408253,24.7277134921382,24.6915346834782,24.6294840235847,24.6605140688826,24.6760255545029,24.6450002255868,24.6243114319154,24.588095945611,24.6036184425424,24.4638308334468,24.4741920473867,24.5000904743927,24.6139654618445,24.4690115721079,24.5725710861868,24.4586498313649,24.5570438632356,24.5829212550199,24.5518675968447,24.396457245529,24.417192326936,24.4534685658236,24.4223754377718,24.5208044790397,24.5415142757223,24.6243114319154,24.5363372209139,24.593270373703,24.593270373703,24.4223754377718,24.5104480028654,24.5777463018912,24.6191385780148,24.5829212550199,24.6243114319154,24.6243114319154,24.6191385780148,24.5466910676864,24.5725710861868,24.5466910676864,24.4327408682945,24.4845522079513,24.525982322611,24.5208044790397,24.5777463018912,24.598444539334,24.6191385780148,24.6967038696157,24.598444539334,24.68119552596,24.6191385780148,24.6139654618445,24.6294840235847,24.588095945611,24.6243114319154,24.593270373703,24.7277134921382,24.593270373703,24.5673956078683,24.593270373703,24.6967038696157,24.593270373703,24.6967038696157,24.6863652356057,24.7018727940562,24.6760255545029,24.588095945611,24.593270373703,24.6191385780148,24.6708553211965,24.6139654618445,24.6863652356057,24.588095945611,24.593270373703,24.5000904743927,24.6501717687129,24.6605140688826,24.6450002255868,24.7122098579989,24.4431052442089,24.3653467049792,24.588095945611,24.593270373703,24.7432147730614,24.6139654618445,24.593270373703,24.7018727940562,24.6346563530609,24.6087920833666,24.588095945611,24.5829212550199,24.6087920833666,24.5415142757223,24.6501717687129,24.68119552596,24.6760255545029,24.5363372209139,24.5725710861868,24.5673956078683,24.5829212550199,24.5725710861868,24.5673956078683,24.5570438632356,24.5570438632356,24.5829212550199,24.6243114319154,24.6605140688826,24.6294840235847,24.6191385780148,24.6656848260024,24.6450002255868,24.6036184425424,24.6967038696157,24.7070414568379,24.7122098579989,24.6656848260024,24.6605140688826,24.6501717687129,24.6553430497988,24.593270373703,24.598444539334,24.6191385780148,24.6863652356057,24.598444539334,24.5518675968447,24.5777463018912,24.5466910676864,24.5829212550199,24.6346563530609,24.5725710861868,24.7173779975772,24.6605140688826,24.5570438632356,24.7742102793675,24.7638794888426,24.6501717687129,24.5570438632356,24.68119552596,24.7793752829217,24.8155229994525,24.7432147730614,24.7793752829217,24.7638794888426,24.7432147730614,24.7225458756109,24.7638794888426,24.7638794888426,24.7742102793675,24.68119552596,24.7173779975772,24.8464965838976,24.8413349715329,24.8929393729232,24.9496741564303,24.86197985757,25.14027888859,25.1711543738743,25.14027888859,25.2020205629554,25.2534435750629,25.1968768433364,25.2020205629554,25.3151171854302
24.5311599032229,24.4741920473867,24.5673956078683,24.5622198668973,24.5829212550199,24.588095945611,24.5052693701856,24.4793722593216,24.4120089523324,24.4741920473867,24.5725710861868,24.5156263724707,24.5156263724707,24.5156263724707,24.5208044790397,24.5363372209139,24.598444539334,24.6398284203822,24.6139654618445,24.4741920473867,24.5570438632356,24.5104480028654,24.5622198668973,24.4327408682945,24.4016414116675,24.5673956078683,24.5104480028654,24.6139654618445,24.5570438632356,24.588095945611,24.6346563530609,24.5104480028654,24.6450002255868,24.6294840235847,24.6553430497988,24.7173779975772,24.7535476535085,24.6553430497988,24.7587137017957,24.7070414568379,24.5673956078683,24.4016414116675,24.525982322611,24.4793722593216,24.6398284203822,24.5725710861868,24.593270373703,24.593270373703,24.5829212550199,24.6346563530609,24.5622198668973,24.5622198668973,24.6294840235847,24.5622198668973,24.6605140688826,24.6450002255868,24.6036184425424,24.6087920833666,24.6760255545029,24.5518675968447,24.4431052442089,24.5311599032229,24.6398284203822,24.6553430497988,24.5570438632356,24.5829212550199,24.5725710861868,24.4845522079513,24.5622198668973,24.5673956078683,24.588095945611,24.6863652356057,24.6191385780148,24.6501717687129,24.6346563530609,24.6450002255868,24.6243114319154,24.7122098579989,24.6450002255868,24.6036184425424,24.6708553211965,24.5725710861868,24.6294840235847,24.5673956078683,24.588095945611,24.6087920833666,24.5466910676864,24.5311599032229,24.525982322611,24.5777463018912,24.5622198668973,24.4793722593216,24.4690115721079,24.5777463018912,24.5673956078683,24.4431052442089,24.5777463018912,24.5518675968447,24.4586498313649,24.5415142757223,24.6398284203822,24.6087920833666,24.7432147730614,24.6087920833666,24.6036184425424,24.6346563530609,24.593270373703,24.6243114319154,24.5000904743927,24.598444539334,24.5829212550199,24.593270373703,24.5777463018912,24.6087920833666,24.588095945611,24.6191385780148,24.4586498313649,24.4016414116675,24.4431052442089,24.5311599032229,24.5466910676864,24.6708553211965,24.588095945611,24.525982322611,24.6087920833666,24.6605140688826,24.6760255545029,24.5829212550199,24.6398284203822,24.6450002255868,24.7432147730614,24.6967038696157,24.6760255545029,24.7638794888426,24.7328808471969,24.5622198668973,24.6553430497988,24.6760255545029,24.6656848260024,24.68119552596,24.7018727940562,24.7018727940562,24.7018727940562,24.8051963851263,24.6915346834782,24.6760255545029,24.6501717687129,24.5363372209139,24.6243114319154,24.5829212550199,24.6294840235847,24.6191385780148,24.6450002255868,24.5622198668973,24.5104480028654,24.6450002255868,24.525982322611,24.6398284203822,24.6398284203822,24.6605140688826,24.7277134921382,24.6191385780148,24.7277134921382,24.7845400253874,24.6915346834782,24.7380479408253,24.6087920833666,24.6087920833666,24.7122098579989,24.6708553211965,24.6501717687129,24.6501717687129,24.6243114319154,24.6501717687129,24.6656848260024,24.68119552596,24.7173779975772,24.5415142757223,24.5311599032229,24.5363372209139,24.5518675968447,24.5673956078683,24.6553430497988,24.6501717687129,24.6760255545029,24.7122098579989,24.6398284203822,24.8155229994525,24.6553430497988,24.5208044790397,24.6760255545029,24.5570438632356,24.6087920833666,24.6708553211965,24.6294840235847,24.68119552596,24.7018727940562,24.588095945611,24.7432147730614,24.6139654618445,24.6139654618445,24.5311599032229,24.5363372209139,24.6036184425424,24.7070414568379,24.5622198668973,24.7897045068028,24.6191385780148,24.6553430497988,24.6501717687129,24.6708553211965,24.7690450146872,24.7535476535085,24.68119552596,24.7380479408253,24.68119552596,24.7328808471969,24.7587137017957,24.7483813439431,24.6243114319154,24.6243114319154,24.7277134921382,24.7122098579989,24.6346563530609,24.6656848260024,24.5104480028654,24.6915346834782,24.8155229994525,24.8774607869049,24.8568190268782,24.9702971889533,25.0424450977087,25.0475965748176,25.2174501739369,25.2740055641272,25.2020205629554,25.2123072282184,25.3510763511273,25.2123072282184,25.2277352917338
24.4638308334468,24.5208044790397,24.5208044790397,24.5363372209139,24.6087920833666,24.5725710861868,24.4897318933139,24.4949113154483,24.4690115721079,24.5156263724707,24.5415142757223,24.5311599032229,24.5363372209139,24.5466910676864,24.6967038696157,24.525982322611,24.525982322611,24.593270373703,24.6036184425424,24.6450002255868,24.68119552596,24.6191385780148,24.5829212550199,24.5415142757223,24.588095945611,24.4949113154483,24.5518675968447,24.5673956078683,24.5000904743927,24.5622198668973,24.6450002255868,24.6605140688826,24.68119552596,24.6501717687129,24.4741920473867,24.7328808471969,24.7432147730614,24.6036184425424,24.6346563530609,24.5777463018912,24.6243114319154,24.417192326936,24.3912728154683,24.4690115721079,24.6036184425424,24.3860881214467,24.5725710861868,24.5777463018912,24.6191385780148,24.6656848260024,24.6087920833666,24.5000904743927,24.5415142757223,24.6708553211965,24.6346563530609,24.5777463018912,24.5777463018912,24.6398284203822,24.5208044790397,24.4638308334468,24.593270373703,24.6139654618445,24.7845400253874,24.6656848260024,24.5673956078683,24.6708553211965,24.5156263724707,24.5518675968447,24.5156263724707,24.7638794888426,24.7690450146872,24.7638794888426,24.6605140688826,24.6243114319154,24.6087920833666,24.6191385780148,24.6243114319154,24.6191385780148,24.6708553211965,24.6501717687129,24.5363372209139,24.6398284203822,24.5622198668973,24.5518675968447,24.4534685658236,24.6450002255868,24.6346563530609,24.6605140688826,24.6605140688826,24.5052693701856,24.5518675968447,24.5673956078683,24.588095945611,24.5725710861868,24.6760255545029,24.6605140688826,24.5570438632356,24.7535476535085,24.5570438632356,24.5466910676864,24.5829212550199,24.5777463018912,24.598444539334,24.5156263724707,24.5311599032229,24.6294840235847,24.6294840235847,24.7432147730614,24.6139654618445,24.4845522079513,24.4897318933139,24.4845522079513,24.6036184425424,24.588095945611,24.4793722593216,24.5777463018912,24.4845522079513,24.4275582848784,24.5415142757223,24.7897045068028,24.6346563530609,24.6656848260024,24.6346563530609,24.5518675968447,24.593270373703,24.68119552596,24.6346563530609,24.8310109648659,24.7845400253874,24.86197985757,24.68119552596,24.6760255545029,24.7483813439431,24.593270373703,24.7690450146872,24.5777463018912,24.7277134921382,24.6087920833666,24.6915346834782,24.7018727940562,24.6501717687129,24.8103598227198,24.7070414568379,24.7070414568379,24.588095945611,24.6450002255868,24.7018727940562,24.5570438632356,24.6915346834782,24.6294840235847,24.6243114319154,24.6553430497988,24.7122098579989,24.6553430497988,24.7122098579989,24.6139654618445,24.6036184425424,24.6605140688826,24.7328808471969,24.6139654618445,24.593270373703,24.6243114319154,24.6346563530609,24.6708553211965,24.7793752829217,24.7897045068028,24.6656848260024,24.6708553211965,24.7277134921382,24.7018727940562,24.6501717687129,24.7380479408253,24.6191385780148,24.6501717687129,24.5415142757223,24.5622198668973,24.5466910676864,24.6863652356057,24.598444539334,24.5570438632356,24.5570438632356,24.5829212550199,24.598444539334,24.6036184425424,24.5829212550199,24.6346563530609,24.6863652356057,24.6760255545029,24.7225458756109,24.7018727940562,24.6708553211965,24.6346563530609,24.8516579356668,24.6243114319154,24.7122098579989,24.7535476535085,24.6191385780148,24.5156263724707,24.588095945611,24.6346563530609,24.6294840235847,24.5673956078683,24.6294840235847,24.5829212550199,24.593270373703,24.5777463018912,24.6760255545029,24.593270373703,24.593270373703,24.7380479408253,24.6294840235847,24.7690450146872,24.8103598227198,24.7380479408253,24.7070414568379,24.7380479408253,24.7690450146872,24.86197985757,24.8568190268782,24.7225458756109,24.6501717687129,24.7070414568379,24.7277134921382,24.6863652356057,24.7380479408253,24.7225458756109,24.7690450146872,24.8774607869049,24.7535476535085,24.8826205758957,24.8671404277798,25.0733500742259,25.0424450977087,25.0578987516956,25.2483024338098,25.3613480855689,25.2380193782588,25.325392518149,25.3099791333095,25.2123072282184
24.3238511901693,24.4431052442089,24.4482870367845,24.5208044790397,24.5156263724707,24.525982322611,24.4068253139224,24.4534685658236,24.5052693701856,24.2771485035319,24.5518675968447,24.588095945611,24.5570438632356,24.5622198668973,24.5415142757223,24.5622198668973,24.5363372209139,24.5363372209139,24.6656848260024,24.588095945611,24.5777463018912,24.5622198668973,24.5311599032229,24.5777463018912,24.5829212550199,24.4845522079513,24.5311599032229,24.5673956078683,24.598444539334,24.593270373703,24.4949113154483,24.6450002255868,24.6036184425424,24.5052693701856,24.5415142757223,24.6243114319154,24.6036184425424,24.6346563530609,24.6967038696157,24.525982322611,24.5622198668973,24.396457245529,24.3653467049792,24.4793722593216,24.5208044790397,24.5466910676864,24.525982322611,24.6501717687129,24.6450002255868,24.6398284203822,24.5518675968447,24.5518675968447,24.593270373703,24.5673956078683,24.5829212550199,24.4793722593216,24.6036184425424,24.5829212550199,24.5673956078683,24.6191385780148,24.6036184425424,24.6605140688826,24.5466910676864,24.5518675968447,24.6398284203822,24.5363372209139,24.525982322611,24.3860881214467,24.5104480028654,24.5622198668973,24.7638794888426,24.6605140688826,24.7948687272058,24.6605140688826,24.6139654618445,24.6398284203822,24.6553430497988,24.6346563530609,24.7638794888426,24.6553430497988,24.5415142757223,24.6915346834782,24.6553430497988,24.7483813439431,24.4534685658236,24.6036184425424,24.6087920833666,24.4534685658236,24.5622198668973,24.5466910676864,24.5673956078683,24.6863652356057,24.588095945611,24.588095945611,24.7793752829217,24.8516579356668,24.6605140688826,24.7328808471969,24.7432147730614,24.6760255545029,24.5725710861868,24.5570438632356,24.5777463018912,24.6036184425424,24.6087920833666,24.7070414568379,24.7173779975772,24.7018727940562,24.5725710861868,24.4741920473867,24.4741920473867,24.4845522079513,24.5000904743927,24.6708553211965,24.5829212550199,24.4586498313649,24.5208044790397,24.4949113154483,24.5570438632356,24.5777463018912,24.6243114319154,24.5622198668973,24.836173098535,24.6243114319154,24.7018727940562,24.6139654618445,24.6450002255868,24.8310109648659,24.8568190268782,24.7535476535085,24.7638794888426,24.6346563530609,24.7328808471969,24.6553430497988,24.5673956078683,24.6243114319154,24.6967038696157,24.6605140688826,24.7122098579989,24.7070414568379,24.6915346834782,24.7225458756109,24.6605140688826,24.7173779975772,24.6708553211965,24.5466910676864,24.598444539334,24.6450002255868,24.6450002255868,24.6346563530609,24.6760255545029,24.6553430497988,24.6346563530609,24.6553430497988,24.7277134921382,24.7173779975772,24.6605140688826,24.7277134921382,24.6191385780148,24.8206859153626,24.7638794888426,24.7948687272058,24.7638794888426,24.6760255545029,24.7380479408253,24.6294840235847,24.7793752829217,24.6553430497988,24.7225458756109,24.598444539334,24.6139654618445,24.6708553211965,24.6656848260024,24.6087920833666,24.6346563530609,24.5466910676864,24.5052693701856,24.593270373703,24.5570438632356,24.4275582848784,24.5466910676864,24.5466910676864,24.6243114319154,24.588095945611,24.6139654618445,24.68119552596,24.6863652356057,24.7070414568379,24.8464965838976,24.7690450146872,24.5570438632356,24.5311599032229,24.68119552596,24.6346563530609,24.7070414568379,24.5208044790397,24.4223754377718,24.6398284203822,24.6191385780148,24.6398284203822,24.6139654618445,24.593270373703,24.588095945611,24.7173779975772,24.6139654618445,24.4897318933139,24.6501717687129,24.7328808471969,24.7742102793675,24.5725710861868,24.7070414568379,24.7173779975772,24.7380479408253,24.7638794888426,24.7173779975772,24.7535476535085,24.6501717687129,24.7793752829217,24.8464965838976,24.6967038696157,24.6346563530609,24.7070414568379,24.6967038696157,24.6967038696157,24.6605140688826,24.6708553211965,24.7742102793675,24.6863652356057,24.8516579356668,24.9960701368761,25.0887990663117,25.1145422104357,25.124837657352,25.2225928617629,25.2740055641272,25.1968768433364,25.2431610348875,25.3510763511273,25.2123072282184,25.2071640245704
24.5104480028654,24.4845522079513,24.5052693701856,24.4949113154483,24.5622198668973,24.4949113154483,24.588095945611,24.5052693701856,24.2771485035319,24.5466910676864,24.5518675968447,24.6036184425424,24.5311599032229,24.5518675968447,24.5311599032229,24.4949113154483,24.588095945611,24.6398284203822,24.68119552596,24.5777463018912,24.4690115721079,24.5518675968447,24.588095945611,24.6605140688826,24.593270373703,24.7277134921382,24.6191385780148,24.7173779975772,24.5673956078683,24.5311599032229,24.5725710861868,24.6553430497988,24.6294840235847,24.6191385780148,24.5415142757223,24.6294840235847,24.6139654618445,24.6294840235847,24.6398284203822,24.5829212550199,24.6553430497988,24.5777463018912,24.3912728154683,24.4690115721079,24.5570438632356,24.4793722593216,24.5725710861868,24.5156263724707,24.6294840235847,24.5311599032229,24.598444539334,24.5466910676864,24.5208044790397,24.4793722593216,24.4275582848784,24.4586498313649,24.5622198668973,24.4845522079513,24.5622198668973,24.5466910676864,24.5725710861868,24.6967038696157,24.6191385780148,24.6760255545029,24.6708553211965,24.5466910676864,24.3705324552306,24.5415142757223,24.5466910676864,24.5622198668973,24.6553430497988,24.7793752829217,24.8103598227198,24.598444539334,24.6346563530609,24.6294840235847,24.6243114319154,24.7380479408253,24.7328808471969,24.6501717687129,24.8206859153626,24.7018727940562,24.7122098579989,24.7018727940562,24.6191385780148,24.5208044790397,24.68119552596,24.5466910676864,24.5622198668973,24.6760255545029,24.5156263724707,24.5156263724707,24.6450002255868,24.6760255545029,24.8000326866343,24.7638794888426,24.8051963851263,24.6708553211965,24.7225458756109,24.7948687272058,24.5829212550199,24.5570438632356,24.5052693701856,24.5052693701856,24.598444539334,24.7277134921382,24.7483813439431,24.6863652356057,24.7018727940562,24.5208044790397,24.68119552596,24.6139654618445,24.5673956078683,24.5777463018912,24.5311599032229,24.6139654618445,24.6450002255868,24.6863652356057,24.525982322611,24.5208044790397,24.7587137017957,24.6605140688826,24.8516579356668,24.9342041538485,24.8206859153626,24.6708553211965,24.6191385780148,24.6760255545029,24.6863652356057,24.7122098579989,24.6605140688826,24.6450002255868,24.6605140688826,24.6967038696157,24.6501717687129,24.6191385780148,24.6243114319154,24.5208044790397,24.588095945611,24.6967038696157,24.6967038696157,24.6967038696157,24.7122098579989,24.7173779975772,24.7018727940562,24.68119552596,24.6191385780148,24.6346563530609,24.6398284203822,24.6450002255868,24.6450002255868,24.68119552596,24.6967038696157,24.6967038696157,24.7225458756109,24.7173779975772,24.6139654618445,24.6087920833666,24.68119552596,24.7122098579989,24.6760255545029,24.6243114319154,24.6294840235847,24.6450002255868,24.6191385780148,24.6191385780148,24.6656848260024,24.6139654618445,24.6243114319154,24.6760255545029,24.5570438632356,24.6087920833666,24.6450002255868,24.5829212550199,24.5311599032229,24.5673956078683,24.417192326936,24.4275582848784,24.5518675968447,24.6139654618445,24.5466910676864,24.5622198668973,24.4897318933139,24.5777463018912,24.6863652356057,24.68119552596,24.7070414568379,24.6656848260024,24.7845400253874,24.6915346834782,24.6087920833666,24.5466910676864,24.5415142757223,24.6294840235847,24.6605140688826,24.5673956078683,24.6294840235847,24.5518675968447,24.5000904743927,24.6346563530609,24.6139654618445,24.5829212550199,24.4845522079513,24.5829212550199,24.5829212550199,24.6605140688826,24.4845522079513,24.5000904743927,24.5725710861868,24.5777463018912,24.7122098579989,24.7277134921382,24.8258485704877,24.7328808471969,24.7587137017957,24.6450002255868,24.7432147730614,24.7535476535085,24.8464965838976,24.7173779975772,24.7225458756109,24.7070414568379,24.6605140688826,24.7380479408253,24.6553430497988,24.7070414568379,24.6346563530609,24.7535476535085,24.8155229994525,24.8980983810354,25.0784999971428,24.9651418204509,25.1454254487159,25.2225928617629,25.2380193782588,25.2740055641272,25.2380193782588,25.258584458684,25.3099791333095,25.3921571255997
24.3394139906367,24.5052693701856,24.5208044790397,24.5208044790397,24.4638308334468,24.525982322611,24.4379231880585,24.588095945611,24.4949113154483,24.5570438632356,24.5363372209139,24.5673956078683,24.4534685658236,24.6243114319154,24.6398284203822,24.5466910676864,24.5363372209139,24.5673956078683,24.525982322611,24.6450002255868,24.5829212550199,24.6036184425424,24.6036184425424,24.6501717687129,24.5518675968447,24.5000904743927,24.6398284203822,24.6553430497988,24.5518675968447,24.5052693701856,24.5622198668973,24.5622198668973,24.6036184425424,24.6501717687129,24.6087920833666,24.6294840235847,24.5466910676864,24.5777463018912,24.4793722593216,24.588095945611,24.4793722593216,24.4741920473867,24.5570438632356,24.4690115721079,24.6294840235847,24.5725710861868,24.6450002255868,24.6708553211965,24.68119552596,24.6501717687129,24.598444539334,24.5518675968447,24.3860881214467,24.4327408682945,24.4793722593216,24.4690115721079,24.5673956078683,24.5208044790397,24.4638308334468,24.5415142757223,24.5622198668973,24.5622198668973,24.3082860095273,24.396457245529,24.3186630611374,24.2719579925803,24.3446010620456,24.5104480028654,24.5415142757223,24.5000904743927,24.4482870367845,24.6243114319154,24.593270373703,24.6708553211965,24.6450002255868,24.598444539334,24.7018727940562,24.6191385780148,24.5570438632356,24.5622198668973,24.7018727940562,24.7328808471969,24.7587137017957,24.6243114319154,24.5725710861868,24.6087920833666,24.6087920833666,24.5104480028654,24.6708553211965,24.5518675968447,24.5725710861868,24.5363372209139,24.5518675968447,24.6605140688826,24.5570438632356,24.6915346834782,24.7122098579989,24.7897045068028,24.7328808471969,24.7070414568379,24.7225458756109,24.6243114319154,24.5156263724707,24.593270373703,24.6087920833666,24.5052693701856,24.6863652356057,24.7690450146872,24.8877801045559,24.7070414568379,24.6553430497988,24.6708553211965,24.6501717687129,24.6294840235847,24.6760255545029,24.6553430497988,24.5363372209139,24.4897318933139,24.6294840235847,24.68119552596,24.7328808471969,24.8516579356668,24.8310109648659,24.8413349715329,24.6915346834782,24.6346563530609,24.6501717687129,24.6656848260024,24.6398284203822,24.6605140688826,24.7587137017957,24.7328808471969,24.7173779975772,24.6398284203822,24.6294840235847,24.7018727940562,24.7070414568379,24.6450002255868,24.7018727940562,24.6863652356057,24.7173779975772,24.7018727940562,24.7690450146872,24.7380479408253,24.7225458756109,24.6036184425424,24.7018727940562,24.6605140688826,24.6346563530609,24.6760255545029,24.6915346834782,24.7070414568379,24.6760255545029,24.6501717687129,24.6656848260024,24.7070414568379,24.6139654618445,24.7277134921382,24.7173779975772,24.7122098579989,24.7690450146872,24.7173779975772,24.7690450146872,24.7173779975772,24.6656848260024,24.6967038696157,24.7380479408253,24.7225458756109,24.7225458756109,24.6605140688826,24.6708553211965,24.588095945611,24.593270373703,24.6139654618445,24.4327408682945,24.5466910676864,24.5518675968447,24.5570438632356,24.6656848260024,24.5673956078683,24.5570438632356,24.593270373703,24.6191385780148,24.588095945611,24.6139654618445,24.6605140688826,24.68119552596,24.6967038696157,24.6863652356057,24.7328808471969,24.6967038696157,24.6863652356057,24.6398284203822,24.5363372209139,24.6501717687129,24.68119552596,24.5777463018912,24.5622198668973,24.6346563530609,24.5673956078683,24.6294840235847,24.5208044790397,24.588095945611,24.6501717687129,24.5622198668973,24.6760255545029,24.6708553211965,24.7690450146872,24.5777463018912,24.6863652356057,24.6087920833666,24.7483813439431,24.8258485704877,24.7173779975772,24.7483813439431,24.8000326866343,24.7380479408253,24.7483813439431,24.8516579356668,24.7070414568379,24.7018727940562,24.7070414568379,24.6915346834782,24.7793752829217,24.7793752829217,24.7690450146872,24.7690450146872,24.86197985757,24.8671404277798,24.9032571289301,25.0939482126385,25.1557177937613,25.2842850136107,25.2174501739369,25.2277352917338,25.2431610348875,25.2328774638867,25.3459400985342,25.2277352917338,25.258584458684
24.3497878691456,24.5104480028654,24.6087920833666,24.5777463018912,24.5052693701856,24.5673956078683,24.5466910676864,24.5415142757223,24.6087920833666,24.5673956078683,24.593270373703,24.5363372209139,24.5622198668973,24.6036184425424,24.598444539334,24.5104480028654,24.6346563530609,24.593270373703,24.5311599032229,24.6139654618445,24.6450002255868,24.6294840235847,24.5673956078683,24.6553430497988,24.6450002255868,24.6760255545029,24.68119552596,24.6450002255868,24.6243114319154,24.5673956078683,24.6398284203822,24.5466910676864,24.6087920833666,24.6139654618445,24.6294840235847,24.6294840235847,24.6243114319154,24.5363372209139,24.5208044790397,24.5311599032229,24.4949113154483,24.588095945611,24.6087920833666,24.3705324552306,24.7018727940562,24.6760255545029,24.6501717687129,24.6656848260024,24.6760255545029,24.6139654618445,24.7070414568379,24.6605140688826,24.525982322611,24.5156263724707,24.5156263724707,24.525982322611,24.4741920473867,24.6036184425424,24.5415142757223,24.5466910676864,24.5466910676864,24.4638308334468,24.525982322611,24.3809031634257,24.5311599032229,24.4275582848784,24.4534685658236,24.5311599032229,24.5363372209139,24.6036184425424,24.5000904743927,24.4845522079513,24.588095945611,24.6294840235847,24.588095945611,24.593270373703,24.5518675968447,24.5725710861868,24.5518675968447,24.5466910676864,24.525982322611,24.5466910676864,24.6243114319154,24.6346563530609,24.5777463018912,24.6191385780148,24.6398284203822,24.4586498313649,24.5725710861868,24.5570438632356,24.5622198668973,24.6450002255868,24.5673956078683,24.5311599032229,24.7277134921382,24.7225458756109,24.7897045068028,24.7535476535085,24.6863652356057,24.6501717687129,24.5829212550199,24.5622198668973,24.4690115721079,24.6294840235847,24.5829212550199,24.6087920833666,24.593270373703,24.5725710861868,24.7483813439431,24.6294840235847,24.6915346834782,24.6243114319154,24.598444539334,24.6191385780148,24.6605140688826,24.5777463018912,24.6398284203822,24.6191385780148,24.7432147730614,24.6708553211965,24.7845400253874,24.6708553211965,24.7897045068028,24.6708553211965,24.6191385780148,24.6139654618445,24.6398284203822,24.8051963851263,24.7948687272058,24.836173098535,24.7742102793675,24.7535476535085,24.6605140688826,24.6243114319154,24.7328808471969,24.9032571289301,24.7122098579989,24.68119552596,24.7018727940562,24.8980983810354,24.7432147730614,24.7587137017957,24.7742102793675,24.7638794888426,24.6967038696157,24.7638794888426,24.6605140688826,24.6553430497988,24.6605140688826,24.7845400253874,24.68119552596,24.6863652356057,24.6708553211965,24.6501717687129,24.6760255545029,24.8413349715329,24.7122098579989,24.68119552596,24.6967038696157,24.7225458756109,24.7070414568379,24.7018727940562,24.7535476535085,24.7018727940562,24.68119552596,24.6760255545029,24.6915346834782,24.6243114319154,24.6760255545029,24.6656848260024,24.6605140688826,24.6087920833666,24.6294840235847,24.6036184425424,24.588095945611,24.5208044790397,24.5311599032229,24.5622198668973,24.6450002255868,24.5415142757223,24.5777463018912,24.5829212550199,24.5777463018912,24.6760255545029,24.6708553211965,24.7483813439431,24.7690450146872,24.7070414568379,24.6553430497988,24.7277134921382,24.6656848260024,24.5570438632356,24.68119552596,24.5311599032229,24.6294840235847,24.5208044790397,24.5725710861868,24.6553430497988,24.6294840235847,24.6553430497988,24.6450002255868,24.7432147730614,24.6708553211965,24.6863652356057,24.6501717687129,24.6191385780148,24.6553430497988,24.4845522079513,24.6450002255868,24.5829212550199,24.7690450146872,24.7432147730614,24.7018727940562,24.7122098579989,24.8413349715329,24.7690450146872,24.8464965838976,24.9909160664447,24.7587137017957,24.7328808471969,24.7380479408253,24.68119552596,24.6760255545029,24.7070414568379,24.7793752829217,24.7432147730614,24.6553430497988,24.7793752829217,24.9290469664651,24.9393610812787,25.2740055641272,25.2020205629554,25.2277352917338,25.1711543738743,25.2842850136107,25.325392518149,25.3408035889768,25.2688654531791,25.3818884725093,25.2174501739369
24.1369116310709,24.4379231880585,24.4949113154483,24.4586498313649,24.5466910676864,24.6398284203822,24.6191385780148,24.6605140688826,24.6087920833666,24.6553430497988,24.5570438632356,24.6139654618445,24.5518675968447,24.588095945611,24.6036184425424,24.5156263724707,24.5104480028654,24.5570438632356,24.4482870367845,24.4327408682945,24.598444539334,24.6087920833666,24.6294840235847,24.6863652356057,24.6450002255868,24.6605140688826,24.7432147730614,24.5673956078683,24.6656848260024,24.6191385780148,24.6191385780148,24.598444539334,24.6191385780148,24.5466910676864,24.6139654618445,24.5777463018912,24.6139654618445,24.5725710861868,24.598444539334,24.4897318933139,24.4793722593216,24.5570438632356,24.5104480028654,24.4690115721079,24.3912728154683,24.5363372209139,24.5570438632356,24.6656848260024,24.5777463018912,24.598444539334,24.6605140688826,24.6450002255868,24.4638308334468,24.5311599032229,24.6139654618445,24.593270373703,24.6346563530609,24.5622198668973,24.5415142757223,24.5415142757223,24.5311599032229,24.68119552596,24.5725710861868,24.7018727940562,24.6294840235847,24.5363372209139,24.5363372209139,24.6139654618445,24.6450002255868,24.6760255545029,24.6553430497988,24.6398284203822,24.6967038696157,24.7173779975772,24.7483813439431,24.593270373703,24.5311599032229,24.5518675968447,24.5829212550199,24.525982322611,24.598444539334,24.6087920833666,24.5363372209139,24.5777463018912,24.6087920833666,24.5673956078683,24.5000904743927,24.5622198668973,24.5363372209139,24.4897318933139,24.593270373703,24.588095945611,24.6398284203822,24.6967038696157,24.7483813439431,24.8000326866343,24.8980983810354,24.7277134921382,24.5570438632356,24.5622198668973,24.6760255545029,24.5829212550199,24.6398284203822,24.4949113154483,24.5000904743927,24.5829212550199,24.5156263724707,24.6036184425424,24.5725710861868,24.593270373703,24.6656848260024,24.593270373703,24.5363372209139,24.588095945611,24.593270373703,24.6346563530609,24.6501717687129,24.68119552596,24.8310109648659,24.7328808471969,24.6553430497988,24.7483813439431,24.8516579356668,24.6863652356057,24.68119552596,24.6243114319154,24.6605140688826,24.6501717687129,24.8000326866343,24.7793752829217,24.7328808471969,24.7742102793675,24.5777463018912,24.7380479408253,24.7380479408253,24.7587137017957,24.7328808471969,24.6967038696157,24.7793752829217,24.836173098535,24.7070414568379,24.7483813439431,24.7638794888426,24.6450002255868,24.7587137017957,24.6760255545029,24.6708553211965,24.5673956078683,24.7070414568379,24.7173779975772,24.6708553211965,24.7690450146872,24.7380479408253,24.7018727940562,24.8206859153626,24.7225458756109,24.8155229994525,24.7380479408253,24.6967038696157,24.6450002255868,24.7638794888426,24.7070414568379,24.6915346834782,24.7793752829217,24.7638794888426,24.6656848260024,24.68119552596,24.7018727940562,24.7018727940562,24.7328808471969,24.6708553211965,24.6553430497988,24.6863652356057,24.6450002255868,24.6294840235847,24.7070414568379,24.6243114319154,24.588095945611,24.5777463018912,24.5311599032229,24.6294840235847,24.4949113154483,24.6294840235847,24.6501717687129,24.4845522079513,24.6656848260024,24.7742102793675,24.7018727940562,24.7587137017957,24.5673956078683,24.6398284203822,24.6863652356057,24.7018727940562,24.6191385780148,24.7070414568379,24.5829212550199,24.5466910676864,24.6708553211965,24.6139654618445,24.6191385780148,24.6294840235847,24.7328808471969,24.6656848260024,24.6398284203822,24.6398284203822,24.6346563530609,24.5829212550199,24.5622198668973,24.6191385780148,24.5622198668973,24.5466910676864,24.7483813439431,24.7225458756109,24.6915346834782,24.7587137017957,24.7587137017957,24.9909160664447,24.8413349715329,24.7380479408253,24.6501717687129,24.7225458756109,24.6915346834782,24.6760255545029,24.7742102793675,24.7587137017957,24.6553430497988,24.7638794888426,24.8103598227198,24.9909160664447,25.0372933614365,25.1351320700124,25.1351320700124,25.2174501739369,25.2945634334578,25.2483024338098,25.1454254487159,25.2483024338098,25.2123072282184,25.3664835674914,25.2225928617629
23.7672136483527,24.0745219654683,24.525982322611,24.4379231880585,24.5311599032229,24.5363372209139,24.6553430497988,24.6605140688826,24.5104480028654,24.6191385780148,24.5777463018912,24.5466910676864,24.5518675968447,24.5052693701856,24.6036184425424,24.4638308334468,24.5725710861868,24.598444539334,24.4638308334468,24.598444539334,24.593270373703,24.5673956078683,24.6708553211965,24.5208044790397,24.6450002255868,24.6553430497988,24.7380479408253,24.7690450146872,24.6346563530609,24.6139654618445,24.6501717687129,24.6191385780148,24.5311599032229,24.6294840235847,24.6450002255868,24.598444539334,24.5415142757223,24.5466910676864,24.4845522079513,24.4845522079513,24.4949113154483,24.4845522079513,24.5725710861868,24.6294840235847,24.417192326936,24.5415142757223,24.6501717687129,24.4949113154483,24.6605140688826,24.4793722593216,24.5829212550199,24.6243114319154,24.5052693701856,24.4120089523324,24.5311599032229,24.5673956078683,24.5466910676864,24.5673956078683,24.5466910676864,24.5570438632356,24.5156263724707,24.5622198668973,24.5570438632356,24.4586498313649,24.5363372209139,24.5311599032229,24.5622198668973,24.6450002255868,24.6708553211965,24.6553430497988,24.6243114319154,24.7173779975772,24.5725710861868,24.5725710861868,24.6036184425424,24.5777463018912,24.5777463018912,24.5570438632356,24.6294840235847,24.593270373703,24.5052693701856,24.598444539334,24.6501717687129,24.5829212550199,24.6243114319154,24.6501717687129,24.5725710861868,24.5570438632356,24.6087920833666,24.5829212550199,24.5311599032229,24.5570438632356,24.6294840235847,24.8568190268782,24.8516579356668,25.1093940990381,25.1660091054476,24.9342041538485,24.8568190268782,24.7225458756109,24.8516579356668,24.7173779975772,24.5777463018912,24.7122098579989,24.6294840235847,24.7122098579989,24.6139654618445,24.6501717687129,24.5829212550199,24.5829212550199,24.6398284203822,24.6553430497988,24.4793722593216,24.5570438632356,24.6087920833666,24.6243114319154,24.6294840235847,24.6863652356057,24.7018727940562,24.6501717687129,24.8774607869049,24.7173779975772,24.8000326866343,24.8310109648659,24.8103598227198,24.6294840235847,24.7018727940562,24.7225458756109,24.7277134921382,24.7173779975772,24.7277134921382,24.7483813439431,24.7277134921382,24.7483813439431,24.7432147730614,24.8516579356668,24.7587137017957,24.7277134921382,24.7018727940562,24.7483813439431,24.7845400253874,24.6708553211965,24.7638794888426,24.68119552596,24.7587137017957,24.68119552596,24.6967038696157,24.6553430497988,24.7897045068028,24.6967038696157,24.6915346834782,24.7173779975772,24.588095945611,24.6967038696157,24.7380479408253,24.8103598227198,24.7948687272058,24.6398284203822,24.6553430497988,24.7173779975772,24.7277134921382,24.6346563530609,24.7173779975772,24.7690450146872,24.68119552596,24.7328808471969,24.7018727940562,24.5052693701856,24.6553430497988,24.6553430497988,24.6346563530609,24.6398284203822,24.6294840235847,24.6036184425424,24.598444539334,24.6398284203822,24.6139654618445,24.6346563530609,24.525982322611,24.4120089523324,24.588095945611,24.6087920833666,24.6398284203822,24.6294840235847,24.4741920473867,24.7173779975772,24.7122098579989,24.6450002255868,24.598444539334,24.6243114319154,24.5518675968447,24.598444539334,24.6346563530609,24.5466910676864,24.5570438632356,24.5466910676864,24.5570438632356,24.6760255545029,24.6191385780148,24.6501717687129,24.6191385780148,24.6605140688826,24.6243114319154,24.8000326866343,24.6087920833666,24.525982322611,24.5673956078683,24.6294840235847,24.6915346834782,24.6863652356057,24.4431052442089,24.6656848260024,24.7173779975772,24.7122098579989,24.7328808471969,24.7070414568379,24.8103598227198,24.86197985757,24.7742102793675,24.7328808471969,24.6656848260024,24.6139654618445,24.6346563530609,24.7587137017957,24.6708553211965,24.6760255545029,24.7587137017957,24.7638794888426,24.9909160664447,24.86197985757,25.14027888859,25.1557177937613,25.0887990663117,25.1814441360816,25.2483024338098,25.2431610348875,25.2225928617629,25.2174501739369,25.2277352917338,25.1968768433364
24.1836787523513,24.1784834681163,24.3497878691456,24.3653467049792,24.5725710861868,24.6708553211965,24.6501717687129,24.6760255545029,24.5208044790397,24.6191385780148,24.5156263724707,24.588095945611,24.5673956078683,24.5311599032229,24.4223754377718,24.5208044790397,24.4327408682945,24.5104480028654,24.5363372209139,24.6139654618445,24.4741920473867,24.525982322611,24.588095945611,24.6553430497988,24.5415142757223,24.6501717687129,24.6501717687129,24.6398284203822,24.6708553211965,24.7173779975772,24.6346563530609,24.6450002255868,24.4793722593216,24.6036184425424,24.6346563530609,24.6191385780148,24.6036184425424,24.5415142757223,24.4949113154483,24.4793722593216,24.4845522079513,24.5052693701856,24.4845522079513,24.5000904743927,24.593270373703,24.4275582848784,24.6450002255868,24.5363372209139,24.4793722593216,24.6036184425424,24.6708553211965,24.6036184425424,24.6139654618445,24.5208044790397,24.4534685658236,24.5156263724707,24.4534685658236,24.4586498313649,24.4482870367845,24.5311599032229,24.5311599032229,24.5363372209139,24.5415142757223,24.68119552596,24.5622198668973,24.5829212550199,24.4741920473867,24.6036184425424,24.588095945611,24.6708553211965,24.6346563530609,24.7277134921382,24.4897318933139,24.5104480028654,24.6553430497988,24.6243114319154,24.5777463018912,24.6243114319154,24.5829212550199,24.6191385780148,24.5829212550199,24.6294840235847,24.4741920473867,24.7173779975772,24.6036184425424,24.6294840235847,24.6243114319154,24.6294840235847,24.6087920833666,24.6087920833666,24.598444539334,24.5622198668973,24.8206859153626,24.9496741564303,25.0321413659635,25.0630494515398,24.9754522977662,24.9960701368761,25.0063774992726,24.9496741564303,25.0372933614365,24.598444539334,24.598444539334,24.7380479408253,24.6243114319154,24.7070414568379,24.5777463018912,24.7122098579989,24.6191385780148,24.6346563530609,24.6553430497988,24.5777463018912,24.5777463018912,24.5829212550199,24.4897318933139,24.5777463018912,24.6036184425424,24.5777463018912,24.6398284203822,24.7018727940562,24.7380479408253,24.7690450146872,24.7173779975772,24.6967038696157,24.6346563530609,24.598444539334,24.7432147730614,24.6243114319154,24.6087920833666,24.6346563530609,24.6036184425424,24.6760255545029,24.7638794888426,24.7535476535085,24.8929393729232,24.8671404277798,24.7587137017957,24.7535476535085,24.6656848260024,24.68119552596,24.7535476535085,24.7277134921382,24.68119552596,24.6656848260024,24.7070414568379,24.6708553211965,24.7380479408253,24.7432147730614,24.7845400253874,24.7173779975772,24.7483813439431,24.7742102793675,24.7070414568379,24.8051963851263,24.7018727940562,24.7845400253874,24.6553430497988,24.8051963851263,24.7070414568379,24.7070414568379,24.7328808471969,24.68119552596,24.6967038696157,24.6967038696157,24.7070414568379,24.6967038696157,24.6863652356057,24.6967038696157,24.6708553211965,24.6243114319154,24.8568190268782,24.6605140688826,24.6708553211965,24.6243114319154,24.5777463018912,24.6087920833666,24.6243114319154,24.5311599032229,24.5415142757223,24.6087920833666,24.6087920833666,24.6915346834782,24.6450002255868,24.598444539334,24.6656848260024,24.6553430497988,24.7638794888426,24.6398284203822,24.598444539334,24.6708553211965,24.6243114319154,24.6398284203822,24.6243114319154,24.6760255545029,24.6139654618445,24.5363372209139,24.5725710861868,24.6915346834782,24.593270373703,24.7380479408253,24.7122098579989,24.6191385780148,24.6398284203822,24.7380479408253,24.6294840235847,24.6191385780148,24.4949113154483,24.6450002255868,24.6087920833666,24.7070414568379,24.7535476535085,24.6708553211965,24.5363372209139,24.7328808471969,24.7483813439431,24.8413349715329,24.7690450146872,24.8464965838976,24.8310109648659,24.8258485704877,24.68119552596,24.68119552596,24.7638794888426,24.7690450146872,24.6915346834782,24.8413349715329,24.6553430497988,24.7690450146872,24.9342041538485,24.9909160664447,25.0578987516956,25.1711543738743,25.2071640245704,25.3716187925976,25.2483024338098,25.3613480855689,25.2174501739369,25.2071640245704,25.3870229273887,25.2380193782588
24.4379231880585,24.3705324552306,24.3549744119754,24.3497878691456,24.3912728154683,24.588095945611,24.5156263724707,24.5000904743927,24.5311599032229,24.5622198668973,24.4586498313649,24.5466910676864,24.5777463018912,24.5725710861868,24.5518675968447,24.6398284203822,24.7122098579989,24.7018727940562,24.5725710861868,24.5208044790397,24.4793722593216,24.4638308334468,24.588095945611,24.5363372209139,24.598444539334,24.6501717687129,24.5466910676864,24.6243114319154,24.7018727940562,24.6139654618445,24.6398284203822,24.6191385780148,24.5208044790397,24.6915346834782,24.6346563530609,24.6656848260024,24.6501717687129,24.6139654618445,24.6708553211965,24.5466910676864,24.5673956078683,24.4897318933139,24.5622198668973,24.5829212550199,24.588095945611,24.6139654618445,24.6139654618445,24.588095945611,24.5829212550199,24.4897318933139,24.525982322611,24.5466910676864,24.5518675968447,24.4586498313649,24.5415142757223,24.5518675968447,24.5570438632356,24.4586498313649,24.4897318933139,24.5000904743927,24.4638308334468,24.5518675968447,24.5363372209139,24.6967038696157,24.6967038696157,24.5673956078683,24.5725710861868,24.5777463018912,24.7018727940562,24.5829212550199,24.5208044790397,24.6450002255868,24.4690115721079,24.4793722593216,24.6501717687129,24.6760255545029,24.593270373703,24.6656848260024,24.6087920833666,24.598444539334,24.525982322611,24.6294840235847,24.5518675968447,24.598444539334,24.6553430497988,24.5622198668973,24.6553430497988,24.5622198668973,24.6398284203822,24.6087920833666,24.5725710861868,24.6139654618445,24.7122098579989,24.7173779975772,24.9032571289301,24.9342041538485,24.8516579356668,24.8774607869049,24.8877801045559,24.8671404277798,24.9238895190908,24.7897045068028,24.5725710861868,24.6708553211965,24.6294840235847,24.7122098579989,24.6036184425424,24.5777463018912,24.6450002255868,24.5829212550199,24.5673956078683,24.6346563530609,24.5777463018912,24.6191385780148,24.5363372209139,24.5363372209139,24.6294840235847,24.6398284203822,24.6501717687129,24.7277134921382,24.7432147730614,24.8051963851263,24.8000326866343,24.6863652356057,24.7277134921382,24.7742102793675,24.7690450146872,24.7845400253874,24.6501717687129,24.7277134921382,24.7897045068028,24.6294840235847,24.6501717687129,24.7380479408253,24.7483813439431,24.6605140688826,24.6294840235847,24.6346563530609,24.6139654618445,24.7173779975772,24.7380479408253,24.7483813439431,24.5518675968447,24.6398284203822,24.5518675968447,24.6760255545029,24.7535476535085,24.588095945611,24.7225458756109,24.598444539334,24.7122098579989,24.8877801045559,24.7535476535085,24.8051963851263,24.68119552596,24.6708553211965,24.7018727940562,24.7070414568379,24.7380479408253,24.7018727940562,24.7587137017957,24.6915346834782,24.7328808471969,24.7897045068028,24.7587137017957,24.6656848260024,24.6863652356057,24.68119552596,24.6036184425424,24.6294840235847,24.7018727940562,24.6605140688826,24.5311599032229,24.5777463018912,24.5156263724707,24.5363372209139,24.5415142757223,24.5466910676864,24.417192326936,24.6191385780148,24.5104480028654,24.7225458756109,24.7173779975772,24.6087920833666,24.6398284203822,24.6553430497988,24.6243114319154,24.6708553211965,24.7587137017957,24.6450002255868,24.6191385780148,24.6087920833666,24.5570438632356,24.5622198668973,24.5466910676864,24.5725710861868,24.5363372209139,24.5829212550199,24.6243114319154,24.6191385780148,24.6191385780148,24.6191385780148,24.68119552596,24.6967038696157,24.5415142757223,24.4741920473867,24.598444539334,24.6450002255868,24.7432147730614,24.6915346834782,24.6915346834782,24.6553430497988,24.6656848260024,24.7587137017957,24.7070414568379,24.7948687272058,24.7845400253874,24.8980983810354,24.7483813439431,24.7742102793675,24.7070414568379,24.6501717687129,24.68119552596,24.6346563530609,24.6553430497988,24.7793752829217,24.6398284203822,24.7793752829217,24.836173098535,25.0836496611589,25.1557177937613,25.1299849929454,25.2380193782588,25.3408035889768,25.3716187925976,25.1351320700124,25.2791454175921,25.2483024338098,25.2225928617629,25.2483024338098
24.417192326936,24.4845522079513,24.2460014642685,24.02250128355,24.1628960219406,24.5052693701856,24.5052693701856,24.4741920473867,24.5000904743927,24.5570438632356,24.5570438632356,24.5415142757223,24.6553430497988,24.5466910676864,24.6191385780148,24.5466910676864,24.6450002255868,24.6450002255868,24.593270373703,24.5622198668973,24.4482870367845,24.5208044790397,24.598444539334,24.6605140688826,24.6398284203822,24.6036184425424,24.6915346834782,24.6450002255868,24.6760255545029,24.6760255545029,24.6760255545029,24.598444539334,24.6191385780148,24.6036184425424,24.5311599032229,24.4845522079513,24.5466910676864,24.7122098579989,24.5570438632356,24.5622198668973,24.6191385780148,24.6036184425424,24.4949113154483,24.5622198668973,24.6087920833666,24.5622198668973,24.588095945611,24.5000904743927,24.5363372209139,24.6191385780148,24.5104480028654,24.5673956078683,24.4897318933139,24.4741920473867,24.5829212550199,24.4897318933139,24.5570438632356,24.593270373703,24.525982322611,24.525982322611,24.588095945611,24.4793722593216,24.5673956078683,24.4793722593216,24.6346563530609,24.588095945611,24.5777463018912,24.7638794888426,24.68119552596,24.6191385780148,24.4845522079513,24.6191385780148,24.6191385780148,24.5466910676864,24.7173779975772,24.7018727940562,24.6553430497988,24.5725710861868,24.6553430497988,24.5829212550199,24.4845522079513,24.5311599032229,24.6191385780148,24.6501717687129,24.7070414568379,24.7897045068028,24.6139654618445,24.6191385780148,24.5518675968447,24.5466910676864,24.4897318933139,24.5156263724707,24.588095945611,24.598444539334,24.4431052442089,24.525982322611,24.7432147730614,24.7742102793675,24.836173098535,24.8258485704877,24.8206859153626,24.7897045068028,24.5518675968447,24.5777463018912,24.7328808471969,24.6553430497988,24.6553430497988,24.7122098579989,24.7535476535085,24.6139654618445,24.7432147730614,24.6398284203822,24.598444539334,24.5725710861868,24.5518675968447,24.5466910676864,24.5673956078683,24.6398284203822,24.7897045068028,24.6243114319154,24.7845400253874,24.7845400253874,24.8103598227198,24.7897045068028,24.5673956078683,24.593270373703,24.6346563530609,24.7432147730614,24.7742102793675,24.6501717687129,24.6605140688826,24.68119552596,24.6760255545029,24.7432147730614,24.6398284203822,24.6863652356057,24.6294840235847,24.6191385780148,24.6294840235847,24.7328808471969,24.7173779975772,24.8464965838976,24.6605140688826,24.7070414568379,24.6863652356057,24.6605140688826,24.6760255545029,24.68119552596,24.68119552596,24.5725710861868,24.4327408682945,24.598444539334,24.6760255545029,24.68119552596,24.7793752829217,24.6656848260024,24.8000326866343,24.8000326866343,24.7070414568379,24.7018727940562,24.7018727940562,24.7018727940562,24.7070414568379,24.7018727940562,24.7018727940562,24.6708553211965,24.6863652356057,24.6605140688826,24.6501717687129,24.6398284203822,24.6605140688826,24.6450002255868,24.7070414568379,24.6501717687129,24.6191385780148,24.7380479408253,24.5777463018912,24.5570438632356,24.5777463018912,24.5673956078683,24.598444539334,24.598444539334,24.598444539334,24.6294840235847,24.6243114319154,24.6605140688826,24.7173779975772,24.6967038696157,24.7277134921382,24.7225458756109,24.7380479408253,24.5673956078683,24.6398284203822,24.6139654618445,24.593270373703,24.5777463018912,24.5518675968447,24.5673956078683,24.6243114319154,24.5415142757223,24.6191385780148,24.6036184425424,24.5673956078683,24.6760255545029,24.6450002255868,24.5466910676864,24.6605140688826,24.8413349715329,24.6553430497988,24.6501717687129,24.7587137017957,24.6967038696157,24.68119552596,24.7173779975772,24.6760255545029,24.7328808471969,24.8051963851263,24.8103598227198,24.8155229994525,24.7845400253874,24.7793752829217,24.7948687272058,24.68119552596,24.6553430497988,24.6346563530609,24.7587137017957,24.6243114319154,24.7225458756109,24.9651418204509,25.14027888859,25.1505717504272,25.1917328656758,25.2637250847104,25.1505717504272,25.2534435750629,25.1351320700124,25.2225928617629,25.1917328656758,25.2380193782588,25.1865886299367
24.5208044790397,24.5363372209139,24.3705324552306,24.3446010620456,24.0797225681742,24.3757179413665,24.4223754377718,24.4897318933139,24.5311599032229,24.525982322611,24.5622198668973,24.5466910676864,24.5466910676864,24.5466910676864,24.5777463018912,24.6398284203822,24.5518675968447,24.598444539334,24.5208044790397,24.598444539334,24.6036184425424,24.5363372209139,24.4431052442089,24.5777463018912,24.5725710861868,24.7018727940562,24.5777463018912,24.5311599032229,24.6708553211965,24.6294840235847,24.6243114319154,24.5466910676864,24.5104480028654,24.6191385780148,24.6501717687129,24.6553430497988,24.6036184425424,24.5104480028654,24.5725710861868,24.6294840235847,24.525982322611,24.4793722593216,24.4793722593216,24.4793722593216,24.6398284203822,24.6605140688826,24.4638308334468,24.4482870367845,24.5208044790397,24.598444539334,24.598444539334,24.588095945611,24.5052693701856,24.6243114319154,24.6294840235847,24.6450002255868,24.5415142757223,24.5725710861868,24.5622198668973,24.5777463018912,24.588095945611,24.6450002255868,24.598444539334,24.5518675968447,24.5622198668973,24.6139654618445,24.593270373703,24.6243114319154,24.6294840235847,24.6243114319154,24.4741920473867,24.6036184425424,24.6863652356057,24.7122098579989,24.7173779975772,24.7225458756109,24.6501717687129,24.6398284203822,24.6605140688826,24.6863652356057,24.5518675968447,24.593270373703,24.7070414568379,24.593270373703,24.68119552596,24.6191385780148,24.6863652356057,24.5829212550199,24.6139654618445,24.593270373703,24.6087920833666,24.4793722593216,24.5673956078683,24.5052693701856,24.5311599032229,24.6553430497988,24.68119552596,24.8206859153626,24.8206859153626,24.8413349715329,24.68119552596,24.5311599032229,24.598444539334,24.86197985757,24.6294840235847,24.6656848260024,24.6863652356057,24.6346563530609,24.7328808471969,24.7173779975772,24.6501717687129,24.5622198668973,24.598444539334,24.588095945611,24.5466910676864,24.5415142757223,24.5725710861868,24.7638794888426,24.7638794888426,24.7380479408253,24.8051963851263,24.8000326866343,24.8000326866343,24.6139654618445,24.7483813439431,24.6398284203822,24.7742102793675,24.7328808471969,24.7225458756109,24.7638794888426,24.7277134921382,24.7793752829217,24.6553430497988,24.593270373703,24.5829212550199,24.6346563530609,24.7173779975772,24.7122098579989,24.6191385780148,24.6450002255868,24.5673956078683,24.7328808471969,24.6036184425424,24.6708553211965,24.7483813439431,24.6139654618445,24.68119552596,24.7535476535085,24.6760255545029,24.6760255545029,24.5622198668973,24.6087920833666,24.5829212550199,24.6294840235847,24.7948687272058,24.7070414568379,24.6760255545029,24.6656848260024,24.8103598227198,24.7018727940562,24.6967038696157,24.6191385780148,24.6294840235847,24.68119552596,24.6605140688826,24.6760255545029,24.6656848260024,24.6553430497988,24.6760255545029,24.6450002255868,24.6656848260024,24.6553430497988,24.6191385780148,24.6553430497988,24.5104480028654,24.6191385780148,24.5777463018912,24.6191385780148,24.5052693701856,24.5570438632356,24.5363372209139,24.5725710861868,24.5777463018912,24.598444539334,24.6760255545029,24.6346563530609,24.7173779975772,24.836173098535,24.7845400253874,24.6139654618445,24.6294840235847,24.6656848260024,24.6087920833666,24.5829212550199,24.5570438632356,24.5570438632356,24.598444539334,24.5518675968447,24.588095945611,24.7380479408253,24.68119552596,24.6139654618445,24.6294840235847,24.7277134921382,24.6191385780148,24.6294840235847,24.6036184425424,24.6243114319154,24.68119552596,24.7225458756109,24.6553430497988,24.5518675968447,24.6036184425424,24.6863652356057,24.7690450146872,24.7948687272058,24.588095945611,24.8051963851263,24.7432147730614,24.8206859153626,24.6863652356057,24.7380479408253,24.8568190268782,24.6605140688826,24.7638794888426,24.6553430497988,24.6760255545029,24.9393610812787,25.0115307913128,25.1042457289643,25.2020205629554,25.2225928617629,25.2174501739369,25.1865886299367,25.2740055641272,25.2071640245704,25.2020205629554,25.2688654531791,25.2534435750629,25.2483024338098
24.2563848704595,24.4741920473867,24.525982322611,24.5156263724707,24.2563848704595,23.9964809427924,24.3549744119754,24.5104480028654,24.6036184425424,24.4949113154483,24.588095945611,24.6036184425424,24.5466910676864,24.6501717687129,24.4327408682945,24.5415142757223,24.5829212550199,24.5777463018912,24.588095945611,24.6139654618445,24.5311599032229,24.4534685658236,24.4638308334468,24.4586498313649,24.5829212550199,24.7018727940562,24.6656848260024,24.5415142757223,24.6760255545029,24.5622198668973,24.4690115721079,24.6087920833666,24.598444539334,24.6243114319154,24.6450002255868,24.6294840235847,24.6294840235847,24.7225458756109,24.5570438632356,24.6087920833666,24.5622198668973,24.4690115721079,24.5311599032229,24.5777463018912,24.5725710861868,24.588095945611,24.5829212550199,24.6087920833666,24.5363372209139,24.593270373703,24.6087920833666,24.6191385780148,24.6243114319154,24.5156263724707,24.6087920833666,24.6863652356057,24.6915346834782,24.6915346834782,24.6243114319154,24.6139654618445,24.68119552596,24.7587137017957,24.7070414568379,24.5104480028654,24.5466910676864,24.5518675968447,24.5829212550199,24.598444539334,24.6243114319154,24.5673956078683,24.5673956078683,24.4897318933139,24.6243114319154,24.68119552596,24.588095945611,24.6863652356057,24.7587137017957,24.6760255545029,24.6760255545029,24.5052693701856,24.5622198668973,24.6346563530609,24.6967038696157,24.5673956078683,24.5156263724707,24.5673956078683,24.5725710861868,24.6501717687129,24.4845522079513,24.3757179413665,24.4741920473867,24.4586498313649,24.3757179413665,24.4845522079513,24.7277134921382,24.9084156166453,24.9496741564303,25.0733500742259,24.9806071469274,24.7432147730614,24.6450002255868,24.6346563530609,24.6501717687129,24.7225458756109,24.6294840235847,24.6398284203822,24.6863652356057,24.7328808471969,24.7432147730614,24.7897045068028,24.6036184425424,24.5673956078683,24.5570438632356,24.5570438632356,24.6450002255868,24.6398284203822,24.6346563530609,24.8000326866343,24.7948687272058,24.7793752829217,24.7793752829217,24.8103598227198,24.8568190268782,24.7277134921382,24.6915346834782,24.7483813439431,24.8310109648659,24.8826205758957,24.8258485704877,24.7432147730614,24.7225458756109,24.598444539334,24.6967038696157,24.6915346834782,24.8000326866343,24.8051963851263,24.7018727940562,24.8774607869049,24.7742102793675,24.7328808471969,24.6243114319154,24.5518675968447,24.6294840235847,24.6139654618445,24.5777463018912,24.7070414568379,24.7173779975772,24.7328808471969,24.7225458756109,24.7173779975772,24.7432147730614,24.6863652356057,24.8103598227198,24.6656848260024,24.68119552596,24.8155229994525,24.7897045068028,24.7328808471969,24.8206859153626,24.7122098579989,24.7018727940562,24.7018727940562,24.6863652356057,24.6243114319154,24.6708553211965,24.6605140688826,24.6346563530609,24.7897045068028,24.7018727940562,24.6605140688826,24.6605140688826,24.6708553211965,24.6243114319154,24.68119552596,24.6036184425424,24.598444539334,24.5777463018912,24.5622198668973,24.5570438632356,24.598444539334,24.5466910676864,24.5777463018912,24.6346563530609,24.6398284203822,24.6036184425424,24.7277134921382,24.6450002255868,24.7690450146872,24.6967038696157,24.7380479408253,24.7173779975772,24.6501717687129,24.68119552596,24.5673956078683,24.5622198668973,24.6656848260024,24.6087920833666,24.3860881214467,24.5829212550199,24.5622198668973,24.6346563530609,24.6036184425424,24.5570438632356,24.6036184425424,24.6398284203822,24.6139654618445,24.5777463018912,24.5777463018912,24.6708553211965,24.5673956078683,24.6553430497988,24.7122098579989,24.6967038696157,24.7070414568379,24.7742102793675,24.7535476535085,24.7638794888426,24.7483813439431,24.7638794888426,24.7690450146872,24.8258485704877,24.6967038696157,24.6915346834782,24.6398284203822,24.6553430497988,24.7328808471969,24.7122098579989,24.6967038696157,25.0063774992726,25.0166838239645,25.1865886299367,25.2380193782588,25.2637250847104,25.3151171854302,25.1660091054476,25.2020205629554,25.2020205629554,25.258584458684,25.2534435750629,25.1968768433364
24.3705324552306,24.4638308334468,24.5208044790397,24.3809031634257,24.3549744119754,24.1628960219406,24.1888737710728,24.4741920473867,24.5104480028654,24.5000904743927,24.4845522079513,24.598444539334,24.5518675968447,24.6398284203822,24.5363372209139,24.588095945611,24.5208044790397,24.5518675968447,24.4638308334468,24.5829212550199,24.5622198668973,24.5518675968447,24.4897318933139,24.4897318933139,24.5725710861868,24.4741920473867,24.5518675968447,24.5673956078683,24.5415142757223,24.4327408682945,24.5104480028654,24.6087920833666,24.5363372209139,24.68119552596,24.598444539334,24.6243114319154,24.7328808471969,24.7638794888426,24.7845400253874,24.6450002255868,24.6191385780148,24.598444539334,24.525982322611,24.4690115721079,24.6501717687129,24.5570438632356,24.5156263724707,24.4431052442089,24.525982322611,24.5518675968447,24.5570438632356,24.7070414568379,24.5363372209139,24.5052693701856,24.525982322611,24.5311599032229,24.5622198668973,24.6501717687129,24.5829212550199,24.5777463018912,24.6346563530609,24.6967038696157,24.6243114319154,24.7225458756109,24.6553430497988,24.6967038696157,24.7122098579989,24.7328808471969,24.588095945611,24.5415142757223,24.4897318933139,24.6139654618445,24.593270373703,24.6450002255868,24.7018727940562,24.6501717687129,24.7277134921382,24.588095945611,24.6760255545029,24.598444539334,24.6294840235847,24.5725710861868,24.6243114319154,24.5518675968447,24.5415142757223,24.588095945611,24.6036184425424,24.6243114319154,24.6346563530609,24.4897318933139,24.598444539334,24.598444539334,24.4482870367845,24.6036184425424,24.8051963851263,24.9702971889533,24.8516579356668,24.7380479408253,24.9393610812787,24.6553430497988,24.7018727940562,24.6398284203822,24.6139654618445,24.4949113154483,24.6553430497988,24.6294840235847,24.7173779975772,24.68119552596,24.6863652356057,24.6656848260024,24.598444539334,24.6346563530609,24.6191385780148,24.6191385780148,24.6346563530609,24.6087920833666,24.6450002255868,24.7793752829217,24.7690450146872,24.7638794888426,24.7793752829217,24.8723007375455,24.8310109648659,24.7380479408253,24.7638794888426,24.7535476535085,24.8000326866343,24.7948687272058,24.7173779975772,24.8000326866343,24.6605140688826,24.7483813439431,24.7638794888426,24.8051963851263,24.7690450146872,24.7742102793675,24.8516579356668,24.7690450146872,24.8206859153626,24.7432147730614,24.7483813439431,24.7122098579989,24.7742102793675,24.598444539334,24.6087920833666,24.7225458756109,24.7432147730614,24.8206859153626,24.7380479408253,24.7432147730614,24.8258485704877,24.6863652356057,24.68119552596,24.7793752829217,24.6760255545029,24.7690450146872,24.7483813439431,24.7173779975772,24.7793752829217,24.7587137017957,24.7173779975772,24.5570438632356,24.6087920833666,24.7122098579989,24.6708553211965,24.6708553211965,24.6398284203822,24.6450002255868,24.6501717687129,24.68119552596,24.6605140688826,24.6863652356057,24.593270373703,24.6863652356057,24.5104480028654,24.4586498313649,24.6243114319154,24.5777463018912,24.6087920833666,24.5777463018912,24.6450002255868,24.6501717687129,24.5777463018912,24.6501717687129,24.6087920833666,24.7432147730614,24.6967038696157,24.7225458756109,24.6967038696157,24.8103598227198,24.6967038696157,24.6605140688826,24.7070414568379,24.5777463018912,24.6501717687129,24.6553430497988,24.6191385780148,24.7122098579989,24.6139654618445,24.588095945611,24.6191385780148,24.7225458756109,24.4690115721079,24.6708553211965,24.6294840235847,24.6656848260024,24.5777463018912,24.5777463018912,24.6605140688826,24.6605140688826,24.6656848260024,24.6501717687129,24.6553430497988,24.6708553211965,24.7328808471969,24.588095945611,24.68119552596,24.6191385780148,24.6450002255868,24.7328808471969,24.8310109648659,24.7070414568379,24.7742102793675,24.6708553211965,24.68119552596,24.8258485704877,24.68119552596,24.8103598227198,24.7845400253874,25.0269891112523,25.1505717504272,25.2277352917338,25.2225928617629,25.2328774638867,25.3202549803643,25.2894243522202,25.2842850136107,25.2791454175921,25.1711543738743,25.2791454175921
24.2719579925803,24.4068253139224,24.4016414116675,24.417192326936,24.4068253139224,24.4379231880585,24.2563848704595,24.4120089523324,24.4793722593216,24.4793722593216,24.5000904743927,24.6863652356057,24.4793722593216,24.5622198668973,24.5156263724707,24.4431052442089,24.5052693701856,24.5000904743927,24.4741920473867,24.4379231880585,24.4534685658236,24.4897318933139,24.5777463018912,24.525982322611,24.417192326936,24.5777463018912,24.593270373703,24.5466910676864,24.5829212550199,24.5311599032229,24.5000904743927,24.3809031634257,24.5208044790397,24.6243114319154,24.6139654618445,24.6036184425424,24.7587137017957,24.7483813439431,24.8568190268782,24.7173779975772,24.6656848260024,24.6087920833666,24.5363372209139,24.4793722593216,24.5415142757223,24.5415142757223,24.5829212550199,24.5363372209139,24.6553430497988,24.5777463018912,24.5415142757223,24.598444539334,24.5104480028654,24.5311599032229,24.525982322611,24.5208044790397,24.588095945611,24.7070414568379,24.5415142757223,24.6346563530609,24.6863652356057,24.6501717687129,24.5156263724707,24.6243114319154,24.6656848260024,24.6760255545029,24.6605140688826,24.5570438632356,24.4223754377718,24.5156263724707,24.5518675968447,24.4897318933139,24.5466910676864,24.5363372209139,24.5000904743927,24.6708553211965,24.8206859153626,24.4120089523324,24.6191385780148,24.6294840235847,24.525982322611,24.6450002255868,24.6087920833666,24.593270373703,24.5777463018912,24.5777463018912,24.6087920833666,24.68119552596,24.598444539334,24.6036184425424,24.593270373703,24.6243114319154,24.5570438632356,24.598444539334,24.7380479408253,24.8155229994525,24.8258485704877,24.7225458756109,24.8568190268782,24.6450002255868,24.7122098579989,24.7587137017957,24.7845400253874,24.68119552596,24.6656848260024,24.7587137017957,24.6398284203822,24.6501717687129,24.7018727940562,24.6553430497988,24.6760255545029,24.6294840235847,24.6450002255868,24.6450002255868,24.6243114319154,24.7225458756109,24.7535476535085,24.8103598227198,24.8413349715329,24.8310109648659,24.7845400253874,24.8516579356668,24.8723007375455,24.86197985757,24.8258485704877,24.6656848260024,24.7122098579989,24.8103598227198,24.8310109648659,24.7948687272058,24.6553430497988,24.6398284203822,24.7328808471969,24.7587137017957,24.6346563530609,24.6036184425424,24.7845400253874,24.7690450146872,24.8723007375455,24.8929393729232,24.8000326866343,24.7793752829217,24.7793752829217,24.6398284203822,24.7432147730614,24.7845400253874,24.7690450146872,24.7742102793675,24.6760255545029,24.7173779975772,24.7328808471969,24.68119552596,24.836173098535,24.7380479408253,24.7948687272058,24.7122098579989,24.7070414568379,24.7277134921382,24.7793752829217,24.7225458756109,24.7690450146872,24.7587137017957,24.6760255545029,24.6553430497988,24.7948687272058,24.7277134921382,24.6087920833666,24.7380479408253,24.6656848260024,24.6708553211965,24.6863652356057,24.6087920833666,24.7122098579989,24.6605140688826,24.6243114319154,24.5363372209139,24.7328808471969,24.6605140688826,24.6915346834782,24.598444539334,24.6708553211965,24.6553430497988,24.6294840235847,24.6501717687129,24.7070414568379,24.6398284203822,24.7173779975772,24.7328808471969,24.7328808471969,24.836173098535,24.7070414568379,24.7638794888426,24.6656848260024,24.6398284203822,24.593270373703,24.6346563530609,24.7122098579989,24.7173779975772,24.6605140688826,24.6243114319154,24.6191385780148,24.598444539334,24.5673956078683,24.5725710861868,24.6450002255868,24.5725710861868,24.5777463018912,24.6760255545029,24.5725710861868,24.7173779975772,24.6656848260024,24.6760255545029,24.6863652356057,24.7173779975772,24.7380479408253,24.7638794888426,24.7587137017957,24.7328808471969,24.8103598227198,24.7690450146872,24.836173098535,24.7380479408253,24.7225458756109,24.6191385780148,24.7328808471969,24.68119552596,24.7638794888426,24.8929393729232,24.8413349715329,25.0063774992726,25.1145422104357,25.1505717504272,25.2740055641272,25.2483024338098,25.2688654531791,25.2842850136107,25.2688654531791,25.2740055641272,25.2842850136107,25.2842850136107
24.4016414116675,24.4638308334468,24.5208044790397,24.417192326936,24.5518675968447,24.4690115721079,24.5570438632356,24.4120089523324,24.4690115721079,24.5466910676864,24.5622198668973,24.4949113154483,24.4793722593216,24.5000904743927,24.4379231880585,24.4482870367845,24.3082860095273,24.2927184476639,24.1992630121316,24.4845522079513,24.5673956078683,24.4897318933139,24.4897318933139,24.5104480028654,24.588095945611,24.6036184425424,24.5363372209139,24.68119552596,24.6553430497988,24.6708553211965,24.4845522079513,24.4949113154483,24.4327408682945,24.5777463018912,24.525982322611,24.588095945611,24.7432147730614,24.6087920833666,24.8568190268782,24.7380479408253,24.6139654618445,24.5829212550199,24.5466910676864,24.593270373703,24.5570438632356,24.5415142757223,24.588095945611,24.6191385780148,24.6087920833666,24.5363372209139,24.5415142757223,24.5363372209139,24.6294840235847,24.5777463018912,24.6087920833666,24.6605140688826,24.7277134921382,24.7070414568379,24.6915346834782,24.6346563530609,24.6501717687129,24.6501717687129,24.6139654618445,24.6346563530609,24.7380479408253,24.593270373703,24.6708553211965,24.5052693701856,24.5725710861868,24.4845522079513,24.6450002255868,24.6294840235847,24.4690115721079,24.4793722593216,24.5725710861868,24.8000326866343,24.7070414568379,24.6708553211965,24.6036184425424,24.5777463018912,24.4949113154483,24.5622198668973,24.68119552596,24.6553430497988,24.6605140688826,24.5570438632356,24.5673956078683,24.6087920833666,24.68119552596,24.4793722593216,24.6501717687129,24.6036184425424,24.598444539334,24.3653467049792,24.5363372209139,24.6036184425424,24.6553430497988,24.6191385780148,24.6501717687129,24.6656848260024,24.6139654618445,24.7535476535085,24.7742102793675,24.6294840235847,24.6553430497988,24.6501717687129,24.68119552596,24.68119552596,24.6708553211965,24.6656848260024,24.6553430497988,24.6294840235847,24.6605140688826,24.7380479408253,24.7277134921382,24.7018727940562,24.6553430497988,24.7225458756109,24.8103598227198,24.8000326866343,24.7225458756109,24.8826205758957,24.7070414568379,24.8413349715329,24.8206859153626,24.7483813439431,24.7690450146872,24.7690450146872,24.7897045068028,24.836173098535,24.7483813439431,24.7587137017957,24.7638794888426,24.7225458756109,24.6863652356057,24.6191385780148,24.7070414568379,24.6915346834782,24.7690450146872,24.7018727940562,24.8413349715329,24.8413349715329,24.7432147730614,24.7380479408253,24.6450002255868,24.6398284203822,24.6346563530609,24.6553430497988,24.7897045068028,24.7535476535085,24.6398284203822,24.6656848260024,24.6450002255868,24.6656848260024,24.68119552596,24.7845400253874,24.5673956078683,24.7535476535085,24.7380479408253,24.7380479408253,24.7432147730614,24.7018727940562,24.7328808471969,24.7690450146872,24.7638794888426,24.7122098579989,24.7535476535085,24.6656848260024,24.6501717687129,24.7173779975772,24.6863652356057,24.6398284203822,24.5829212550199,24.5777463018912,24.6087920833666,24.6139654618445,24.5570438632356,24.6087920833666,24.6760255545029,24.6450002255868,24.6760255545029,24.5725710861868,24.6139654618445,24.6605140688826,24.7742102793675,24.7277134921382,24.7070414568379,24.7277134921382,24.7328808471969,24.7948687272058,24.7380479408253,24.68119552596,24.593270373703,24.6708553211965,24.7483813439431,24.7070414568379,24.6708553211965,24.7070414568379,24.6967038696157,24.5725710861868,24.6087920833666,24.7432147730614,24.7638794888426,24.6501717687129,24.6553430497988,24.5777463018912,24.6191385780148,24.6191385780148,24.6294840235847,24.6450002255868,24.6605140688826,24.6605140688826,24.6656848260024,24.7587137017957,24.8877801045559,24.7742102793675,24.7948687272058,24.7535476535085,24.7845400253874,24.7845400253874,24.7948687272058,24.7277134921382,24.7328808471969,24.7070414568379,24.6243114319154,24.7173779975772,24.7018727940562,24.7432147730614,24.8464965838976,24.8568190268782,25.1196900631945,25.2688654531791,25.3151171854302,25.3151171854302,25.2842850136107,25.3921571255997,25.3048408239653,25.2842850136107,25.3408035889768,25.3202549803643
24.7328808471969,24.4534685658236,24.5156263724707,24.5466910676864,24.4690115721079,24.5622198668973,24.5466910676864,24.5000904743927,24.598444539334,24.5570438632356,24.598444539334,24.4275582848784,24.5156263724707,24.6967038696157,24.4793722593216,24.4482870367845,24.4741920473867,24.5415142757223,24.525982322611,24.5415142757223,24.6450002255868,24.5415142757223,24.4275582848784,24.6863652356057,24.598444539334,24.593270373703,24.6087920833666,24.6501717687129,24.6501717687129,24.6863652356057,24.7897045068028,24.6915346834782,24.6294840235847,24.4949113154483,24.525982322611,24.6036184425424,24.7277134921382,24.7432147730614,24.7432147730614,24.7948687272058,24.7018727940562,24.6553430497988,24.5208044790397,24.4897318933139,24.4897318933139,24.6553430497988,24.598444539334,24.6450002255868,24.6036184425424,24.6708553211965,24.6708553211965,24.6450002255868,24.6760255545029,24.6191385780148,24.5466910676864,24.598444539334,24.7277134921382,24.6863652356057,24.6760255545029,24.6656848260024,24.6243114319154,24.5415142757223,24.6605140688826,24.6087920833666,24.68119552596,24.6087920833666,24.6346563530609,24.6553430497988,24.6398284203822,24.6346563530609,24.5829212550199,24.598444539334,24.6036184425424,24.5104480028654,24.5570438632356,24.6863652356057,24.7070414568379,24.7742102793675,24.6605140688826,24.6191385780148,24.6243114319154,24.6450002255868,24.7483813439431,24.7380479408253,24.5829212550199,24.6398284203822,24.6398284203822,24.6863652356057,24.5673956078683,24.6087920833666,24.6191385780148,24.6036184425424,24.5829212550199,24.5622198668973,24.5208044790397,24.6036184425424,24.7225458756109,24.6656848260024,24.5673956078683,24.588095945611,24.7793752829217,24.7845400253874,24.6398284203822,24.6191385780148,24.5466910676864,24.6398284203822,24.6863652356057,24.7070414568379,24.6346563530609,24.6915346834782,24.6605140688826,24.6501717687129,24.6605140688826,24.7432147730614,24.7948687272058,24.6191385780148,24.7483813439431,24.6294840235847,24.7225458756109,24.8310109648659,24.8155229994525,24.7173779975772,24.7173779975772,24.6863652356057,24.7483813439431,24.8051963851263,24.7638794888426,24.7018727940562,24.6760255545029,24.6915346834782,24.7897045068028,24.7483813439431,24.7587137017957,24.6501717687129,24.7742102793675,24.7845400253874,24.7018727940562,24.7793752829217,24.8051963851263,24.8051963851263,24.9032571289301,24.6915346834782,24.7587137017957,24.6450002255868,24.6501717687129,24.7638794888426,24.7690450146872,24.7328808471969,24.7897045068028,24.8000326866343,24.8051963851263,24.7328808471969,24.7483813439431,24.7845400253874,24.6294840235847,24.7535476535085,24.7328808471969,24.7742102793675,24.7432147730614,24.6501717687129,24.8929393729232,24.7328808471969,24.8774607869049,24.6294840235847,24.7122098579989,24.7638794888426,24.7535476535085,24.68119552596,24.6863652356057,24.6553430497988,24.7122098579989,24.6501717687129,24.6139654618445,24.6191385780148,24.5052693701856,24.5777463018912,24.5673956078683,24.5570438632356,24.6708553211965,24.6656848260024,24.6501717687129,24.6243114319154,24.593270373703,24.6760255545029,24.7948687272058,24.7638794888426,24.7587137017957,24.7690450146872,24.7225458756109,24.8051963851263,24.8826205758957,24.7587137017957,24.6760255545029,24.6191385780148,24.6708553211965,24.7380479408253,24.8103598227198,24.7277134921382,24.6967038696157,24.7690450146872,24.7638794888426,24.6398284203822,24.7535476535085,24.6656848260024,24.5725710861868,24.5570438632356,24.6087920833666,24.6191385780148,24.6450002255868,24.6294840235847,24.7018727940562,24.6863652356057,24.6346563530609,24.7070414568379,24.7587137017957,24.7690450146872,24.8103598227198,24.8206859153626,24.8000326866343,24.7587137017957,24.7742102793675,24.7380479408253,24.7380479408253,24.6450002255868,24.6553430497988,24.7122098579989,24.8464965838976,24.8464965838976,24.8413349715329,24.9960701368761,25.2997022573604,25.3356668224182,25.3356668224182,25.3716187925976,25.325392518149,25.2791454175921,25.2842850136107,25.3613480855689,25.3818884725093,25.3972910671794
24.5829212550199,24.5570438632356,24.5518675968447,24.5673956078683,24.5518675968447,24.4638308334468,24.6760255545029,24.7070414568379,24.5156263724707,24.4379231880585,24.6346563530609,24.6294840235847,24.5415142757223,24.5777463018912,24.6605140688826,24.6294840235847,24.5673956078683,24.5311599032229,24.525982322611,24.6036184425424,24.6501717687129,24.4275582848784,24.5104480028654,24.6398284203822,24.5518675968447,24.4379231880585,24.6139654618445,24.6087920833666,24.5570438632356,24.7225458756109,24.7380479408253,24.7380479408253,24.6708553211965,24.7483813439431,24.5777463018912,24.417192326936,24.598444539334,24.6863652356057,24.6294840235847,24.5518675968447,24.7018727940562,24.5673956078683,24.525982322611,24.4638308334468,24.5208044790397,24.4845522079513,24.6294840235847,24.6243114319154,24.68119552596,24.7277134921382,24.5415142757223,24.6501717687129,24.7122098579989,24.6191385780148,24.6294840235847,24.6501717687129,24.6708553211965,24.7690450146872,24.8310109648659,24.6967038696157,24.6036184425424,24.5415142757223,24.598444539334,24.588095945611,24.6243114319154,24.6450002255868,24.6294840235847,24.6294840235847,24.6450002255868,24.6036184425424,24.6243114319154,24.6450002255868,24.6450002255868,24.6501717687129,24.6398284203822,24.7328808471969,24.7277134921382,24.6346563530609,24.6553430497988,24.6139654618445,24.598444539334,24.5518675968447,24.6294840235847,24.7328808471969,24.7380479408253,24.6553430497988,24.6139654618445,24.6294840235847,24.5622198668973,24.6243114319154,24.6863652356057,24.6708553211965,24.6087920833666,24.6760255545029,24.4897318933139,24.5622198668973,24.588095945611,24.5777463018912,24.5570438632356,24.6553430497988,24.7070414568379,24.6294840235847,24.6398284203822,24.4845522079513,24.588095945611,24.6294840235847,24.7380479408253,24.7122098579989,24.6708553211965,24.5363372209139,24.5052693701856,24.7018727940562,24.6605140688826,24.6605140688826,24.7483813439431,24.7328808471969,24.7070414568379,24.7948687272058,24.9238895190908,24.8568190268782,24.7328808471969,24.7173779975772,24.7173779975772,24.6863652356057,24.6243114319154,24.6760255545029,24.7070414568379,24.7690450146872,24.8103598227198,24.8051963851263,24.6501717687129,24.7070414568379,24.6605140688826,24.6191385780148,24.6398284203822,24.6501717687129,24.7690450146872,24.7793752829217,24.7638794888426,24.6656848260024,24.7380479408253,24.7793752829217,24.7845400253874,24.8206859153626,24.6760255545029,24.6346563530609,24.7277134921382,24.7897045068028,24.6553430497988,24.6398284203822,24.7948687272058,24.8310109648659,24.7845400253874,24.6967038696157,24.7483813439431,24.8000326866343,24.7018727940562,24.7018727940562,24.7432147730614,24.7690450146872,24.8000326866343,24.7948687272058,24.7793752829217,24.8051963851263,24.7845400253874,24.7483813439431,24.6346563530609,24.7483813439431,24.6294840235847,24.6967038696157,24.7690450146872,24.6915346834782,24.6398284203822,24.5156263724707,24.4793722593216,24.6398284203822,24.6243114319154,24.5415142757223,24.6708553211965,24.6605140688826,24.6656848260024,24.6708553211965,24.6139654618445,24.68119552596,24.8051963851263,24.7742102793675,24.7587137017957,24.7690450146872,24.7173779975772,24.7225458756109,24.7277134921382,24.7173779975772,24.7018727940562,24.7380479408253,24.6708553211965,24.6139654618445,24.7122098579989,24.7897045068028,24.6760255545029,24.6967038696157,24.6915346834782,24.6605140688826,24.8000326866343,24.6708553211965,24.6656848260024,24.6760255545029,24.6708553211965,24.6501717687129,24.588095945611,24.7432147730614,24.6915346834782,24.6243114319154,24.6036184425424,24.6501717687129,24.7277134921382,24.7173779975772,24.6760255545029,24.8155229994525,24.7328808471969,24.7432147730614,24.7690450146872,24.7587137017957,24.7638794888426,24.7483813439431,24.6450002255868,24.7793752829217,24.8516579356668,24.9599861922213,24.8413349715329,24.8774607869049,25.0887990663117,25.2277352917338,25.325392518149,25.3356668224182,25.3356668224182,25.2688654531791,25.3048408239653,25.2637250847104,25.2123072282184,25.3099791333095
24.8155229994525,24.7173779975772,24.4845522079513,24.4897318933139,24.525982322611,24.4949113154483,24.4897318933139,24.6605140688826,24.6708553211965,24.6398284203822,24.5104480028654,24.4638308334468,24.5673956078683,24.5104480028654,24.6450002255868,24.7380479408253,24.6243114319154,24.6346563530609,24.5052693701856,24.598444539334,24.4379231880585,24.5156263724707,24.6191385780148,24.5000904743927,24.598444539334,24.6087920833666,24.6087920833666,24.7638794888426,24.6139654618445,24.6191385780148,24.7535476535085,24.6243114319154,24.6450002255868,24.5777463018912,24.5622198668973,24.7070414568379,24.7173779975772,24.5570438632356,24.7122098579989,24.7018727940562,24.5673956078683,24.593270373703,24.5622198668973,24.5829212550199,24.588095945611,24.5208044790397,24.6243114319154,24.5777463018912,24.588095945611,24.6501717687129,24.68119552596,24.7587137017957,24.6294840235847,24.6191385780148,24.6398284203822,24.6294840235847,24.7277134921382,24.7638794888426,24.8206859153626,24.7793752829217,24.6243114319154,24.6036184425424,24.6191385780148,24.6346563530609,24.6450002255868,24.5518675968447,24.6346563530609,24.5311599032229,24.6243114319154,24.6243114319154,24.6087920833666,24.6450002255868,24.6346563530609,24.6656848260024,24.6191385780148,24.7638794888426,24.7380479408253,24.7483813439431,24.6294840235847,24.598444539334,24.593270373703,24.7483813439431,24.6708553211965,24.7018727940562,24.6605140688826,24.5777463018912,24.7225458756109,24.6915346834782,24.7432147730614,24.6553430497988,24.6656848260024,24.593270373703,24.6605140688826,24.593270373703,24.5052693701856,24.5829212550199,24.5725710861868,24.6450002255868,24.593270373703,24.6294840235847,24.7173779975772,24.5415142757223,24.6450002255868,24.588095945611,24.5570438632356,24.5000904743927,24.7225458756109,24.6139654618445,24.6450002255868,24.6501717687129,24.6708553211965,24.6398284203822,24.6656848260024,24.6450002255868,24.6553430497988,24.6191385780148,24.6915346834782,24.7070414568379,24.8568190268782,24.8464965838976,24.8568190268782,24.7070414568379,24.7432147730614,24.68119552596,24.6191385780148,24.6087920833666,24.7380479408253,24.7535476535085,24.7638794888426,24.9032571289301,24.9032571289301,24.8826205758957,24.8516579356668,24.7483813439431,24.7742102793675,24.7638794888426,24.7742102793675,24.7432147730614,24.7070414568379,24.7277134921382,24.7587137017957,24.6915346834782,24.7638794888426,24.7018727940562,24.8051963851263,24.7638794888426,24.7690450146872,24.7742102793675,24.7483813439431,24.8310109648659,24.6450002255868,24.7793752829217,24.7535476535085,24.7845400253874,24.8206859153626,24.8310109648659,24.7070414568379,24.7225458756109,24.7070414568379,24.7483813439431,24.7742102793675,24.7897045068028,24.8774607869049,24.7690450146872,24.7225458756109,24.8516579356668,24.7328808471969,24.7277134921382,24.7380479408253,24.6760255545029,24.7380479408253,24.7277134921382,24.6760255545029,24.6087920833666,24.6036184425424,24.6294840235847,24.6553430497988,24.5725710861868,24.6294840235847,24.6501717687129,24.6450002255868,24.6553430497988,24.7638794888426,24.7742102793675,24.7638794888426,24.7793752829217,24.7070414568379,24.7587137017957,24.7173779975772,24.7948687272058,24.7277134921382,24.7225458756109,24.7328808471969,24.6863652356057,24.7122098579989,24.68119552596,24.6863652356057,24.7483813439431,24.7690450146872,24.6708553211965,24.7638794888426,24.8000326866343,24.7173779975772,24.6294840235847,24.3342266548802,23.7724300321434,24.4534685658236,24.6450002255868,24.6760255545029,24.588095945611,24.7122098579989,24.6656848260024,24.588095945611,24.7225458756109,24.7328808471969,24.7070414568379,24.7432147730614,24.8258485704877,24.8000326866343,24.8310109648659,24.836173098535,24.954830304227,24.836173098535,24.7690450146872,24.7122098579989,24.836173098535,24.7793752829217,24.8826205758957,24.9702971889533,24.954830304227,25.0836496611589,25.2328774638867,25.2431610348875,25.3408035889768,25.3510763511273,25.3562123467933,25.1865886299367,25.3562123467933,25.4024247521646,25.3151171854302
24.68119552596,24.6915346834782,24.6656848260024,24.5725710861868,24.5673956078683,24.7018727940562,24.6967038696157,24.5104480028654,24.6708553211965,24.5622198668973,24.4016414116675,24.4120089523324,24.2771485035319,24.6191385780148,24.6450002255868,24.6605140688826,24.5829212550199,24.5622198668973,24.3653467049792,24.5156263724707,24.593270373703,24.6087920833666,24.5777463018912,24.593270373703,24.5208044790397,24.68119552596,24.6294840235847,24.6294840235847,24.7122098579989,24.6450002255868,24.6760255545029,24.7690450146872,24.7380479408253,24.6087920833666,24.7432147730614,24.7432147730614,24.7432147730614,24.7018727940562,24.6294840235847,24.6501717687129,24.7070414568379,24.6656848260024,24.5570438632356,24.68119552596,24.5052693701856,24.7122098579989,24.6398284203822,24.6243114319154,24.6656848260024,24.593270373703,24.7535476535085,24.7173779975772,24.6967038696157,24.6760255545029,24.6243114319154,24.6243114319154,24.7845400253874,24.836173098535,24.6708553211965,24.598444539334,24.593270373703,24.598444539334,24.6191385780148,24.598444539334,24.7173779975772,24.6553430497988,24.5673956078683,24.6294840235847,24.6398284203822,24.6450002255868,24.6501717687129,24.6863652356057,24.6294840235847,24.6708553211965,24.7483813439431,24.593270373703,24.6656848260024,24.7535476535085,24.7380479408253,24.5622198668973,24.6139654618445,24.7173779975772,24.6501717687129,24.6863652356057,24.6915346834782,24.6915346834782,24.7122098579989,24.7432147730614,24.7483813439431,24.6294840235847,24.6553430497988,24.6656848260024,24.588095945611,24.6036184425424,24.6553430497988,24.5622198668973,24.5156263724707,24.6087920833666,24.593270373703,24.6501717687129,24.6553430497988,24.6450002255868,24.6243114319154,24.5829212550199,24.6087920833666,24.6036184425424,24.7277134921382,24.6656848260024,24.6501717687129,24.7535476535085,24.7638794888426,24.8826205758957,24.8103598227198,24.8826205758957,24.9290469664651,24.6915346834782,24.8103598227198,24.8051963851263,24.7122098579989,24.86197985757,24.8516579356668,24.8568190268782,24.8258485704877,24.7535476535085,24.598444539334,24.7742102793675,24.7173779975772,24.7070414568379,24.7225458756109,24.9135738442187,24.8051963851263,24.8671404277798,24.8258485704877,24.7845400253874,24.8516579356668,24.7535476535085,24.7587137017957,24.7070414568379,24.7328808471969,24.7845400253874,24.7638794888426,24.7328808471969,24.7587137017957,24.7328808471969,24.7483813439431,24.7432147730614,24.8000326866343,24.7380479408253,24.7742102793675,24.9032571289301,24.7587137017957,24.7742102793675,24.8258485704877,24.7638794888426,24.7742102793675,24.7948687272058,24.8310109648659,24.8310109648659,24.8000326866343,24.7845400253874,24.7793752829217,24.7225458756109,24.7793752829217,24.7690450146872,24.7483813439431,24.7483813439431,24.8206859153626,24.7535476535085,24.7845400253874,24.7225458756109,24.7380479408253,24.7587137017957,24.7587137017957,24.6294840235847,24.6243114319154,24.6915346834782,24.6139654618445,24.5570438632356,24.6450002255868,24.7638794888426,24.6450002255868,24.7122098579989,24.7587137017957,24.6243114319154,24.8826205758957,24.7018727940562,24.7638794888426,24.7432147730614,24.7432147730614,24.8000326866343,24.7328808471969,24.7070414568379,24.7225458756109,24.7380479408253,24.6863652356057,24.7638794888426,24.7018727940562,24.6708553211965,24.6087920833666,24.7690450146872,24.7070414568379,24.6967038696157,24.7432147730614,24.6605140688826,24.4482870367845,23.5269689238028,23.8297925334724,24.3705324552306,24.7225458756109,24.6346563530609,24.6656848260024,24.6346563530609,24.68119552596,24.7432147730614,24.5829212550199,24.7070414568379,24.7122098579989,24.7122098579989,24.7122098579989,24.8103598227198,24.8258485704877,24.7535476535085,24.7535476535085,24.7173779975772,24.7948687272058,24.7845400253874,24.8568190268782,24.8929393729232,24.9857617364743,24.9599861922213,24.9393610812787,25.1505717504272,25.1762993840732,25.3356668224182,25.3048408239653,25.3510763511273,25.3510763511273,25.2380193782588,25.3664835674914,25.2071640245704
24.5829212550199,24.6656848260024,24.8155229994525,24.6036184425424,24.6139654618445,24.6346563530609,24.4793722593216,24.4897318933139,24.5725710861868,24.3860881214467,24.5518675968447,24.5208044790397,24.5000904743927,24.2771485035319,24.5208044790397,24.4741920473867,24.6346563530609,24.4534685658236,24.5415142757223,24.6346563530609,24.8155229994525,24.5415142757223,24.4741920473867,24.4845522079513,24.5466910676864,24.6191385780148,24.588095945611,24.6087920833666,24.6915346834782,24.6760255545029,24.5673956078683,24.6708553211965,24.6243114319154,24.598444539334,24.6191385780148,24.7535476535085,24.588095945611,24.6605140688826,24.6501717687129,24.6036184425424,24.5363372209139,24.6501717687129,24.5829212550199,24.593270373703,24.5104480028654,24.6346563530609,24.6501717687129,24.5777463018912,24.6450002255868,24.6398284203822,24.8877801045559,24.7122098579989,24.6501717687129,24.7328808471969,24.6656848260024,24.6346563530609,24.86197985757,24.7587137017957,24.6191385780148,24.6087920833666,24.5208044790397,24.5829212550199,24.5570438632356,24.5777463018912,24.6656848260024,24.5673956078683,24.5311599032229,24.6346563530609,24.6087920833666,24.7225458756109,24.588095945611,24.593270373703,24.6294840235847,24.6656848260024,24.6915346834782,24.598444539334,24.6294840235847,24.7690450146872,24.6708553211965,24.7018727940562,24.6243114319154,24.5777463018912,24.5104480028654,24.7328808471969,24.598444539334,24.6967038696157,24.7018727940562,24.7122098579989,24.7122098579989,24.68119552596,24.6501717687129,24.5415142757223,24.5725710861868,24.4275582848784,24.4120089523324,24.5777463018912,24.5622198668973,24.3860881214467,24.5363372209139,24.6036184425424,24.6656848260024,24.68119552596,24.6294840235847,24.6139654618445,24.6863652356057,24.5777463018912,24.6036184425424,24.6191385780148,24.5518675968447,24.68119552596,24.7690450146872,24.7897045068028,24.6139654618445,24.7587137017957,24.5829212550199,24.7122098579989,24.8051963851263,24.8051963851263,24.6915346834782,24.6656848260024,24.7793752829217,24.7948687272058,24.6656848260024,24.8103598227198,24.7225458756109,24.8051963851263,24.8206859153626,24.7897045068028,24.6863652356057,24.7328808471969,24.8000326866343,24.7742102793675,24.7432147730614,24.7380479408253,24.7948687272058,24.8413349715329,24.7432147730614,24.7535476535085,24.7277134921382,24.7070414568379,24.7122098579989,24.7173779975772,24.7328808471969,24.7690450146872,24.7277134921382,24.6967038696157,24.7173779975772,24.6191385780148,24.7070414568379,24.7277134921382,24.7483813439431,24.7535476535085,24.7535476535085,24.6708553211965,24.6605140688826,24.8000326866343,24.6915346834782,24.7690450146872,24.8155229994525,24.8258485704877,24.7070414568379,24.7793752829217,24.7122098579989,24.7070414568379,24.6760255545029,24.6501717687129,24.6087920833666,24.7328808471969,24.6450002255868,24.598444539334,24.68119552596,24.6501717687129,24.6708553211965,24.6346563530609,24.7225458756109,24.6967038696157,24.6553430497988,24.6243114319154,24.6036184425424,24.6294840235847,24.6398284203822,24.7380479408253,24.7483813439431,24.6346563530609,24.7587137017957,24.6501717687129,24.7535476535085,24.6398284203822,24.6605140688826,24.7742102793675,24.7018727940562,24.7328808471969,24.7380479408253,24.588095945611,24.7070414568379,24.6967038696157,24.6915346834782,24.6501717687129,24.6863652356057,24.6191385780148,24.5829212550199,24.7432147730614,24.6501717687129,24.7070414568379,24.6967038696157,24.4016414116675,24.4275582848784,24.4223754377718,24.5570438632356,24.6656848260024,24.5725710861868,24.593270373703,24.6915346834782,24.6605140688826,24.7793752829217,24.6967038696157,24.7277134921382,24.7380479408253,24.68119552596,24.6708553211965,24.7328808471969,24.7380479408253,24.7587137017957,24.6915346834782,24.68119552596,24.68119552596,24.6656848260024,24.8826205758957,24.7897045068028,24.86197985757,24.8155229994525,25.0784999971428,25.2123072282184,25.3767537609245,25.3305297988212,25.2020205629554,25.3767537609245,25.3613480855689,25.1968768433364,25.3048408239653
24.6605140688826,24.5000904743927,24.5518675968447,24.7380479408253,24.6294840235847,24.5415142757223,24.6346563530609,24.5052693701856,24.5518675968447,24.6760255545029,24.5311599032229,24.525982322611,24.5208044790397,24.5000904743927,24.4016414116675,24.4534685658236,24.4845522079513,24.5363372209139,24.6398284203822,24.6243114319154,24.7225458756109,24.6656848260024,24.6036184425424,24.4690115721079,24.4741920473867,24.6087920833666,24.598444539334,24.7587137017957,24.6915346834782,24.5363372209139,24.5725710861868,24.5673956078683,24.7277134921382,24.7277134921382,24.6294840235847,24.7638794888426,24.5777463018912,24.7070414568379,24.5466910676864,24.6243114319154,24.588095945611,24.6656848260024,24.5622198668973,24.7328808471969,24.7225458756109,24.6191385780148,24.6915346834782,24.7690450146872,24.7690450146872,24.7638794888426,24.7380479408253,24.6656848260024,24.7173779975772,24.6501717687129,24.6450002255868,24.7018727940562,24.8723007375455,24.7380479408253,24.6605140688826,24.6087920833666,24.5208044790397,24.6036184425424,24.6139654618445,24.7328808471969,24.6915346834782,24.7070414568379,24.7587137017957,24.6243114319154,24.7690450146872,24.6760255545029,24.6553430497988,24.598444539334,24.6346563530609,24.5777463018912,24.6967038696157,24.7173779975772,24.8516579356668,24.68119552596,24.6967038696157,24.7948687272058,24.593270373703,24.5052693701856,24.5156263724707,24.7225458756109,24.6398284203822,24.7173779975772,24.7483813439431,24.7070414568379,24.6087920833666,24.6501717687129,24.7018727940562,24.588095945611,24.5000904743927,24.5829212550199,24.5777463018912,24.5570438632356,24.5208044790397,24.5622198668973,24.588095945611,24.68119552596,24.6036184425424,24.6346563530609,24.6863652356057,24.5725710861868,24.5673956078683,24.5777463018912,24.6450002255868,24.6605140688826,24.4379231880585,24.6243114319154,24.6243114319154,24.7277134921382,24.6243114319154,24.6087920833666,24.5156263724707,24.5829212550199,24.6760255545029,24.6915346834782,24.7845400253874,24.6760255545029,24.7793752829217,24.7483813439431,24.7845400253874,24.6708553211965,24.7483813439431,24.7173779975772,24.7742102793675,24.8206859153626,24.8206859153626,24.7948687272058,24.7018727940562,24.6915346834782,24.6915346834782,24.6346563530609,24.6243114319154,24.7535476535085,24.7638794888426,24.7742102793675,24.8206859153626,24.7742102793675,24.7277134921382,24.7277134921382,24.7225458756109,24.7225458756109,24.7277134921382,24.7070414568379,24.8000326866343,24.7018727940562,24.7225458756109,24.7277134921382,24.7483813439431,24.7587137017957,24.8155229994525,24.8155229994525,24.7587137017957,24.7277134921382,24.7535476535085,24.6656848260024,24.7122098579989,24.7432147730614,24.7897045068028,24.7638794888426,24.7173779975772,24.5829212550199,24.7483813439431,24.6398284203822,24.7380479408253,24.6191385780148,24.6346563530609,24.6967038696157,24.6708553211965,24.6967038696157,24.6708553211965,24.593270373703,24.68119552596,24.6346563530609,24.68119552596,24.6450002255868,24.6501717687129,24.7070414568379,24.7277134921382,24.6708553211965,24.7380479408253,24.7535476535085,24.7380479408253,24.7432147730614,24.7328808471969,24.7587137017957,24.6243114319154,24.7483813439431,24.7173779975772,24.7690450146872,24.7225458756109,24.7018727940562,24.68119552596,24.588095945611,24.7122098579989,24.7432147730614,24.7742102793675,24.6760255545029,24.68119552596,24.7070414568379,24.6036184425424,24.6398284203822,24.7328808471969,24.7277134921382,24.6243114319154,24.6605140688826,24.6087920833666,24.7173779975772,24.7122098579989,24.6501717687129,24.6760255545029,24.6863652356057,24.7793752829217,24.7845400253874,24.8206859153626,24.6760255545029,24.8310109648659,24.954830304227,24.7122098579989,24.8155229994525,24.6553430497988,24.7328808471969,24.6450002255868,24.7328808471969,24.7587137017957,24.8051963851263,24.8206859153626,24.836173098535,24.8206859153626,24.9084156166453,25.1351320700124,25.2277352917338,25.1762993840732,25.4229569268991,25.3408035889768,25.3202549803643,25.1968768433364,25.2020205629554
24.6450002255868,24.5052693701856,24.6036184425424,24.6087920833666,24.6501717687129,24.5466910676864,24.6243114319154,24.6760255545029,24.5156263724707,24.6915346834782,24.5104480028654,24.5104480028654,24.4638308334468,24.261576176083,24.19406852432,24.2563848704595,24.5000904743927,24.5156263724707,24.4379231880585,24.6553430497988,24.6501717687129,24.6501717687129,24.5363372209139,24.5363372209139,24.4897318933139,24.525982322611,24.4949113154483,24.6501717687129,24.6087920833666,24.5673956078683,24.6915346834782,24.5829212550199,24.7225458756109,24.6656848260024,24.6553430497988,24.598444539334,24.5777463018912,24.6501717687129,24.6398284203822,24.6294840235847,24.5673956078683,24.5725710861868,24.5725710861868,24.6139654618445,24.6294840235847,24.6294840235847,24.6036184425424,24.7432147730614,24.7793752829217,24.7483813439431,24.7277134921382,24.7225458756109,24.7483813439431,24.6553430497988,24.6346563530609,24.6553430497988,24.7845400253874,24.7690450146872,24.6915346834782,24.6501717687129,24.5622198668973,24.6398284203822,24.5311599032229,24.5622198668973,24.68119552596,24.7328808471969,24.6346563530609,24.6863652356057,24.6605140688826,24.6553430497988,24.6553430497988,24.6501717687129,24.6863652356057,24.593270373703,24.6398284203822,24.6501717687129,24.7380479408253,24.7535476535085,24.6863652356057,24.6605140688826,24.6087920833666,24.5829212550199,24.5673956078683,24.6915346834782,24.6243114319154,24.6346563530609,24.6139654618445,24.7173779975772,24.7277134921382,24.6243114319154,24.6863652356057,24.6501717687129,24.5363372209139,24.6450002255868,24.5777463018912,24.4120089523324,24.5829212550199,24.5570438632356,24.593270373703,24.5518675968447,24.6450002255868,24.6087920833666,24.6243114319154,24.598444539334,24.5725710861868,24.5777463018912,24.6863652356057,24.6243114319154,24.6243114319154,24.5777463018912,24.6191385780148,24.5725710861868,24.6036184425424,24.6139654618445,24.588095945611,24.68119552596,24.7277134921382,24.6863652356057,24.7277134921382,24.68119552596,24.7690450146872,24.8258485704877,24.7845400253874,24.6191385780148,24.6294840235847,24.6656848260024,24.7535476535085,24.8310109648659,24.7845400253874,24.7483813439431,24.7845400253874,24.6553430497988,24.7173779975772,24.5673956078683,24.6553430497988,24.6863652356057,24.6760255545029,24.6915346834782,24.7018727940562,24.8051963851263,24.7225458756109,24.8155229994525,24.8155229994525,24.7173779975772,24.8464965838976,24.7225458756109,24.7070414568379,24.7328808471969,24.7122098579989,24.8155229994525,24.6760255545029,24.7070414568379,24.7173779975772,24.7432147730614,24.7535476535085,24.7638794888426,24.7328808471969,24.6760255545029,24.7225458756109,24.7070414568379,24.7535476535085,24.6967038696157,24.7638794888426,24.7742102793675,24.7173779975772,24.6967038696157,24.6087920833666,24.6294840235847,24.68119552596,24.7328808471969,24.5673956078683,24.6656848260024,24.6708553211965,24.6346563530609,24.6656848260024,24.6501717687129,24.6708553211965,24.6501717687129,24.6760255545029,24.5777463018912,24.6501717687129,24.7638794888426,24.6450002255868,24.7483813439431,24.7793752829217,24.7587137017957,24.7483813439431,24.7690450146872,24.7638794888426,24.7432147730614,24.6243114319154,24.7432147730614,24.6294840235847,24.7587137017957,24.7380479408253,24.6398284203822,24.7380479408253,24.8103598227198,24.7173779975772,24.7225458756109,24.6553430497988,24.5777463018912,24.6760255545029,24.7070414568379,24.7535476535085,24.7277134921382,24.7483813439431,24.6915346834782,24.598444539334,24.6656848260024,24.6760255545029,24.7328808471969,24.68119552596,24.7225458756109,24.8206859153626,24.7793752829217,24.7225458756109,24.7638794888426,24.7225458756109,24.7225458756109,24.7535476535085,24.7845400253874,24.7277134921382,24.7638794888426,24.7638794888426,24.7432147730614,24.7638794888426,24.7535476535085,24.8980983810354,24.9445177487934,25.0630494515398,25.0372933614365,25.0681998923707,25.0990971001769,25.1711543738743,25.3151171854302,25.2945634334578,25.0887990663117,24.9084156166453,25.1557177937613
24.6501717687129,24.6398284203822,24.6087920833666,24.5518675968447,24.6036184425424,24.6656848260024,24.6398284203822,24.6656848260024,24.5777463018912,24.6087920833666,24.5104480028654,24.5518675968447,24.4897318933139,24.593270373703,24.4793722593216,24.2044572345467,24.3238511901693,24.4327408682945,24.5311599032229,24.5466910676864,24.7845400253874,24.6760255545029,24.6450002255868,24.6760255545029,24.5363372209139,24.525982322611,24.6191385780148,24.6708553211965,24.6656848260024,24.588095945611,24.598444539334,24.6708553211965,24.7277134921382,24.6294840235847,24.6656848260024,24.5466910676864,24.5725710861868,24.5725710861868,24.6605140688826,24.6294840235847,24.6760255545029,24.7380479408253,24.598444539334,24.6863652356057,24.6243114319154,24.6346563530609,24.6346563530609,24.6915346834782,24.7225458756109,24.7328808471969,24.7328808471969,24.7328808471969,24.68119552596,24.6605140688826,24.6036184425424,24.6501717687129,24.7742102793675,24.598444539334,24.6760255545029,24.7587137017957,24.68119552596,24.6139654618445,24.5518675968447,24.5466910676864,24.7328808471969,24.7070414568379,24.6863652356057,24.588095945611,24.6398284203822,24.6036184425424,24.6450002255868,24.6036184425424,24.6191385780148,24.7122098579989,24.5829212550199,24.6863652356057,24.7328808471969,24.6605140688826,24.7483813439431,24.598444539334,24.6553430497988,24.6760255545029,24.6139654618445,24.7277134921382,24.6915346834782,24.6863652356057,24.7018727940562,24.7483813439431,24.7328808471969,24.7638794888426,24.7018727940562,24.7587137017957,24.6656848260024,24.6605140688826,24.593270373703,24.6191385780148,24.5829212550199,24.6191385780148,24.7845400253874,24.6501717687129,24.6450002255868,24.5725710861868,24.6605140688826,24.588095945611,24.6605140688826,24.588095945611,24.588095945611,24.6294840235847,24.5415142757223,24.5622198668973,24.7070414568379,24.5363372209139,24.5311599032229,24.5829212550199,24.6036184425424,24.68119552596,24.6605140688826,24.6553430497988,24.68119552596,24.7380479408253,24.6346563530609,24.7432147730614,24.7380479408253,24.7018727940562,24.7638794888426,24.6605140688826,24.6139654618445,24.6708553211965,24.8310109648659,24.7742102793675,24.7690450146872,24.68119552596,24.7018727940562,24.8103598227198,24.6708553211965,24.6605140688826,24.6863652356057,24.5777463018912,24.6656848260024,24.7122098579989,24.7122098579989,24.6967038696157,24.7897045068028,24.6967038696157,24.7225458756109,24.6501717687129,24.7328808471969,24.7070414568379,24.7173779975772,24.7638794888426,24.6708553211965,24.7535476535085,24.7070414568379,24.7690450146872,24.6863652356057,24.7432147730614,24.7587137017957,24.7018727940562,24.68119552596,24.7380479408253,24.7897045068028,24.6708553211965,24.7793752829217,24.7018727940562,24.7535476535085,24.6346563530609,24.6087920833666,24.7277134921382,24.6708553211965,24.6346563530609,24.6450002255868,24.6708553211965,24.5518675968447,24.6450002255868,24.6605140688826,24.6605140688826,24.6605140688826,24.6139654618445,24.6398284203822,24.6346563530609,24.6656848260024,24.6863652356057,24.7018727940562,24.7587137017957,24.8155229994525,24.7587137017957,24.7483813439431,24.7845400253874,24.7845400253874,24.7535476535085,24.7018727940562,24.7380479408253,24.7535476535085,24.6191385780148,24.6760255545029,24.6915346834782,24.7380479408253,24.7587137017957,24.7277134921382,24.6915346834782,24.5829212550199,24.6036184425424,24.68119552596,24.7432147730614,24.6398284203822,24.68119552596,24.7070414568379,24.7173779975772,24.6967038696157,24.6036184425424,24.6346563530609,24.6139654618445,24.7070414568379,24.6863652356057,24.7587137017957,24.7845400253874,24.68119552596,24.7328808471969,24.7277134921382,24.7018727940562,24.7328808471969,24.8103598227198,24.7483813439431,24.7793752829217,24.6915346834782,24.6450002255868,24.593270373703,24.7380479408253,24.9084156166453,24.9599861922213,25.0887990663117,25.2380193782588,25.0990971001769,25.2225928617629,25.2277352917338,25.2483024338098,25.2945634334578,25.1711543738743,25.1093940990381,25.1814441360816
24.7328808471969,24.7432147730614,24.6294840235847,24.4741920473867,24.5311599032229,24.6760255545029,24.5466910676864,24.588095945611,24.6036184425424,24.598444539334,24.3497878691456,24.525982322611,24.5208044790397,24.5622198668973,24.598444539334,24.4534685658236,24.3497878691456,24.3082860095273,24.4431052442089,24.6346563530609,24.593270373703,24.5466910676864,24.6294840235847,24.6760255545029,24.5777463018912,24.5415142757223,24.5622198668973,24.588095945611,24.6139654618445,24.4068253139224,24.5673956078683,24.6656848260024,24.598444539334,24.593270373703,24.7122098579989,24.7018727940562,24.4482870367845,24.4275582848784,24.6294840235847,24.6036184425424,24.6191385780148,24.6450002255868,24.6967038696157,24.6191385780148,24.68119552596,24.68119552596,24.6191385780148,24.6139654618445,24.6087920833666,24.6863652356057,24.7070414568379,24.8103598227198,24.6708553211965,24.6656848260024,24.7328808471969,24.6915346834782,24.6708553211965,24.7070414568379,24.7070414568379,24.593270373703,24.5622198668973,24.6346563530609,24.5518675968447,24.6398284203822,24.6708553211965,24.6967038696157,24.5311599032229,24.5518675968447,24.5052693701856,24.598444539334,24.6708553211965,24.6243114319154,24.6863652356057,24.7018727940562,24.593270373703,24.6087920833666,24.6501717687129,24.6915346834782,24.6191385780148,24.6191385780148,24.5829212550199,24.5673956078683,24.6863652356057,24.6553430497988,24.6243114319154,24.6501717687129,24.6501717687129,24.6398284203822,24.6656848260024,24.7432147730614,24.7380479408253,24.7742102793675,24.6915346834782,24.6139654618445,24.6346563530609,24.5829212550199,24.6915346834782,24.6036184425424,24.6553430497988,24.5673956078683,24.6087920833666,24.6760255545029,24.7277134921382,24.6139654618445,24.6656848260024,24.6346563530609,24.6398284203822,24.6398284203822,24.5570438632356,24.6087920833666,24.6346563530609,24.6450002255868,24.5208044790397,24.5518675968447,24.7018727940562,24.6656848260024,24.6294840235847,24.593270373703,24.6036184425424,24.6191385780148,24.6139654618445,24.6760255545029,24.7690450146872,24.6501717687129,24.7483813439431,24.6605140688826,24.7173779975772,24.6656848260024,24.6760255545029,24.7122098579989,24.7535476535085,24.6656848260024,24.588095945611,24.7070414568379,24.8155229994525,24.6553430497988,24.6656848260024,24.6605140688826,24.7380479408253,24.8103598227198,24.7742102793675,24.7070414568379,24.8000326866343,24.68119552596,24.7173779975772,24.6863652356057,24.6967038696157,24.7173779975772,24.6967038696157,24.7897045068028,24.7225458756109,24.7070414568379,24.7845400253874,24.6501717687129,24.7587137017957,24.7328808471969,24.6915346834782,24.7173779975772,24.7122098579989,24.7018727940562,24.7070414568379,24.7897045068028,24.8206859153626,24.6243114319154,24.7225458756109,24.7535476535085,24.7173779975772,24.7380479408253,24.7328808471969,24.7070414568379,24.7018727940562,24.6605140688826,24.5570438632356,24.5570438632356,24.5518675968447,24.7328808471969,24.6450002255868,24.6605140688826,24.6863652356057,24.6863652356057,24.7277134921382,24.6656848260024,24.6243114319154,24.6708553211965,24.7587137017957,24.836173098535,24.7948687272058,24.7587137017957,24.7432147730614,24.7225458756109,24.7122098579989,24.6398284203822,24.6191385780148,24.7225458756109,24.6036184425424,24.7432147730614,24.7018727940562,24.6760255545029,24.7380479408253,24.7173779975772,24.7432147730614,24.598444539334,24.7018727940562,24.6967038696157,24.7535476535085,24.7070414568379,24.7173779975772,24.7122098579989,24.7225458756109,24.593270373703,24.5518675968447,24.6346563530609,24.6967038696157,24.7173779975772,24.7328808471969,24.68119552596,24.7380479408253,24.5777463018912,24.6915346834782,24.7380479408253,24.7277134921382,24.836173098535,24.7277134921382,24.6656848260024,24.7483813439431,24.7225458756109,24.6294840235847,24.7948687272058,24.9702971889533,24.9754522977662,25.0321413659635,25.0733500742259,25.2380193782588,25.3818884725093,25.1865886299367,25.3202549803643,25.3048408239653,25.2945634334578,25.1762993840732,25.1660091054476
24.9238895190908,24.7225458756109,24.7173779975772,24.5311599032229,24.6656848260024,24.6036184425424,24.5311599032229,24.5622198668973,24.7018727940562,24.6605140688826,24.3653467049792,24.4379231880585,24.5570438632356,24.598444539334,24.6087920833666,24.6294840235847,24.5777463018912,24.4690115721079,24.3082860095273,24.3082860095273,24.5777463018912,24.588095945611,24.5311599032229,24.6605140688826,24.5570438632356,24.6191385780148,24.6087920833666,24.6398284203822,24.5777463018912,24.593270373703,24.5829212550199,24.6915346834782,24.6656848260024,24.593270373703,24.6656848260024,24.6967038696157,24.6243114319154,24.525982322611,24.5829212550199,24.6398284203822,24.6450002255868,24.6760255545029,24.68119552596,24.7328808471969,24.7018727940562,24.6346563530609,24.7173779975772,24.7122098579989,24.6243114319154,24.6294840235847,24.6398284203822,24.7277134921382,24.6294840235847,24.7587137017957,24.6656848260024,24.6863652356057,24.6708553211965,24.7122098579989,24.7122098579989,24.6450002255868,24.6243114319154,24.6656848260024,24.5570438632356,24.6760255545029,24.6501717687129,24.6501717687129,24.6398284203822,24.6450002255868,24.525982322611,24.6036184425424,24.6346563530609,24.6863652356057,24.68119552596,24.5466910676864,24.6139654618445,24.6294840235847,24.6036184425424,24.6346563530609,24.588095945611,24.7173779975772,24.593270373703,24.6243114319154,24.68119552596,24.6398284203822,24.6346563530609,24.5673956078683,24.4431052442089,24.6708553211965,24.6450002255868,24.68119552596,24.7173779975772,24.6656848260024,24.6450002255868,24.6087920833666,24.6553430497988,24.588095945611,24.6191385780148,24.6708553211965,24.6036184425424,24.6605140688826,24.6191385780148,24.5777463018912,24.6656848260024,24.5829212550199,24.6501717687129,24.6501717687129,24.6708553211965,24.6501717687129,24.6139654618445,24.68119552596,24.6398284203822,24.6294840235847,24.7225458756109,24.6191385780148,24.6501717687129,24.7535476535085,24.598444539334,24.6243114319154,24.598444539334,24.6191385780148,24.6760255545029,24.7070414568379,24.6398284203822,24.6398284203822,24.6656848260024,24.6708553211965,24.6553430497988,24.7070414568379,24.68119552596,24.6450002255868,24.7122098579989,24.6450002255868,24.6553430497988,24.6656848260024,24.6553430497988,24.7225458756109,24.7277134921382,24.7018727940562,24.593270373703,24.7018727940562,24.7070414568379,24.6915346834782,24.7587137017957,24.7483813439431,24.7432147730614,24.7070414568379,24.6967038696157,24.7432147730614,24.7173779975772,24.7070414568379,24.7225458756109,24.7897045068028,24.7328808471969,24.7638794888426,24.7535476535085,24.7070414568379,24.7070414568379,24.7018727940562,24.7225458756109,24.7277134921382,24.7948687272058,24.7587137017957,24.7277134921382,24.7535476535085,24.7122098579989,24.7638794888426,24.7225458756109,24.7535476535085,24.7070414568379,24.7070414568379,24.6708553211965,24.6346563530609,24.5000904743927,24.5518675968447,24.598444539334,24.6087920833666,24.6346563530609,24.68119552596,24.6863652356057,24.6967038696157,24.6863652356057,24.7432147730614,24.6398284203822,24.7587137017957,24.7690450146872,24.8155229994525,24.8103598227198,24.7535476535085,24.7690450146872,24.8258485704877,24.7070414568379,24.6656848260024,24.6605140688826,24.6294840235847,24.6450002255868,24.7122098579989,24.7070414568379,24.6967038696157,24.7793752829217,24.6915346834782,24.7483813439431,24.6191385780148,24.7432147730614,24.7328808471969,24.7277134921382,24.7225458756109,24.6967038696157,24.6139654618445,24.68119552596,24.5829212550199,24.6036184425424,24.6243114319154,24.7277134921382,24.6191385780148,24.68119552596,24.7587137017957,24.6863652356057,24.7328808471969,24.7173779975772,24.8516579356668,24.7225458756109,24.8155229994525,24.6967038696157,24.6708553211965,24.6656848260024,24.8000326866343,24.7018727940562,24.7793752829217,24.9238895190908,25.0115307913128,25.0887990663117,25.0681998923707,25.2637250847104,25.2997022573604,25.3613480855689,25.3716187925976,25.3151171854302,25.2997022573604,25.2277352917338,25.3510763511273
24.6760255545029,24.7018727940562,24.6087920833666,24.5363372209139,24.525982322611,24.5104480028654,24.5415142757223,24.5777463018912,24.5777463018912,24.6398284203822,24.598444539334,24.4690115721079,24.3705324552306,24.3757179413665,24.598444539334,24.6501717687129,24.5466910676864,24.5156263724707,24.3082860095273,24.1732879183289,24.6191385780148,24.5725710861868,24.3809031634257,24.5725710861868,24.593270373703,24.6243114319154,24.6398284203822,24.6036184425424,24.6294840235847,24.593270373703,24.7225458756109,24.6243114319154,24.7122098579989,24.588095945611,24.68119552596,24.68119552596,24.5518675968447,24.4793722593216,24.6450002255868,24.6450002255868,24.6863652356057,24.598444539334,24.6915346834782,24.6501717687129,24.7277134921382,24.7018727940562,24.6967038696157,24.7018727940562,24.6656848260024,24.6553430497988,24.7483813439431,24.7432147730614,24.6398284203822,24.5570438632356,24.598444539334,24.593270373703,24.598444539334,24.7380479408253,24.7173779975772,24.6760255545029,24.6243114319154,24.7018727940562,24.6294840235847,24.6450002255868,24.6139654618445,24.4741920473867,24.4534685658236,24.4638308334468,24.4897318933139,24.4949113154483,24.5363372209139,24.5829212550199,24.5466910676864,24.588095945611,24.6656848260024,24.6087920833666,24.6294840235847,24.6760255545029,24.7122098579989,24.7070414568379,24.6191385780148,24.6294840235847,24.6656848260024,24.5725710861868,24.598444539334,24.593270373703,24.6294840235847,24.6450002255868,24.6346563530609,24.6450002255868,24.6294840235847,24.6967038696157,24.6346563530609,24.598444539334,24.6605140688826,24.4793722593216,24.6243114319154,24.5156263724707,24.6346563530609,24.6243114319154,24.6036184425424,24.6087920833666,24.5725710861868,24.6191385780148,24.6501717687129,24.6605140688826,24.7638794888426,24.68119552596,24.6243114319154,24.6760255545029,24.5466910676864,24.6036184425424,24.6863652356057,24.6553430497988,24.6450002255868,24.6398284203822,24.6656848260024,24.6139654618445,24.598444539334,24.5777463018912,24.5777463018912,24.5725710861868,24.6139654618445,24.4845522079513,24.6294840235847,24.6191385780148,24.7070414568379,24.7070414568379,24.7277134921382,24.6863652356057,24.6863652356057,24.6501717687129,24.6139654618445,24.6191385780148,24.6760255545029,24.7122098579989,24.7587137017957,24.6863652356057,24.6139654618445,24.5829212550199,24.6450002255868,24.7122098579989,24.7173779975772,24.7328808471969,24.7742102793675,24.6139654618445,24.6863652356057,24.7122098579989,24.7070414568379,24.7018727940562,24.7173779975772,24.6967038696157,24.6656848260024,24.7587137017957,24.6656848260024,24.6863652356057,24.7638794888426,24.7690450146872,24.6967038696157,24.7432147730614,24.6036184425424,24.7225458756109,24.7122098579989,24.7845400253874,24.7122098579989,24.7070414568379,24.7225458756109,24.7173779975772,24.7277134921382,24.7018727940562,24.7122098579989,24.6553430497988,24.6450002255868,24.5415142757223,24.6191385780148,24.5311599032229,24.5311599032229,24.6450002255868,24.6760255545029,24.7432147730614,24.6967038696157,24.7070414568379,24.6450002255868,24.6863652356057,24.7690450146872,24.7483813439431,24.7328808471969,24.8103598227198,24.6708553211965,24.6863652356057,24.6915346834782,24.6553430497988,24.6294840235847,24.6087920833666,24.6036184425424,24.7018727940562,24.6450002255868,24.6915346834782,24.7793752829217,24.6915346834782,24.68119552596,24.7173779975772,24.7380479408253,24.6294840235847,24.7070414568379,24.7225458756109,24.7122098579989,24.7070414568379,24.6139654618445,24.598444539334,24.598444539334,24.6398284203822,24.6656848260024,24.6605140688826,24.6760255545029,24.5829212550199,24.7587137017957,24.7432147730614,24.7225458756109,24.6967038696157,24.7018727940562,24.7225458756109,24.6501717687129,24.6915346834782,24.7690450146872,24.7845400253874,24.7122098579989,24.8980983810354,24.9651418204509,25.0630494515398,25.2225928617629,25.258584458684,25.2997022573604,25.2945634334578,25.3099791333095,25.3818884725093,25.2020205629554,25.3870229273887,25.2894243522202,25.2894243522202
24.8929393729232,24.6346563530609,24.6346563530609,24.6243114319154,24.5622198668973,24.5415142757223,24.6915346834782,24.5829212550199,24.6191385780148,24.598444539334,24.6346563530609,24.4949113154483,24.4586498313649,24.4327408682945,24.6553430497988,24.598444539334,24.5777463018912,24.6087920833666,24.4793722593216,24.3082860095273,24.4482870367845,24.6501717687129,24.5622198668973,24.4068253139224,24.6450002255868,24.6346563530609,24.6036184425424,24.6139654618445,24.6450002255868,24.68119552596,24.5777463018912,24.6656848260024,24.7173779975772,24.7328808471969,24.598444539334,24.7173779975772,24.7018727940562,24.6450002255868,24.5673956078683,24.6605140688826,24.6605140688826,24.6708553211965,24.7122098579989,24.6708553211965,24.8413349715329,24.7535476535085,24.7225458756109,24.7432147730614,24.6863652356057,24.7070414568379,24.836173098535,24.7380479408253,24.7173779975772,24.7483813439431,24.7380479408253,24.6863652356057,24.7690450146872,24.7432147730614,24.7690450146872,24.7018727940562,24.7225458756109,24.7380479408253,24.588095945611,24.6605140688826,24.6346563530609,24.4638308334468,24.4690115721079,24.598444539334,24.6036184425424,24.6087920833666,24.5829212550199,24.5622198668973,24.5363372209139,24.5673956078683,24.598444539334,24.5725710861868,24.6450002255868,24.6553430497988,24.593270373703,24.6863652356057,24.593270373703,24.6243114319154,24.6294840235847,24.68119552596,24.6553430497988,24.6346563530609,24.6553430497988,24.6294840235847,24.5518675968447,24.6294840235847,24.6656848260024,24.6656848260024,24.6243114319154,24.68119552596,24.6656848260024,24.6036184425424,24.5052693701856,24.5673956078683,24.6346563530609,24.6087920833666,24.5363372209139,24.5363372209139,24.6450002255868,24.5570438632356,24.5208044790397,24.6605140688826,24.5725710861868,24.5673956078683,24.6087920833666,24.6191385780148,24.6760255545029,24.6553430497988,24.7173779975772,24.6708553211965,24.6605140688826,24.6967038696157,24.6139654618445,24.6605140688826,24.6760255545029,24.6915346834782,24.5363372209139,24.5104480028654,24.5673956078683,24.3549744119754,24.5518675968447,24.6398284203822,24.7225458756109,24.7328808471969,24.6915346834782,24.7535476535085,24.7380479408253,24.7483813439431,24.6553430497988,24.6346563530609,24.6139654618445,24.7070414568379,24.6346563530609,24.7070414568379,24.7432147730614,24.6450002255868,24.6294840235847,24.7173779975772,24.7845400253874,24.7018727940562,24.7897045068028,24.6656848260024,24.7483813439431,24.7018727940562,24.7070414568379,24.7432147730614,24.7328808471969,24.7535476535085,24.7587137017957,24.68119552596,24.7018727940562,24.7277134921382,24.8051963851263,24.7483813439431,24.7122098579989,24.7897045068028,24.7225458756109,24.6398284203822,24.7277134921382,24.7897045068028,24.7070414568379,24.6863652356057,24.8155229994525,24.7122098579989,24.68119552596,24.7122098579989,24.7328808471969,24.6139654618445,24.6656848260024,24.6553430497988,24.6243114319154,24.6553430497988,24.7380479408253,24.6708553211965,24.7328808471969,24.6553430497988,24.7173779975772,24.8000326866343,24.7690450146872,24.7328808471969,24.7277134921382,24.7845400253874,24.7845400253874,24.7380479408253,24.7483813439431,24.7690450146872,24.7432147730614,24.6450002255868,24.6346563530609,24.7225458756109,24.6967038696157,24.6915346834782,24.5622198668973,24.7018727940562,24.6656848260024,24.836173098535,24.6967038696157,24.7122098579989,24.7483813439431,24.8103598227198,24.7380479408253,24.7432147730614,24.7277134921382,24.6967038696157,24.68119552596,24.6087920833666,24.593270373703,24.6656848260024,24.7328808471969,24.7535476535085,24.6294840235847,24.593270373703,24.7018727940562,24.7070414568379,24.68119552596,24.6501717687129,24.7793752829217,24.8155229994525,24.7173779975772,24.7690450146872,24.6760255545029,24.9032571289301,24.8258485704877,24.9290469664651,25.0990971001769,25.2894243522202,25.1917328656758,25.3099791333095,25.3202549803643,25.4332214756594,25.4896581737131,25.3459400985342,25.4229569268991,25.2534435750629,25.3716187925976,25.3305297988212
24.6243114319154,24.6501717687129,24.6294840235847,24.6967038696157,24.588095945611,24.6553430497988,24.6139654618445,24.6294840235847,24.6346563530609,24.6863652356057,24.7225458756109,24.6294840235847,24.4534685658236,24.4845522079513,24.5829212550199,24.5777463018912,24.5673956078683,24.6346563530609,24.588095945611,24.5777463018912,24.4638308334468,24.4845522079513,24.598444539334,24.3912728154683,24.261576176083,24.5725710861868,24.5570438632356,24.6191385780148,24.7277134921382,24.6915346834782,24.7018727940562,24.6139654618445,24.6036184425424,24.6294840235847,24.5777463018912,24.7380479408253,24.7070414568379,24.5363372209139,24.68119552596,24.6294840235847,24.6243114319154,24.6708553211965,24.6605140688826,24.6656848260024,24.7070414568379,24.68119552596,24.7328808471969,24.7070414568379,24.7793752829217,24.7483813439431,24.7277134921382,24.7018727940562,24.6553430497988,24.7277134921382,24.7432147730614,24.6967038696157,24.6915346834782,24.7742102793675,24.6760255545029,24.8155229994525,24.7018727940562,24.68119552596,24.6915346834782,24.6760255545029,24.6863652356057,24.5829212550199,24.5466910676864,24.598444539334,24.6139654618445,24.6450002255868,24.5725710861868,24.5466910676864,24.3549744119754,24.6036184425424,24.593270373703,24.6553430497988,24.5829212550199,24.5777463018912,24.5777463018912,24.5622198668973,24.5466910676864,24.7122098579989,24.7070414568379,24.6967038696157,24.6915346834782,24.6294840235847,24.7535476535085,24.6398284203822,24.68119552596,24.8000326866343,24.6191385780148,24.6501717687129,24.588095945611,24.6553430497988,24.7380479408253,24.5622198668973,24.6191385780148,24.7070414568379,24.6191385780148,24.6605140688826,24.6967038696157,24.6863652356057,24.6501717687129,24.6139654618445,24.6605140688826,24.5673956078683,24.7225458756109,24.7328808471969,24.7070414568379,24.68119552596,24.6760255545029,24.6139654618445,24.7432147730614,24.7277134921382,24.7225458756109,24.6760255545029,24.6450002255868,24.6760255545029,24.6087920833666,24.7328808471969,24.7122098579989,24.5363372209139,24.598444539334,24.6605140688826,24.6656848260024,24.6294840235847,24.6398284203822,24.6863652356057,24.7070414568379,24.7380479408253,24.7018727940562,24.6915346834782,24.6760255545029,24.6553430497988,24.6346563530609,24.7432147730614,24.6605140688826,24.6915346834782,24.7122098579989,24.7277134921382,24.6450002255868,24.7225458756109,24.7845400253874,24.6656848260024,24.8516579356668,24.7173779975772,24.7690450146872,24.7173779975772,24.7793752829217,24.7587137017957,24.7690450146872,24.7277134921382,24.8000326866343,24.7897045068028,24.7277134921382,24.7432147730614,24.8464965838976,24.7070414568379,24.7793752829217,24.7122098579989,24.7483813439431,24.7277134921382,24.6863652356057,24.7173779975772,24.7173779975772,24.5725710861868,24.8155229994525,24.7225458756109,24.6656848260024,24.6191385780148,24.6036184425424,24.6243114319154,24.6191385780148,24.5104480028654,24.5466910676864,24.4793722593216,24.5466910676864,24.68119552596,24.7173779975772,24.6656848260024,24.5622198668973,24.7277134921382,24.8051963851263,24.7948687272058,24.68119552596,24.6863652356057,24.7483813439431,24.7897045068028,24.7122098579989,24.68119552596,24.6863652356057,24.7070414568379,24.7018727940562,24.6501717687129,24.6708553211965,24.6191385780148,24.7018727940562,24.7070414568379,24.6915346834782,24.6863652356057,24.7535476535085,24.7432147730614,24.7380479408253,24.7173779975772,24.6191385780148,24.7122098579989,24.7018727940562,24.7535476535085,24.7380479408253,24.7328808471969,24.6346563530609,24.7328808471969,24.7070414568379,24.6294840235847,24.6346563530609,24.8516579356668,24.7018727940562,24.8258485704877,24.7018727940562,24.7173779975772,24.7948687272058,24.7638794888426,24.6553430497988,24.8051963851263,24.6450002255868,24.7638794888426,24.6967038696157,25.0887990663117,25.2225928617629,25.3202549803643,25.2791454175921,25.325392518149,25.2997022573604,25.4229569268991,25.4075581805922,25.2894243522202,25.2997022573604,25.3818884725093,25.3562123467933,25.3459400985342
24.9290469664651,24.7328808471969,24.5829212550199,24.6294840235847,24.6087920833666,24.68119552596,24.6915346834782,24.7690450146872,24.7690450146872,24.6656848260024,24.6398284203822,24.6760255545029,24.588095945611,24.6191385780148,24.588095945611,24.6191385780148,24.5622198668973,24.5466910676864,24.6087920833666,24.598444539334,24.598444539334,24.5725710861868,24.5777463018912,24.4897318933139,24.3394139906367,24.5829212550199,24.6398284203822,24.6708553211965,24.6967038696157,24.6553430497988,24.6346563530609,24.6243114319154,24.6708553211965,24.6139654618445,24.6553430497988,24.6708553211965,24.588095945611,24.5829212550199,24.7638794888426,24.6450002255868,24.68119552596,24.7018727940562,24.6346563530609,24.588095945611,24.68119552596,24.6708553211965,24.7277134921382,24.7587137017957,24.5829212550199,24.6553430497988,24.588095945611,24.7018727940562,24.5777463018912,24.68119552596,24.8000326866343,24.7173779975772,24.8000326866343,24.8206859153626,24.7948687272058,24.7380479408253,24.7225458756109,24.7070414568379,24.6967038696157,24.6967038696157,24.7793752829217,24.6915346834782,24.68119552596,24.6398284203822,24.6036184425424,24.6087920833666,24.6139654618445,24.588095945611,24.5725710861868,24.5156263724707,24.6967038696157,24.6191385780148,24.5777463018912,24.3653467049792,24.5518675968447,24.5570438632356,24.5829212550199,24.7225458756109,24.7070414568379,24.6863652356057,24.7845400253874,24.6139654618445,24.6863652356057,24.7277134921382,24.6656848260024,24.7638794888426,24.6863652356057,24.7070414568379,24.6553430497988,24.7380479408253,24.7070414568379,24.6760255545029,24.5829212550199,24.6087920833666,24.6760255545029,24.6605140688826,24.6863652356057,24.5570438632356,24.6036184425424,24.5466910676864,24.6553430497988,24.6656848260024,24.7432147730614,24.6863652356057,24.7122098579989,24.6863652356057,24.6915346834782,24.6863652356057,24.6398284203822,24.6656848260024,24.6553430497988,24.8568190268782,24.6294840235847,24.68119552596,24.6863652356057,24.7380479408253,24.6243114319154,24.6087920833666,24.5829212550199,24.6553430497988,24.6087920833666,24.7070414568379,24.7070414568379,24.6450002255868,24.6553430497988,24.6139654618445,24.7690450146872,24.6915346834782,24.7070414568379,24.7587137017957,24.6760255545029,24.6191385780148,24.5829212550199,24.5466910676864,24.8155229994525,24.7122098579989,24.7380479408253,24.7328808471969,24.6967038696157,24.8051963851263,24.7277134921382,24.7122098579989,24.7793752829217,24.7897045068028,24.7587137017957,24.6760255545029,24.7690450146872,24.7690450146872,24.7483813439431,24.7742102793675,24.8051963851263,24.7587137017957,24.7432147730614,24.7587137017957,24.7070414568379,24.7845400253874,24.6501717687129,24.6760255545029,24.7173779975772,24.6967038696157,24.7483813439431,24.6967038696157,24.7948687272058,24.7948687272058,24.7225458756109,24.7277134921382,24.6087920833666,24.6294840235847,24.5673956078683,24.5363372209139,24.593270373703,24.5104480028654,24.5518675968447,24.6967038696157,24.7070414568379,24.7225458756109,24.6915346834782,24.6915346834782,24.7897045068028,24.8051963851263,24.7948687272058,24.7535476535085,24.8051963851263,24.7277134921382,24.7225458756109,24.7277134921382,24.6139654618445,24.6087920833666,24.6398284203822,24.7070414568379,24.7173779975772,24.7018727940562,24.6915346834782,24.6967038696157,24.7638794888426,24.68119552596,24.7690450146872,24.6605140688826,24.6708553211965,24.6243114319154,24.6760255545029,24.6191385780148,24.6450002255868,24.7483813439431,24.7432147730614,24.7122098579989,24.7225458756109,24.6656848260024,24.6656848260024,24.6863652356057,24.6967038696157,24.8103598227198,24.8568190268782,24.7173779975772,24.7225458756109,24.7742102793675,24.6863652356057,24.7845400253874,24.7897045068028,24.8206859153626,24.8000326866343,24.8155229994525,24.8000326866343,24.9651418204509,25.2894243522202,25.1454254487159,25.2380193782588,25.3099791333095,25.2688654531791,25.2997022573604,25.2431610348875,25.3870229273887,25.3870229273887,25.2791454175921,25.2842850136107,25.3716187925976
24.4275582848784,24.6036184425424,24.7277134921382,24.5725710861868,24.5466910676864,24.5622198668973,24.6863652356057,24.6294840235847,24.6605140688826,24.6501717687129,24.7638794888426,24.6967038696157,24.6967038696157,24.593270373703,24.4949113154483,24.5777463018912,24.7277134921382,24.598444539334,24.4586498313649,24.5725710861868,24.598444539334,24.588095945611,24.4638308334468,24.6760255545029,24.4793722593216,24.3238511901693,24.5156263724707,24.6450002255868,24.6605140688826,24.6967038696157,24.6501717687129,24.6191385780148,24.593270373703,24.6346563530609,24.7638794888426,24.7122098579989,24.7535476535085,24.6243114319154,24.5311599032229,24.6656848260024,24.5570438632356,24.5518675968447,24.593270373703,24.5104480028654,24.5466910676864,24.6139654618445,24.5000904743927,24.5777463018912,24.588095945611,24.417192326936,24.6346563530609,24.6915346834782,24.7070414568379,24.6450002255868,24.7328808471969,24.7897045068028,24.8413349715329,24.8000326866343,24.8103598227198,24.7277134921382,24.7122098579989,24.6553430497988,24.6087920833666,24.7277134921382,24.7845400253874,24.68119552596,24.7845400253874,24.6346563530609,24.6708553211965,24.6036184425424,24.6243114319154,24.6036184425424,24.6398284203822,24.6139654618445,24.6760255545029,24.7483813439431,24.6450002255868,24.6087920833666,24.5673956078683,24.6139654618445,24.6553430497988,24.6605140688826,24.6915346834782,24.68119552596,24.7328808471969,24.6605140688826,24.6398284203822,24.6294840235847,24.6656848260024,24.6553430497988,24.7432147730614,24.8051963851263,24.7948687272058,24.6967038696157,24.6708553211965,24.5622198668973,24.4897318933139,24.5777463018912,24.5156263724707,24.68119552596,24.68119552596,24.6450002255868,24.6346563530609,24.6501717687129,24.7277134921382,24.7483813439431,24.7380479408253,24.7173779975772,24.7122098579989,24.7897045068028,24.6708553211965,24.6863652356057,24.6553430497988,24.5466910676864,24.7897045068028,24.6605140688826,24.6967038696157,24.68119552596,24.6036184425424,24.6087920833666,24.6915346834782,24.6708553211965,24.6294840235847,24.4949113154483,24.6450002255868,24.6656848260024,24.7277134921382,24.6863652356057,24.7225458756109,24.7070414568379,24.7897045068028,24.7225458756109,24.6450002255868,24.6605140688826,24.6967038696157,24.5725710861868,24.6656848260024,24.6553430497988,24.7535476535085,24.6708553211965,24.7277134921382,24.7897045068028,24.7742102793675,24.7018727940562,24.7122098579989,24.7948687272058,24.7277134921382,24.8051963851263,24.7845400253874,24.7897045068028,24.7587137017957,24.7742102793675,24.8413349715329,24.7380479408253,24.8051963851263,24.8051963851263,24.7793752829217,24.7173779975772,24.7587137017957,24.7535476535085,24.7690450146872,24.7483813439431,24.6967038696157,24.8103598227198,24.7225458756109,24.7845400253874,24.8258485704877,24.8310109648659,24.7018727940562,24.6398284203822,24.6294840235847,24.598444539334,24.6605140688826,24.6553430497988,24.6087920833666,24.5052693701856,24.598444539334,24.6036184425424,24.7070414568379,24.7225458756109,24.7638794888426,24.7380479408253,24.6915346834782,24.8000326866343,24.6967038696157,24.7587137017957,24.7225458756109,24.6915346834782,24.7018727940562,24.7173779975772,24.6243114319154,24.6501717687129,24.6191385780148,24.7173779975772,24.7070414568379,24.598444539334,24.7587137017957,24.7897045068028,24.7535476535085,24.7225458756109,24.7070414568379,24.68119552596,24.6915346834782,24.6450002255868,24.6605140688826,24.6191385780148,24.68119552596,24.7638794888426,24.6708553211965,24.7277134921382,24.6708553211965,24.6708553211965,24.6243114319154,24.7122098579989,24.6656848260024,24.6501717687129,24.8051963851263,24.6450002255868,24.7122098579989,24.6450002255868,24.86197985757,24.8413349715329,24.7742102793675,24.7225458756109,24.7380479408253,24.7742102793675,24.9960701368761,25.1917328656758,25.2483024338098,25.2740055641272,25.2894243522202,25.3921571255997,25.2637250847104,25.2997022573604,25.3562123467933,25.3613480855689,25.2997022573604,25.3818884725093,25.2740055641272,25.3048408239653
24.6605140688826,24.68119552596,24.6656848260024,24.5725710861868,24.5466910676864,24.5415142757223,24.5673956078683,24.6708553211965,24.7122098579989,24.6346563530609,24.593270373703,24.6605140688826,24.6450002255868,24.6605140688826,24.6243114319154,24.6967038696157,24.5570438632356,24.6036184425424,24.588095945611,24.5777463018912,24.68119552596,24.68119552596,24.6553430497988,24.6191385780148,24.6036184425424,24.2979078995965,24.2252314710217,24.5518675968447,24.6656848260024,24.6760255545029,24.6760255545029,24.6605140688826,24.6863652356057,24.5829212550199,24.6501717687129,24.7173779975772,24.5415142757223,24.5415142757223,24.6708553211965,24.5829212550199,24.593270373703,24.5673956078683,24.5673956078683,24.5156263724707,24.396457245529,24.5829212550199,24.5052693701856,24.7277134921382,24.7173779975772,24.5000904743927,24.5829212550199,24.6346563530609,24.7432147730614,24.68119552596,24.5777463018912,24.7897045068028,24.8103598227198,24.7897045068028,24.8310109648659,24.7380479408253,24.7070414568379,24.7690450146872,24.6139654618445,24.7173779975772,24.7793752829217,24.7690450146872,24.7793752829217,24.7845400253874,24.7328808471969,24.6450002255868,24.5415142757223,24.4897318933139,24.7173779975772,24.7018727940562,24.6915346834782,24.7070414568379,24.6967038696157,24.7277134921382,24.6967038696157,24.6087920833666,24.6294840235847,24.6708553211965,24.6708553211965,24.5777463018912,24.6708553211965,24.6760255545029,24.6656848260024,24.6139654618445,24.6915346834782,24.6191385780148,24.6863652356057,24.68119552596,24.6139654618445,24.6450002255868,24.5777463018912,24.5725710861868,24.7483813439431,24.7483813439431,24.6294840235847,24.7277134921382,24.7018727940562,24.7432147730614,24.6708553211965,24.86197985757,24.7380479408253,24.7483813439431,24.7587137017957,24.8206859153626,24.7380479408253,24.7793752829217,24.6708553211965,24.6708553211965,24.6243114319154,24.6656848260024,24.598444539334,24.7897045068028,24.6501717687129,24.7483813439431,24.6501717687129,24.6863652356057,24.6605140688826,24.6760255545029,24.6708553211965,24.6450002255868,24.6450002255868,24.6294840235847,24.6501717687129,24.7380479408253,24.68119552596,24.7122098579989,24.6087920833666,24.6450002255868,24.7535476535085,24.8051963851263,24.6398284203822,24.6450002255868,24.7277134921382,24.7638794888426,24.7742102793675,24.7070414568379,24.6760255545029,24.6967038696157,24.7380479408253,24.7793752829217,24.6087920833666,24.8000326866343,24.7948687272058,24.7018727940562,24.7690450146872,24.7690450146872,24.7690450146872,24.7432147730614,24.7638794888426,24.86197985757,24.7638794888426,24.7380479408253,24.7638794888426,24.7535476535085,24.6915346834782,24.7845400253874,24.7432147730614,24.7277134921382,24.7587137017957,24.6915346834782,24.593270373703,24.6967038696157,24.6863652356057,24.6656848260024,24.8103598227198,24.6294840235847,24.7122098579989,24.5518675968447,24.6346563530609,24.5777463018912,24.6087920833666,24.6087920833666,24.7018727940562,24.5208044790397,24.5777463018912,24.6191385780148,24.6863652356057,24.7690450146872,24.6243114319154,24.7897045068028,24.6087920833666,24.7122098579989,24.7277134921382,24.7380479408253,24.7380479408253,24.6450002255868,24.6605140688826,24.68119552596,24.6501717687129,24.6656848260024,24.6605140688826,24.6450002255868,24.68119552596,24.7587137017957,24.7690450146872,24.7742102793675,24.7587137017957,24.6553430497988,24.6863652356057,24.7277134921382,24.6605140688826,24.6605140688826,24.7018727940562,24.5777463018912,24.6863652356057,24.593270373703,24.6346563530609,24.6760255545029,24.5208044790397,24.6915346834782,24.6863652356057,24.5622198668973,24.6915346834782,24.6915346834782,24.7793752829217,24.8206859153626,24.8000326866343,24.7742102793675,24.7277134921382,24.7483813439431,24.7328808471969,24.8310109648659,25.1505717504272,25.1505717504272,25.2791454175921,25.3767537609245,25.325392518149,25.3664835674914,25.3459400985342,25.3048408239653,25.4229569268991,25.3767537609245,25.4793992606996,25.3921571255997,25.3818884725093,25.3664835674914
24.7328808471969,24.6863652356057,24.598444539334,24.5725710861868,24.6863652356057,24.6294840235847,24.5829212550199,24.5570438632356,24.6656848260024,24.5829212550199,24.525982322611,24.5725710861868,24.5829212550199,24.6501717687129,24.7173779975772,24.5415142757223,24.5622198668973,24.6553430497988,24.5673956078683,24.6087920833666,24.7173779975772,24.7587137017957,24.7328808471969,24.7173779975772,24.4949113154483,24.4845522079513,24.2771485035319,24.2823387496704,24.588095945611,24.5156263724707,24.6915346834782,24.6967038696157,24.6605140688826,24.6760255545029,24.5466910676864,24.6243114319154,24.5208044790397,24.5622198668973,24.5311599032229,24.5725710861868,24.588095945611,24.6243114319154,24.525982322611,24.5673956078683,24.5052693701856,24.6087920833666,24.588095945611,24.7845400253874,24.6553430497988,24.7173779975772,24.6760255545029,24.6501717687129,24.6553430497988,24.6656848260024,24.6450002255868,24.7690450146872,24.6915346834782,24.7897045068028,24.7845400253874,24.7380479408253,24.6036184425424,24.6087920833666,24.6139654618445,24.7277134921382,24.6450002255868,24.7793752829217,24.7380479408253,24.6708553211965,24.6294840235847,24.7948687272058,24.6501717687129,24.6760255545029,24.7018727940562,24.6708553211965,24.7018727940562,24.7277134921382,24.7380479408253,24.5829212550199,24.6139654618445,24.5725710861868,24.5570438632356,24.6294840235847,24.5363372209139,24.6915346834782,24.8310109648659,24.7018727940562,24.7070414568379,24.6346563530609,24.6708553211965,24.7173779975772,24.7690450146872,24.7122098579989,24.6346563530609,24.6708553211965,24.6605140688826,24.5725710861868,24.7070414568379,24.6398284203822,24.6398284203822,24.5622198668973,24.7122098579989,24.6501717687129,24.6553430497988,24.7535476535085,24.7897045068028,24.7535476535085,24.7483813439431,24.7432147730614,24.7070414568379,24.6915346834782,24.6605140688826,24.6708553211965,24.6656848260024,24.6656848260024,24.6967038696157,24.7018727940562,24.6294840235847,24.6243114319154,24.5777463018912,24.4638308334468,24.598444539334,24.6967038696157,24.6294840235847,24.6294840235847,24.6398284203822,24.6398284203822,24.6760255545029,24.5829212550199,24.6863652356057,24.7122098579989,24.6450002255868,24.6139654618445,24.6398284203822,24.6398284203822,24.7948687272058,24.6708553211965,24.8051963851263,24.7277134921382,24.6708553211965,24.8258485704877,24.7483813439431,24.6398284203822,24.6450002255868,24.6915346834782,24.8051963851263,24.8155229994525,24.8000326866343,24.7277134921382,24.7018727940562,24.8568190268782,24.8671404277798,24.8000326866343,24.8568190268782,24.8051963851263,24.8051963851263,24.6294840235847,24.6967038696157,24.7845400253874,24.6708553211965,24.6656848260024,24.7845400253874,24.6553430497988,24.7742102793675,24.6967038696157,24.68119552596,24.6760255545029,24.7122098579989,24.7483813439431,24.6863652356057,24.7225458756109,24.6553430497988,24.7070414568379,24.588095945611,24.6708553211965,24.588095945611,24.588095945611,24.6036184425424,24.6087920833666,24.6243114319154,24.7225458756109,24.7897045068028,24.7122098579989,24.7173779975772,24.6708553211965,24.7535476535085,24.6967038696157,24.7535476535085,24.7432147730614,24.7070414568379,24.7638794888426,24.6605140688826,24.7845400253874,24.6450002255868,24.6708553211965,24.6967038696157,24.68119552596,24.6915346834782,24.7742102793675,24.7690450146872,24.6863652356057,24.7587137017957,24.6708553211965,24.6553430497988,24.7638794888426,24.6398284203822,24.7535476535085,24.7638794888426,24.7742102793675,24.7690450146872,24.6760255545029,24.6967038696157,24.6605140688826,24.6915346834782,24.6708553211965,24.6501717687129,24.6553430497988,24.6708553211965,24.6346563530609,24.6967038696157,24.7277134921382,24.7845400253874,24.7845400253874,24.7793752829217,24.7948687272058,24.7845400253874,25.0115307913128,25.2174501739369,25.2225928617629,25.3664835674914,25.3767537609245,25.3972910671794,25.3151171854302,25.3562123467933,25.3099791333095,25.2945634334578,25.2945634334578,25.2997022573604,25.3305297988212,25.3562123467933,25.3408035889768
24.6656848260024,24.6036184425424,24.6605140688826,24.5673956078683,24.6967038696157,24.6398284203822,24.6553430497988,24.6656848260024,24.5208044790397,24.6501717687129,24.7070414568379,24.5000904743927,24.6760255545029,24.86197985757,24.6605140688826,24.5363372209139,24.5673956078683,24.525982322611,24.5777463018912,24.5777463018912,24.6191385780148,24.7483813439431,24.7122098579989,24.588095945611,24.4586498313649,24.4016414116675,24.593270373703,24.2771485035319,24.266767216777,24.5104480028654,24.6708553211965,24.7380479408253,24.6036184425424,24.6036184425424,24.5208044790397,24.5415142757223,24.598444539334,24.5622198668973,24.4534685658236,24.5622198668973,24.6139654618445,24.5570438632356,24.4949113154483,24.6191385780148,24.6087920833666,24.5363372209139,24.5622198668973,24.6398284203822,24.6450002255868,24.6346563530609,24.6915346834782,24.6915346834782,24.6863652356057,24.6605140688826,24.7277134921382,24.7793752829217,24.7483813439431,24.6863652356057,24.8155229994525,24.6915346834782,24.6553430497988,24.7225458756109,24.7070414568379,24.7277134921382,24.6501717687129,24.7483813439431,24.7948687272058,24.7845400253874,24.6243114319154,24.6294840235847,24.6760255545029,24.6087920833666,24.6708553211965,24.7277134921382,24.6553430497988,24.7845400253874,24.6863652356057,24.6501717687129,24.5725710861868,24.6605140688826,24.7122098579989,24.7587137017957,24.7070414568379,24.6656848260024,24.8000326866343,24.6553430497988,24.6398284203822,24.8051963851263,24.7225458756109,24.7432147730614,24.7328808471969,24.7277134921382,24.6605140688826,24.6501717687129,24.6760255545029,24.6605140688826,24.7018727940562,24.6501717687129,24.6087920833666,24.6036184425424,24.6656848260024,24.6191385780148,24.6708553211965,24.6708553211965,24.6656848260024,24.7277134921382,24.7535476535085,24.7122098579989,24.7173779975772,24.598444539334,24.598444539334,24.6450002255868,24.6605140688826,24.68119552596,24.68119552596,24.6036184425424,24.588095945611,24.6294840235847,24.6450002255868,24.525982322611,24.6553430497988,24.5777463018912,24.6553430497988,24.598444539334,24.6501717687129,24.6553430497988,24.598444539334,24.588095945611,24.7122098579989,24.68119552596,24.6967038696157,24.6294840235847,24.5570438632356,24.7690450146872,24.6656848260024,24.6346563530609,24.6760255545029,24.5777463018912,24.6139654618445,24.7225458756109,24.7483813439431,24.7638794888426,24.8000326866343,24.8155229994525,24.7328808471969,24.7380479408253,24.7173779975772,24.7897045068028,24.8051963851263,24.8206859153626,24.8568190268782,24.9135738442187,24.7690450146872,24.7897045068028,24.7897045068028,24.6915346834782,24.7122098579989,24.6656848260024,24.6708553211965,24.7587137017957,24.6708553211965,24.598444539334,24.6294840235847,24.6656848260024,24.6967038696157,24.7018727940562,24.7070414568379,24.6605140688826,24.6450002255868,24.6553430497988,24.6450002255868,24.5518675968447,24.5673956078683,24.5725710861868,24.4793722593216,24.5673956078683,24.5622198668973,24.5673956078683,24.5777463018912,24.6243114319154,24.7018727940562,24.6605140688826,24.7690450146872,24.6863652356057,24.8000326866343,24.6553430497988,24.6139654618445,24.6605140688826,24.7328808471969,24.7277134921382,24.7122098579989,24.6450002255868,24.7897045068028,24.5622198668973,24.6760255545029,24.7225458756109,24.7638794888426,24.7432147730614,24.8671404277798,24.7638794888426,24.7432147730614,24.7742102793675,24.8310109648659,24.7432147730614,24.7793752829217,24.6501717687129,24.8051963851263,24.86197985757,24.7793752829217,24.68119552596,24.7070414568379,24.7638794888426,24.6760255545029,24.7070414568379,24.6450002255868,24.593270373703,24.5777463018912,24.7948687272058,24.7948687272058,24.7948687272058,24.7638794888426,24.8516579356668,24.7587137017957,24.7328808471969,24.8103598227198,24.8980983810354,25.2225928617629,25.3099791333095,25.2894243522202,25.2945634334578,25.3048408239653,25.3202549803643,25.2945634334578,25.2483024338098,25.3151171854302,25.2791454175921,25.3099791333095,25.325392518149,25.3870229273887,25.4178242679226
24.7690450146872,24.6553430497988,24.6553430497988,24.6501717687129,24.6553430497988,24.6656848260024,24.7690450146872,24.6605140688826,24.6036184425424,24.7638794888426,24.6139654618445,24.7380479408253,24.5415142757223,24.6708553211965,24.7070414568379,24.68119552596,24.68119552596,24.5622198668973,24.593270373703,24.6346563530609,24.6760255545029,24.6967038696157,24.598444539334,24.6863652356057,24.7122098579989,24.417192326936,24.5725710861868,24.4120089523324,24.4741920473867,24.2979078995965,24.3030970868713,24.5208044790397,24.593270373703,24.4845522079513,24.5415142757223,24.6087920833666,24.5622198668973,24.7277134921382,24.6553430497988,24.5363372209139,24.6087920833666,24.6398284203822,24.588095945611,24.6036184425424,24.6294840235847,24.6191385780148,24.6760255545029,24.8051963851263,24.7018727940562,24.7845400253874,24.7173779975772,24.7070414568379,24.7948687272058,24.8000326866343,24.7535476535085,24.7793752829217,24.8774607869049,24.8000326866343,24.7018727940562,24.8413349715329,24.7070414568379,24.7018727940562,24.7845400253874,24.7638794888426,24.7845400253874,24.7225458756109,24.7277134921382,24.7070414568379,24.6243114319154,24.6139654618445,24.5725710861868,24.6553430497988,24.5829212550199,24.6967038696157,24.6501717687129,24.68119552596,24.6708553211965,24.68119552596,24.6346563530609,24.5104480028654,24.5363372209139,24.6501717687129,24.6708553211965,24.5466910676864,24.8103598227198,24.7328808471969,24.7638794888426,24.6450002255868,24.7225458756109,24.7328808471969,24.7070414568379,24.7225458756109,24.7380479408253,24.7380479408253,24.6708553211965,24.6656848260024,24.6191385780148,24.6398284203822,24.6346563530609,24.6294840235847,24.7483813439431,24.6863652356057,24.6346563530609,24.6450002255868,24.598444539334,24.8206859153626,24.7742102793675,24.7638794888426,24.7277134921382,24.6553430497988,24.6346563530609,24.6656848260024,24.6553430497988,24.6398284203822,24.6915346834782,24.7690450146872,24.6501717687129,24.6760255545029,24.7948687272058,24.68119552596,24.5725710861868,24.7173779975772,24.6760255545029,24.7380479408253,24.7225458756109,24.7070414568379,24.6346563530609,24.6760255545029,24.6191385780148,24.7225458756109,24.6863652356057,24.5466910676864,24.5622198668973,24.6346563530609,24.6191385780148,24.6139654618445,24.6967038696157,24.6605140688826,24.7173779975772,24.7432147730614,24.7277134921382,24.7432147730614,24.7432147730614,24.7173779975772,24.7432147730614,24.7845400253874,24.8051963851263,24.8413349715329,24.8413349715329,24.7328808471969,24.8155229994525,24.8051963851263,24.8723007375455,24.7535476535085,24.8155229994525,24.8413349715329,24.8051963851263,24.7380479408253,24.6760255545029,24.68119552596,24.68119552596,24.6967038696157,24.6967038696157,24.7122098579989,24.6398284203822,24.5777463018912,24.68119552596,24.6605140688826,24.68119552596,24.5156263724707,24.5725710861868,24.6243114319154,24.5622198668973,24.6501717687129,24.5208044790397,24.5518675968447,24.5829212550199,24.6398284203822,24.5311599032229,24.5208044790397,24.6450002255868,24.4897318933139,24.7225458756109,24.6967038696157,24.7948687272058,24.7690450146872,24.7380479408253,24.6450002255868,24.6863652356057,24.7845400253874,24.7277134921382,24.7070414568379,24.7173779975772,24.6863652356057,24.68119552596,24.68119552596,24.7535476535085,24.7432147730614,24.6656848260024,24.7742102793675,24.7948687272058,24.68119552596,24.7483813439431,24.8206859153626,24.8155229994525,24.7948687272058,24.7845400253874,24.6967038696157,24.6915346834782,24.7225458756109,24.6915346834782,24.7122098579989,24.7018727940562,24.6708553211965,24.6139654618445,24.6605140688826,24.6863652356057,24.6139654618445,24.68119552596,24.6915346834782,24.6915346834782,24.6191385780148,24.7483813439431,24.7225458756109,24.7948687272058,25.0166838239645,25.2380193782588,25.2945634334578,25.3870229273887,25.4024247521646,25.3151171854302,25.4024247521646,25.3870229273887,25.325392518149,25.2997022573604,25.3870229273887,25.3870229273887,25.325392518149,25.3408035889768,25.4178242679226
24.6501717687129,24.6139654618445,24.6605140688826,24.6501717687129,24.6760255545029,24.6553430497988,24.6863652356057,24.6501717687129,24.7690450146872,24.7587137017957,24.6656848260024,24.6501717687129,24.7018727940562,24.7638794888426,24.6708553211965,24.6863652356057,24.6863652356057,24.6553430497988,24.6243114319154,24.588095945611,24.7070414568379,24.598444539334,24.588095945611,24.5363372209139,24.6036184425424,24.5829212550199,24.525982322611,24.6294840235847,24.4068253139224,24.6036184425424,24.4741920473867,24.5725710861868,24.5622198668973,24.4741920473867,24.4741920473867,24.6191385780148,24.6294840235847,24.6294840235847,24.6294840235847,24.6346563530609,24.5570438632356,24.593270373703,24.68119552596,24.5725710861868,24.5725710861868,24.5725710861868,24.5000904743927,24.6967038696157,24.6656848260024,24.6863652356057,24.6501717687129,24.7793752829217,24.7948687272058,24.7122098579989,24.7018727940562,24.7432147730614,24.6553430497988,24.8568190268782,24.68119552596,24.6863652356057,24.6863652356057,24.7432147730614,24.6708553211965,24.6605140688826,24.7018727940562,24.7225458756109,24.7432147730614,24.6553430497988,24.6087920833666,24.7070414568379,24.5829212550199,24.5466910676864,24.5104480028654,24.4638308334468,24.6605140688826,24.7638794888426,24.7483813439431,24.6501717687129,24.7070414568379,24.5570438632356,24.5466910676864,24.6294840235847,24.6656848260024,24.6139654618445,24.7328808471969,24.8155229994525,24.7432147730614,24.6915346834782,24.6553430497988,24.7535476535085,24.7225458756109,24.6915346834782,24.5415142757223,24.6243114319154,24.6346563530609,24.5570438632356,24.6450002255868,24.7483813439431,24.6191385780148,24.6450002255868,24.6760255545029,24.6398284203822,24.7018727940562,24.6967038696157,24.6967038696157,24.6501717687129,24.7277134921382,24.6967038696157,24.7328808471969,24.6708553211965,24.7277134921382,24.6346563530609,24.6656848260024,24.6398284203822,24.7793752829217,24.7587137017957,24.6243114319154,24.6398284203822,24.7122098579989,24.68119552596,24.6501717687129,24.6863652356057,24.6191385780148,24.6398284203822,24.6708553211965,24.6760255545029,24.6450002255868,24.4482870367845,24.6450002255868,24.6605140688826,24.68119552596,24.6191385780148,24.6863652356057,24.6346563530609,24.598444539334,24.5777463018912,24.6191385780148,24.6605140688826,24.6501717687129,24.6087920833666,24.7380479408253,24.8258485704877,24.6967038696157,24.7535476535085,24.6346563530609,24.6243114319154,24.7380479408253,24.6294840235847,24.7638794888426,24.7587137017957,24.6863652356057,24.6967038696157,24.7587137017957,24.7018727940562,24.7173779975772,24.6967038696157,24.6915346834782,24.5466910676864,24.6863652356057,24.6863652356057,24.6501717687129,24.6191385780148,24.7018727940562,24.7328808471969,24.68119552596,24.6450002255868,24.5673956078683,24.6191385780148,24.5725710861868,24.6087920833666,24.5829212550199,24.7277134921382,24.6863652356057,24.6450002255868,24.5725710861868,24.5673956078683,24.593270373703,24.5000904743927,24.593270373703,24.6191385780148,24.598444539334,24.6398284203822,24.6139654618445,24.6605140688826,24.7432147730614,24.7380479408253,24.68119552596,24.7638794888426,24.6294840235847,24.7277134921382,24.6553430497988,24.6605140688826,24.6915346834782,24.6760255545029,24.6863652356057,24.6863652356057,24.6708553211965,24.6398284203822,24.6398284203822,24.7587137017957,24.6501717687129,24.68119552596,24.68119552596,24.7638794888426,24.7742102793675,24.8206859153626,24.8000326866343,24.6708553211965,24.6915346834782,24.7328808471969,24.7277134921382,24.7277134921382,24.7277134921382,24.68119552596,24.8310109648659,24.7277134921382,24.68119552596,24.6450002255868,24.6915346834782,24.6605140688826,24.6553430497988,24.6708553211965,24.5570438632356,24.8000326866343,24.8103598227198,25.1042457289643,25.2380193782588,25.2997022573604,25.3048408239653,25.3921571255997,25.3202549803643,25.3972910671794,25.3459400985342,25.3305297988212,25.2945634334578,25.3151171854302,25.3099791333095,25.2894243522202,25.3099791333095,25.3356668224182
24.6501717687129,24.588095945611,24.6191385780148,24.6450002255868,24.593270373703,24.6501717687129,24.6243114319154,24.6294840235847,24.68119552596,24.7225458756109,24.7173779975772,24.6450002255868,24.6967038696157,24.7742102793675,24.6863652356057,24.5829212550199,24.6760255545029,24.5622198668973,24.5622198668973,24.588095945611,24.6863652356057,24.6398284203822,24.5415142757223,24.5363372209139,24.6036184425424,24.598444539334,24.5570438632356,24.5777463018912,24.4586498313649,24.598444539334,24.6398284203822,24.5156263724707,24.5208044790397,24.4741920473867,24.5829212550199,24.5518675968447,24.598444539334,24.6243114319154,24.6243114319154,24.5466910676864,24.4845522079513,24.4638308334468,24.5518675968447,24.5415142757223,24.4741920473867,24.5622198668973,24.6863652356057,24.6294840235847,24.7380479408253,24.6191385780148,24.7432147730614,24.7328808471969,24.6191385780148,24.6656848260024,24.6605140688826,24.68119552596,24.6553430497988,24.7483813439431,24.7277134921382,24.6087920833666,24.6553430497988,24.6915346834782,24.598444539334,24.7122098579989,24.5622198668973,24.6708553211965,24.6708553211965,24.7173779975772,24.598444539334,24.7122098579989,24.5518675968447,24.5363372209139,24.396457245529,24.5725710861868,24.6139654618445,24.68119552596,24.68119552596,24.6760255545029,24.6605140688826,24.6191385780148,24.5622198668973,24.6139654618445,24.5725710861868,24.6553430497988,24.7328808471969,24.6863652356057,24.7070414568379,24.68119552596,24.6501717687129,24.7793752829217,24.6863652356057,24.6087920833666,24.5673956078683,24.6398284203822,24.588095945611,24.5466910676864,24.6760255545029,24.6294840235847,24.7328808471969,24.6915346834782,24.7122098579989,24.6967038696157,24.6863652356057,24.5415142757223,24.6243114319154,24.5415142757223,24.5725710861868,24.4431052442089,24.7070414568379,24.7432147730614,24.7380479408253,24.7535476535085,24.6760255545029,24.588095945611,24.6450002255868,24.7122098579989,24.6036184425424,24.6708553211965,24.6450002255868,24.6346563530609,24.7328808471969,24.6708553211965,24.588095945611,24.6243114319154,24.6553430497988,24.6553430497988,24.6708553211965,24.6087920833666,24.6863652356057,24.6760255545029,24.7328808471969,24.6036184425424,24.7018727940562,24.5518675968447,24.4327408682945,24.5311599032229,24.6294840235847,24.5570438632356,24.5829212550199,24.7018727940562,24.6760255545029,24.7328808471969,24.6967038696157,24.7483813439431,24.7380479408253,24.7277134921382,24.7225458756109,24.7018727940562,24.6967038696157,24.7070414568379,24.5725710861868,24.7483813439431,24.7483813439431,24.7535476535085,24.6967038696157,24.7173779975772,24.6863652356057,24.6863652356057,24.6605140688826,24.6087920833666,24.6915346834782,24.6605140688826,24.6605140688826,24.588095945611,24.5777463018912,24.5415142757223,24.5518675968447,24.6346563530609,24.5363372209139,24.6450002255868,24.68119552596,24.598444539334,24.6346563530609,24.5725710861868,24.5104480028654,24.5052693701856,24.5104480028654,24.4897318933139,24.5777463018912,24.5673956078683,24.4845522079513,24.5156263724707,24.6087920833666,24.7432147730614,24.7018727940562,24.6346563530609,24.6760255545029,24.5777463018912,24.7638794888426,24.7122098579989,24.6760255545029,24.7742102793675,24.6708553211965,24.6760255545029,24.7380479408253,24.6605140688826,24.7483813439431,24.6346563530609,24.7328808471969,24.8155229994525,24.7070414568379,24.7122098579989,24.7432147730614,24.8051963851263,24.68119552596,24.6967038696157,24.7587137017957,24.6656848260024,24.6501717687129,24.6450002255868,24.6450002255868,24.7432147730614,24.7432147730614,24.6605140688826,24.6398284203822,24.7690450146872,24.836173098535,24.8723007375455,24.5829212550199,24.6087920833666,24.6760255545029,24.598444539334,24.7742102793675,24.7690450146872,24.7948687272058,25.0166838239645,25.258584458684,25.3099791333095,25.3151171854302,25.4075581805922,25.2688654531791,25.3305297988212,25.2740055641272,25.3151171854302,25.2945634334578,25.3048408239653,25.2945634334578,25.3356668224182,25.3151171854302,25.3613480855689
24.6450002255868,24.6294840235847,24.5673956078683,24.6036184425424,24.6450002255868,24.598444539334,24.6294840235847,24.6294840235847,24.6036184425424,24.5673956078683,24.5518675968447,24.6605140688826,24.6656848260024,24.68119552596,24.6708553211965,24.6656848260024,24.598444539334,24.588095945611,24.6191385780148,24.5415142757223,24.6191385780148,24.6087920833666,24.5829212550199,24.588095945611,24.5208044790397,24.6036184425424,24.5104480028654,24.4379231880585,24.3342266548802,24.525982322611,24.5829212550199,24.5673956078683,24.5311599032229,24.4741920473867,24.5052693701856,24.5622198668973,24.5156263724707,24.525982322611,24.6294840235847,24.6036184425424,24.6243114319154,24.6398284203822,24.7638794888426,24.6346563530609,24.6501717687129,24.5725710861868,24.593270373703,24.6553430497988,24.7587137017957,24.6191385780148,24.68119552596,24.6346563530609,24.7173779975772,24.7328808471969,24.7897045068028,24.7380479408253,24.7690450146872,24.7690450146872,24.6915346834782,24.7173779975772,24.6450002255868,24.6553430497988,24.5673956078683,24.6243114319154,24.7793752829217,24.68119552596,24.6967038696157,24.7432147730614,24.5570438632356,24.7535476535085,24.5363372209139,24.598444539334,24.5518675968447,24.5570438632356,24.5466910676864,24.6501717687129,24.6346563530609,24.6863652356057,24.7018727940562,24.5673956078683,24.6708553211965,24.6139654618445,24.6553430497988,24.6760255545029,24.7432147730614,24.7483813439431,24.7070414568379,24.7432147730614,24.7690450146872,24.7225458756109,24.7483813439431,24.6450002255868,24.588095945611,24.6553430497988,24.6346563530609,24.6139654618445,24.7638794888426,24.7432147730614,24.6656848260024,24.7380479408253,24.6915346834782,24.7122098579989,24.6967038696157,24.6450002255868,24.5518675968447,24.6087920833666,24.6760255545029,24.6294840235847,24.6553430497988,24.6967038696157,24.7070414568379,24.68119552596,24.6708553211965,24.6863652356057,24.7173779975772,24.6346563530609,24.5415142757223,24.6553430497988,24.6708553211965,24.5777463018912,24.7638794888426,24.6398284203822,24.7483813439431,24.6553430497988,24.6346563530609,24.598444539334,24.6553430497988,24.6553430497988,24.6760255545029,24.8103598227198,24.6605140688826,24.6450002255868,24.7018727940562,24.6398284203822,24.5570438632356,24.5777463018912,24.6967038696157,24.5829212550199,24.6760255545029,24.6191385780148,24.6087920833666,24.6915346834782,24.6346563530609,24.6243114319154,24.6605140688826,24.7587137017957,24.7380479408253,24.7483813439431,24.7277134921382,24.7535476535085,24.7690450146872,24.7587137017957,24.7277134921382,24.6967038696157,24.7122098579989,24.7483813439431,24.8413349715329,24.7018727940562,24.6915346834782,24.7277134921382,24.6656848260024,24.6708553211965,24.6967038696157,24.7587137017957,24.6501717687129,24.588095945611,24.6087920833666,24.5415142757223,24.5363372209139,24.6191385780148,24.598444539334,24.7225458756109,24.6967038696157,24.5622198668973,24.5311599032229,24.525982322611,24.588095945611,24.5725710861868,24.5725710861868,24.4534685658236,24.4016414116675,24.5622198668973,24.5570438632356,24.6036184425424,24.6967038696157,24.6398284203822,24.5725710861868,24.6708553211965,24.7070414568379,24.6708553211965,24.7535476535085,24.7845400253874,24.7587137017957,24.6605140688826,24.6656848260024,24.6553430497988,24.7380479408253,24.7690450146872,24.7225458756109,24.7328808471969,24.7277134921382,24.7638794888426,24.7638794888426,24.6915346834782,24.68119552596,24.7432147730614,24.5777463018912,24.68119552596,24.6346563530609,24.6243114319154,24.6863652356057,24.6294840235847,24.7483813439431,24.7638794888426,24.6346563530609,24.6708553211965,24.6346563530609,24.6139654618445,24.6708553211965,24.68119552596,24.593270373703,24.6501717687129,24.7225458756109,24.8000326866343,24.8051963851263,24.86197985757,25.1454254487159,25.2791454175921,25.2945634334578,25.3818884725093,25.2945634334578,25.2997022573604,25.3048408239653,25.2483024338098,25.2997022573604,25.3408035889768,25.2945634334578,25.3099791333095,25.3048408239653,25.3716187925976
24.6243114319154,24.6553430497988,24.6346563530609,24.5829212550199,24.6346563530609,24.6139654618445,24.6398284203822,24.6398284203822,24.6708553211965,24.6760255545029,24.6708553211965,24.6398284203822,24.6191385780148,24.5673956078683,24.6398284203822,24.6087920833666,24.588095945611,24.6656848260024,24.6450002255868,24.5829212550199,24.6656848260024,24.6036184425424,24.6243114319154,24.5829212550199,24.5829212550199,24.5725710861868,24.6294840235847,24.5415142757223,24.4586498313649,24.5622198668973,24.4534685658236,24.6036184425424,24.5156263724707,24.5208044790397,24.5156263724707,24.6036184425424,24.6294840235847,24.6294840235847,24.6036184425424,24.6450002255868,24.7638794888426,24.7587137017957,24.6450002255868,24.5673956078683,24.5829212550199,24.7587137017957,24.7173779975772,24.7535476535085,24.7535476535085,24.6501717687129,24.6553430497988,24.7328808471969,24.7432147730614,24.7173779975772,24.7432147730614,24.6967038696157,24.7587137017957,24.7948687272058,24.7122098579989,24.7277134921382,24.6708553211965,24.7018727940562,24.6553430497988,24.6708553211965,24.6708553211965,24.6191385780148,24.6553430497988,24.5466910676864,24.5363372209139,24.5363372209139,24.4379231880585,24.5363372209139,24.7018727940562,24.6398284203822,24.6863652356057,24.525982322611,24.6553430497988,24.6450002255868,24.5466910676864,24.593270373703,24.5829212550199,24.7277134921382,24.588095945611,24.6243114319154,24.7018727940562,24.7535476535085,24.7225458756109,24.6501717687129,24.7535476535085,24.7018727940562,24.6398284203822,24.7380479408253,24.6760255545029,24.6605140688826,24.6346563530609,24.6346563530609,24.7845400253874,24.68119552596,24.7277134921382,24.7742102793675,24.7328808471969,24.6967038696157,24.7380479408253,24.7070414568379,24.7225458756109,24.5415142757223,24.6450002255868,24.7225458756109,24.6863652356057,24.8206859153626,24.6863652356057,24.6243114319154,24.6139654618445,24.7587137017957,24.6036184425424,24.5622198668973,24.6501717687129,24.5570438632356,24.6398284203822,24.6087920833666,24.6243114319154,24.7173779975772,24.7070414568379,24.7948687272058,24.68119552596,24.598444539334,24.6863652356057,24.5829212550199,24.588095945611,24.5829212550199,24.6398284203822,24.6036184425424,24.6087920833666,24.6656848260024,24.5208044790397,24.5208044790397,24.6346563530609,24.5829212550199,24.5363372209139,24.6294840235847,24.6501717687129,24.6708553211965,24.6915346834782,24.6398284203822,24.6294840235847,24.7535476535085,24.7535476535085,24.7483813439431,24.7535476535085,24.7328808471969,24.7018727940562,24.7380479408253,24.68119552596,24.7535476535085,24.7225458756109,24.7380479408253,24.7328808471969,24.6708553211965,24.7328808471969,24.7173779975772,24.6915346834782,24.6656848260024,24.588095945611,24.6656848260024,24.6191385780148,24.7225458756109,24.5518675968447,24.5518675968447,24.6346563530609,24.5466910676864,24.6139654618445,24.7018727940562,24.6708553211965,24.5518675968447,24.6243114319154,24.6553430497988,24.598444539334,24.4741920473867,24.4690115721079,24.4690115721079,24.5363372209139,24.4949113154483,24.525982322611,24.6450002255868,24.6863652356057,24.5622198668973,24.6760255545029,24.6760255545029,24.6656848260024,24.6708553211965,24.6087920833666,24.7587137017957,24.6760255545029,24.7535476535085,24.6501717687129,24.6087920833666,24.7225458756109,24.7897045068028,24.68119552596,24.7897045068028,24.7432147730614,24.7483813439431,24.6863652356057,24.6863652356057,24.6346563530609,24.7018727940562,24.6087920833666,24.68119552596,24.6191385780148,24.6036184425424,24.6501717687129,24.7277134921382,24.7587137017957,24.7277134921382,24.6708553211965,24.7225458756109,24.6450002255868,24.6708553211965,24.6553430497988,24.7328808471969,24.6139654618445,24.7070414568379,24.7122098579989,24.7483813439431,24.8000326866343,25.0836496611589,25.2688654531791,25.2997022573604,25.3459400985342,25.4075581805922,25.3921571255997,25.325392518149,25.325392518149,25.3408035889768,25.2842850136107,25.2688654531791,25.3048408239653,25.3459400985342,25.4178242679226,25.2997022573604
24.6243114319154,24.6863652356057,24.6553430497988,24.7535476535085,24.68119552596,24.68119552596,24.6760255545029,24.4275582848784,24.5725710861868,24.7328808471969,24.6450002255868,24.8671404277798,24.68119552596,24.7225458756109,24.7122098579989,24.6967038696157,24.6915346834782,24.5673956078683,24.593270373703,24.6708553211965,24.5570438632356,24.6243114319154,24.6553430497988,24.6087920833666,24.7122098579989,24.6501717687129,24.6553430497988,24.7018727940562,24.6501717687129,24.593270373703,24.5518675968447,24.2927184476639,24.4482870367845,24.5829212550199,24.5518675968447,24.5311599032229,24.6346563530609,24.5156263724707,24.6346563530609,24.6243114319154,24.6605140688826,24.6605140688826,24.5570438632356,24.6708553211965,24.5777463018912,24.7018727940562,24.7018727940562,24.6656848260024,24.7432147730614,24.6450002255868,24.7432147730614,24.7018727940562,24.7845400253874,24.7587137017957,24.6708553211965,24.7845400253874,24.7535476535085,24.7277134921382,24.7122098579989,24.7380479408253,24.7277134921382,24.7070414568379,24.5673956078683,24.588095945611,24.6501717687129,24.6553430497988,24.6656848260024,24.7328808471969,24.5570438632356,24.5725710861868,24.6294840235847,24.4120089523324,24.6967038696157,24.68119552596,24.6346563530609,24.5415142757223,24.6346563530609,24.6553430497988,24.6139654618445,24.4949113154483,24.525982322611,24.7277134921382,24.6967038696157,24.6915346834782,24.7173779975772,24.7638794888426,24.6553430497988,24.7587137017957,24.6398284203822,24.7483813439431,24.7070414568379,24.7173779975772,24.7070414568379,24.6243114319154,24.6346563530609,24.6346563530609,24.8051963851263,24.7173779975772,24.7225458756109,24.7328808471969,24.7380479408253,24.7277134921382,24.6967038696157,24.7070414568379,24.7638794888426,24.7328808471969,24.7380479408253,24.8155229994525,24.7122098579989,24.7070414568379,24.7018727940562,24.5363372209139,24.6656848260024,24.7793752829217,24.6450002255868,24.6708553211965,24.6398284203822,24.5829212550199,24.7018727940562,24.6553430497988,24.6605140688826,24.6243114319154,24.6605140688826,24.7535476535085,24.6398284203822,24.5311599032229,24.6605140688826,24.6605140688826,24.6656848260024,24.5673956078683,24.588095945611,24.6450002255868,24.588095945611,24.6605140688826,24.588095945611,24.5156263724707,24.5052693701856,24.5673956078683,24.525982322611,24.6139654618445,24.5673956078683,24.6398284203822,24.6656848260024,24.6553430497988,24.6605140688826,24.68119552596,24.6915346834782,24.7277134921382,24.7742102793675,24.6967038696157,24.68119552596,24.6708553211965,24.7173779975772,24.68119552596,24.7432147730614,24.7225458756109,24.7173779975772,24.7277134921382,24.5829212550199,24.6863652356057,24.6708553211965,24.7328808471969,24.6656848260024,24.6553430497988,24.6605140688826,24.6656848260024,24.5673956078683,24.6294840235847,24.6398284203822,24.5311599032229,24.593270373703,24.5725710861868,24.7070414568379,24.6450002255868,24.6450002255868,24.6605140688826,24.5570438632356,24.588095945611,24.5777463018912,24.5104480028654,24.6294840235847,24.5570438632356,24.5829212550199,24.5570438632356,24.6760255545029,24.6708553211965,24.6398284203822,24.5363372209139,24.6656848260024,24.7638794888426,24.5777463018912,24.5363372209139,24.5777463018912,24.5518675968447,24.6708553211965,24.68119552596,24.7225458756109,24.7380479408253,24.7742102793675,24.5000904743927,24.7277134921382,24.7432147730614,24.6915346834782,24.6760255545029,24.6398284203822,24.6450002255868,24.5725710861868,24.6656848260024,24.5829212550199,24.5829212550199,24.5777463018912,24.5000904743927,24.5673956078683,24.6501717687129,24.6036184425424,24.6760255545029,24.7483813439431,24.5725710861868,24.7070414568379,24.6656848260024,24.7018727940562,24.7070414568379,24.6605140688826,24.7432147730614,24.6656848260024,24.8774607869049,25.2791454175921,25.2894243522202,25.3305297988212,25.3048408239653,25.3202549803643,25.2534435750629,25.3202549803643,25.3151171854302,25.3151171854302,25.2174501739369,25.2945634334578,25.2842850136107,25.1968768433364,25.2534435750629
24.5000904743927,24.5000904743927,24.6191385780148,24.525982322611,24.6294840235847,24.6087920833666,24.5829212550199,24.7897045068028,24.5570438632356,24.6243114319154,24.6967038696157,24.7070414568379,24.6398284203822,24.6243114319154,24.7122098579989,24.6450002255868,24.6036184425424,24.6087920833666,24.6087920833666,24.5673956078683,24.6450002255868,24.6708553211965,24.6450002255868,24.5829212550199,24.5829212550199,24.4949113154483,24.598444539334,24.598444539334,24.593270373703,24.6191385780148,24.3809031634257,24.5311599032229,24.2823387496704,24.5363372209139,24.5570438632356,24.5415142757223,24.4845522079513,24.6346563530609,24.6553430497988,24.6553430497988,24.68119552596,24.5622198668973,24.5725710861868,24.5777463018912,24.6760255545029,24.7070414568379,24.7122098579989,24.7432147730614,24.6656848260024,24.598444539334,24.6243114319154,24.6450002255868,24.7380479408253,24.7328808471969,24.6605140688826,24.7535476535085,24.7638794888426,24.7742102793675,24.7535476535085,24.6967038696157,24.6863652356057,24.7122098579989,24.7070414568379,24.6087920833666,24.6398284203822,24.7535476535085,24.7432147730614,24.6346563530609,24.5363372209139,24.6656848260024,24.68119552596,24.6243114319154,24.6501717687129,24.6398284203822,24.6398284203822,24.6708553211965,24.5415142757223,24.6553430497988,24.588095945611,24.6656848260024,24.6656848260024,24.7793752829217,24.7070414568379,24.6243114319154,24.6605140688826,24.6036184425424,24.6191385780148,24.6450002255868,24.6863652356057,24.6605140688826,24.7483813439431,24.7535476535085,24.5415142757223,24.5622198668973,24.6398284203822,24.5570438632356,24.7380479408253,24.7380479408253,24.7432147730614,24.7018727940562,24.8929393729232,24.7587137017957,24.7225458756109,24.588095945611,24.7380479408253,24.86197985757,24.7173779975772,24.86197985757,24.8310109648659,24.8310109648659,24.5673956078683,24.6605140688826,24.68119552596,24.7432147730614,24.6760255545029,24.6450002255868,24.6605140688826,24.6346563530609,24.4741920473867,24.6191385780148,24.6346563530609,24.6450002255868,24.6398284203822,24.5673956078683,24.6553430497988,24.598444539334,24.6967038696157,24.7122098579989,24.6294840235847,24.5725710861868,24.6139654618445,24.6450002255868,24.6501717687129,24.5725710861868,24.598444539334,24.525982322611,24.4793722593216,24.5622198668973,24.6036184425424,24.6087920833666,24.68119552596,24.588095945611,24.6863652356057,24.6346563530609,24.7122098579989,24.6450002255868,24.6450002255868,24.7587137017957,24.7328808471969,24.6605140688826,24.6346563530609,24.68119552596,24.6760255545029,24.68119552596,24.7380479408253,24.5673956078683,24.6398284203822,24.6450002255868,24.6967038696157,24.5777463018912,24.6605140688826,24.6553430497988,24.6760255545029,24.6760255545029,24.6294840235847,24.5673956078683,24.6087920833666,24.5518675968447,24.6036184425424,24.6139654618445,24.6294840235847,24.6036184425424,24.6191385780148,24.6294840235847,24.6450002255868,24.6294840235847,24.5363372209139,24.4845522079513,24.4741920473867,24.4690115721079,24.4741920473867,24.5673956078683,24.5829212550199,24.6656848260024,24.6036184425424,24.6139654618445,24.5725710861868,24.6605140688826,24.7173779975772,24.6760255545029,24.6656848260024,24.6398284203822,24.6346563530609,24.6501717687129,24.6967038696157,24.7018727940562,24.8000326866343,24.8258485704877,24.6708553211965,24.6915346834782,24.6760255545029,24.6605140688826,24.7328808471969,24.6605140688826,24.7277134921382,24.7070414568379,24.6760255545029,24.5829212550199,24.5622198668973,24.588095945611,24.593270373703,24.6398284203822,24.6036184425424,24.7070414568379,24.6346563530609,24.6139654618445,24.593270373703,24.5518675968447,24.6863652356057,24.7173779975772,24.7018727940562,24.6450002255868,24.7070414568379,24.7483813439431,25.0063774992726,25.1711543738743,25.2945634334578,25.3921571255997,25.2842850136107,25.3202549803643,25.2688654531791,25.2997022573604,25.2637250847104,25.2637250847104,25.1608635787557,25.3562123467933,25.2174501739369,25.2534435750629,25.2277352917338,25.3099791333095
24.6605140688826,24.7328808471969,24.7380479408253,24.6656848260024,24.7277134921382,24.7070414568379,24.7225458756109,24.6243114319154,24.6708553211965,24.6553430497988,24.6501717687129,24.5208044790397,24.7690450146872,24.7070414568379,24.598444539334,24.598444539334,24.5777463018912,24.6087920833666,24.68119552596,24.525982322611,24.6450002255868,24.6398284203822,24.6605140688826,24.5518675968447,24.5777463018912,24.6398284203822,24.6139654618445,24.6553430497988,24.6501717687129,24.6294840235847,24.6346563530609,24.5829212550199,24.5363372209139,24.396457245529,24.5415142757223,24.5311599032229,24.4690115721079,24.6398284203822,24.6553430497988,24.6553430497988,24.6915346834782,24.6967038696157,24.6760255545029,24.7277134921382,24.6863652356057,24.7018727940562,24.6087920833666,24.7122098579989,24.598444539334,24.5415142757223,24.4327408682945,24.5415142757223,24.5363372209139,24.6346563530609,24.5725710861868,24.7535476535085,24.7483813439431,24.7070414568379,24.7690450146872,24.7122098579989,24.7432147730614,24.6656848260024,24.6346563530609,24.6501717687129,24.5311599032229,24.6915346834782,24.7070414568379,24.6915346834782,24.5518675968447,24.6036184425424,24.6450002255868,24.4793722593216,24.5311599032229,24.4068253139224,24.6553430497988,24.6036184425424,24.6346563530609,24.6191385780148,24.6398284203822,24.6294840235847,24.6656848260024,24.7277134921382,24.6967038696157,24.6346563530609,24.6553430497988,24.598444539334,24.6191385780148,24.6139654618445,24.6915346834782,24.6605140688826,24.7173779975772,24.6760255545029,24.6967038696157,24.6967038696157,24.6760255545029,24.6294840235847,24.8103598227198,24.8464965838976,24.7122098579989,24.6967038696157,24.7225458756109,24.7018727940562,24.7690450146872,24.6398284203822,24.5311599032229,24.7173779975772,24.7018727940562,24.7690450146872,24.7742102793675,24.8258485704877,24.6760255545029,24.7173779975772,24.7277134921382,24.7070414568379,24.6967038696157,24.7018727940562,24.68119552596,24.6243114319154,24.5673956078683,24.6139654618445,24.7483813439431,24.7018727940562,24.6191385780148,24.6346563530609,24.6294840235847,24.6708553211965,24.7122098579989,24.7328808471969,24.5466910676864,24.5725710861868,24.5673956078683,24.6191385780148,24.68119552596,24.6863652356057,24.6863652356057,24.5311599032229,24.4793722593216,24.6243114319154,24.6398284203822,24.6863652356057,24.588095945611,24.593270373703,24.598444539334,24.7535476535085,24.6346563530609,24.525982322611,24.525982322611,24.7225458756109,24.6346563530609,24.5156263724707,24.7638794888426,24.6243114319154,24.6553430497988,24.6501717687129,24.6191385780148,24.6398284203822,24.6656848260024,24.7070414568379,24.6863652356057,24.6760255545029,24.7225458756109,24.7070414568379,24.7380479408253,24.6605140688826,24.6863652356057,24.5829212550199,24.5156263724707,24.5777463018912,24.6294840235847,24.598444539334,24.5777463018912,24.5673956078683,24.5518675968447,24.5570438632356,24.5673956078683,24.525982322611,24.5208044790397,24.4897318933139,24.4741920473867,24.5466910676864,24.5622198668973,24.598444539334,24.6656848260024,24.6553430497988,24.5415142757223,24.5570438632356,24.6243114319154,24.5777463018912,24.7122098579989,24.6294840235847,24.6605140688826,24.6139654618445,24.6605140688826,24.6398284203822,24.7277134921382,24.7380479408253,24.8155229994525,24.86197985757,24.8103598227198,24.6605140688826,24.7742102793675,24.6036184425424,24.6967038696157,24.7122098579989,24.6294840235847,24.6605140688826,24.7225458756109,24.5466910676864,24.5673956078683,24.5052693701856,24.593270373703,24.7742102793675,24.598444539334,24.6243114319154,24.588095945611,24.6501717687129,24.6967038696157,24.5570438632356,24.6967038696157,24.7225458756109,24.7173779975772,24.6708553211965,24.7122098579989,25.0063774992726,25.1196900631945,25.1299849929454,25.2894243522202,25.2740055641272,25.2894243522202,25.2997022573604,25.2534435750629,25.2637250847104,25.2328774638867,25.2380193782588,25.3459400985342,25.2637250847104,25.2740055641272,25.2380193782588,25.3099791333095,25.3151171854302
24.9496741564303,24.6139654618445,24.7432147730614,24.7483813439431,24.7328808471969,24.7173779975772,24.7122098579989,24.7328808471969,24.6915346834782,24.6967038696157,24.6760255545029,24.6087920833666,24.7380479408253,24.5052693701856,24.6605140688826,24.6191385780148,24.6036184425424,24.6450002255868,24.6760255545029,24.6656848260024,24.525982322611,24.6191385780148,24.6294840235847,24.5000904743927,24.6398284203822,24.6708553211965,24.68119552596,24.7742102793675,24.7277134921382,24.6346563530609,24.6243114319154,24.6501717687129,24.5673956078683,24.5208044790397,24.5518675968447,24.5570438632356,24.3290390547373,24.525982322611,24.525982322611,24.5208044790397,24.4431052442089,24.3809031634257,24.417192326936,24.6087920833666,24.6708553211965,24.6967038696157,24.7432147730614,24.6243114319154,24.593270373703,24.6346563530609,24.588095945611,24.525982322611,24.4586498313649,24.593270373703,24.7277134921382,24.7432147730614,24.7587137017957,24.7277134921382,24.7225458756109,24.68119552596,24.6294840235847,24.7018727940562,24.6294840235847,24.6915346834782,24.7173779975772,24.6915346834782,24.6760255545029,24.6915346834782,24.6553430497988,24.6243114319154,24.525982322611,24.3912728154683,24.5208044790397,24.4327408682945,24.5208044790397,24.5518675968447,24.6553430497988,24.6708553211965,24.7432147730614,24.6243114319154,24.7173779975772,24.7432147730614,24.598444539334,24.6036184425424,24.6398284203822,24.7587137017957,24.6501717687129,24.6398284203822,24.6915346834782,24.7432147730614,24.6708553211965,24.6915346834782,24.7122098579989,24.6967038696157,24.7845400253874,24.7070414568379,24.6708553211965,24.7432147730614,24.8000326866343,24.7793752829217,24.7948687272058,24.7328808471969,24.7690450146872,24.6708553211965,24.5052693701856,24.6708553211965,24.68119552596,24.6346563530609,24.588095945611,24.6605140688826,24.6915346834782,24.6243114319154,24.6863652356057,24.6863652356057,24.8206859153626,24.7018727940562,24.6294840235847,24.7018727940562,24.593270373703,24.593270373703,24.593270373703,24.6708553211965,24.6139654618445,24.7122098579989,24.6915346834782,24.6760255545029,24.6553430497988,24.7277134921382,24.593270373703,24.5622198668973,24.6243114319154,24.7122098579989,24.598444539334,24.68119552596,24.5622198668973,24.6656848260024,24.6760255545029,24.6243114319154,24.6863652356057,24.7690450146872,24.6915346834782,24.6243114319154,24.68119552596,24.6760255545029,24.6501717687129,24.5208044790397,24.6087920833666,24.6760255545029,24.6915346834782,24.7018727940562,24.6450002255868,24.6243114319154,24.6760255545029,24.6863652356057,24.5829212550199,24.6450002255868,24.6708553211965,24.6553430497988,24.6760255545029,24.6863652356057,24.6863652356057,24.7225458756109,24.7122098579989,24.6036184425424,24.7173779975772,24.588095945611,24.5829212550199,24.6139654618445,24.5673956078683,24.5208044790397,24.5311599032229,24.525982322611,24.6398284203822,24.6450002255868,24.68119552596,24.525982322611,24.5518675968447,24.5570438632356,24.5000904743927,24.5725710861868,24.4793722593216,24.5673956078683,24.5466910676864,24.5415142757223,24.6501717687129,24.6346563530609,24.6243114319154,24.7173779975772,24.6501717687129,24.6501717687129,24.68119552596,24.7328808471969,24.6294840235847,24.6398284203822,24.8051963851263,24.836173098535,24.8258485704877,24.7897045068028,24.7690450146872,24.6450002255868,24.7948687272058,24.7535476535085,24.6967038696157,24.5725710861868,24.7277134921382,24.6243114319154,24.5829212550199,24.6915346834782,24.6553430497988,24.6191385780148,24.6708553211965,24.6450002255868,24.5829212550199,24.6450002255868,24.6191385780148,24.6346563530609,24.5725710861868,24.6294840235847,24.6760255545029,24.6346563530609,24.5829212550199,24.7535476535085,24.6863652356057,25.0012239478063,25.0733500742259,25.2740055641272,25.2740055641272,25.4383533655169,25.2945634334578,25.2534435750629,25.2431610348875,25.2740055641272,25.3202549803643,25.2894243522202,25.3202549803643,25.3356668224182,25.3356668224182,25.3356668224182,25.258584458684,25.3202549803643
24.7225458756109,24.7277134921382,24.7380479408253,24.7380479408253,24.7122098579989,24.7122098579989,24.7173779975772,24.7225458756109,24.7380479408253,24.7277134921382,24.6501717687129,24.6915346834782,24.6450002255868,24.525982322611,24.5725710861868,24.6036184425424,24.6036184425424,24.6139654618445,24.6605140688826,24.6760255545029,24.6656848260024,24.6656848260024,24.5311599032229,24.6708553211965,24.5311599032229,24.593270373703,24.6087920833666,24.6191385780148,24.6191385780148,24.4638308334468,24.6191385780148,24.6708553211965,24.6191385780148,24.5518675968447,24.4793722593216,24.5518675968447,24.5363372209139,24.3186630611374,24.5156263724707,24.5104480028654,24.2979078995965,24.5415142757223,24.5570438632356,24.5466910676864,24.5415142757223,24.6967038696157,24.68119552596,24.5570438632356,24.598444539334,24.588095945611,24.5622198668973,24.6243114319154,24.5725710861868,24.5777463018912,24.7380479408253,24.588095945611,24.6863652356057,24.6553430497988,24.5829212550199,24.6346563530609,24.7018727940562,24.6915346834782,24.7122098579989,24.6863652356057,24.7432147730614,24.6605140688826,24.7432147730614,24.5518675968447,24.5518675968447,24.5363372209139,24.4327408682945,24.4690115721079,24.4120089523324,24.4431052442089,24.5466910676864,24.6760255545029,24.7483813439431,24.7277134921382,24.8000326866343,24.7225458756109,24.6191385780148,24.7018727940562,24.6139654618445,24.593270373703,24.6139654618445,24.6863652356057,24.8310109648659,24.7018727940562,24.6708553211965,24.6501717687129,24.7122098579989,24.6501717687129,24.6501717687129,24.6760255545029,24.6036184425424,24.7432147730614,24.7535476535085,24.6760255545029,24.7742102793675,24.7173779975772,24.7277134921382,24.6191385780148,24.6967038696157,24.5156263724707,24.5311599032229,24.4327408682945,24.4793722593216,24.4845522079513,24.6398284203822,24.598444539334,24.6036184425424,24.598444539334,24.7328808471969,24.7277134921382,24.8155229994525,24.6346563530609,24.6243114319154,24.5363372209139,24.7587137017957,24.6139654618445,24.598444539334,24.6036184425424,24.7122098579989,24.6243114319154,24.6708553211965,24.7122098579989,24.6553430497988,24.6967038696157,24.5622198668973,24.5777463018912,24.5570438632356,24.7535476535085,24.6760255545029,24.7018727940562,24.6760255545029,24.5415142757223,24.5777463018912,24.68119552596,24.6760255545029,24.6139654618445,24.7638794888426,24.6656848260024,24.68119552596,24.6243114319154,24.6605140688826,24.5415142757223,24.6243114319154,24.7483813439431,24.7070414568379,24.5208044790397,24.7173779975772,24.6967038696157,24.6967038696157,24.6087920833666,24.598444539334,24.6087920833666,24.6760255545029,24.6346563530609,24.6708553211965,24.6656848260024,24.68119552596,24.5725710861868,24.4949113154483,24.5570438632356,24.5622198668973,24.4793722593216,24.525982322611,24.5208044790397,24.525982322611,24.5725710861868,24.5829212550199,24.5415142757223,24.6139654618445,24.6501717687129,24.5052693701856,24.4793722593216,24.5104480028654,24.4638308334468,24.525982322611,24.5777463018912,24.5052693701856,24.4741920473867,24.5725710861868,24.5570438632356,24.6087920833666,24.588095945611,24.593270373703,24.6346563530609,24.68119552596,24.6346563530609,24.6087920833666,24.6605140688826,24.6450002255868,24.7897045068028,24.6967038696157,24.7432147730614,24.836173098535,24.7742102793675,24.7897045068028,24.6553430497988,24.6605140688826,24.7070414568379,24.6398284203822,24.5725710861868,24.5829212550199,24.6139654618445,24.6191385780148,24.6294840235847,24.5466910676864,24.6139654618445,24.6087920833666,24.6036184425424,24.5363372209139,24.6346563530609,24.5725710861868,24.6294840235847,24.6501717687129,24.5725710861868,24.6656848260024,24.6708553211965,24.68119552596,24.7173779975772,24.7587137017957,24.8051963851263,25.0681998923707,25.2328774638867,25.3305297988212,25.2431610348875,25.2894243522202,25.2688654531791,25.325392518149,25.2431610348875,25.2174501739369,25.3048408239653,25.258584458684,25.3510763511273,25.2225928617629,25.3202549803643,25.325392518149,25.2688654531791
24.6243114319154,24.6243114319154,24.7277134921382,24.7018727940562,24.7328808471969,24.5570438632356,24.7122098579989,24.7277134921382,24.6656848260024,24.7070414568379,24.6139654618445,24.6036184425424,24.588095945611,24.7277134921382,24.7380479408253,24.6760255545029,24.6087920833666,24.6605140688826,24.6346563530609,24.6191385780148,24.6450002255868,24.5777463018912,24.6605140688826,24.5311599032229,24.5415142757223,24.6036184425424,24.6036184425424,24.6243114319154,24.4845522079513,24.5673956078683,24.6553430497988,24.6760255545029,24.593270373703,24.5518675968447,24.6501717687129,24.6191385780148,24.6501717687129,24.525982322611,24.5311599032229,24.6243114319154,24.525982322611,24.5156263724707,24.6398284203822,24.6656848260024,24.7328808471969,24.6294840235847,24.6139654618445,24.5052693701856,24.6450002255868,24.5725710861868,24.5052693701856,24.6708553211965,24.6605140688826,24.5363372209139,24.7070414568379,24.6708553211965,24.6605140688826,24.6605140688826,24.7535476535085,24.7483813439431,24.7897045068028,24.6967038696157,24.6553430497988,24.6708553211965,24.6967038696157,24.6036184425424,24.6346563530609,24.5518675968447,24.6760255545029,24.6398284203822,24.5415142757223,24.6191385780148,24.4638308334468,24.525982322611,24.6346563530609,24.6967038696157,24.6967038696157,24.7070414568379,24.7225458756109,24.6450002255868,24.6294840235847,24.598444539334,24.593270373703,24.6605140688826,24.8051963851263,24.6863652356057,24.7587137017957,24.7690450146872,24.6346563530609,24.6294840235847,24.6656848260024,24.6294840235847,24.6553430497988,24.6553430497988,24.6346563530609,24.7638794888426,24.7897045068028,24.7845400253874,24.7535476535085,24.7277134921382,24.7948687272058,24.7845400253874,24.6191385780148,24.6398284203822,24.417192326936,24.396457245529,24.4223754377718,24.3549744119754,24.6036184425424,24.6605140688826,24.6243114319154,24.5363372209139,24.5777463018912,24.6708553211965,24.6863652356057,24.7328808471969,24.5000904743927,24.4638308334468,24.593270373703,24.6036184425424,24.5725710861868,24.5829212550199,24.5673956078683,24.588095945611,24.6398284203822,24.7225458756109,24.7018727940562,24.7328808471969,24.68119552596,24.6760255545029,24.7173779975772,24.836173098535,24.7432147730614,24.7690450146872,24.7173779975772,24.5673956078683,24.6760255545029,24.6605140688826,24.6398284203822,24.6708553211965,24.6760255545029,24.6553430497988,24.6863652356057,24.6501717687129,24.5466910676864,24.5518675968447,24.6087920833666,24.593270373703,24.7070414568379,24.6501717687129,24.6450002255868,24.6760255545029,24.6605140688826,24.6501717687129,24.6501717687129,24.6294840235847,24.7328808471969,24.593270373703,24.6501717687129,24.5363372209139,24.6553430497988,24.6863652356057,24.6243114319154,24.588095945611,24.5777463018912,24.6139654618445,24.6191385780148,24.6036184425424,24.7122098579989,24.5673956078683,24.6450002255868,24.6450002255868,24.525982322611,24.6553430497988,24.6450002255868,24.5052693701856,24.4690115721079,24.5777463018912,24.588095945611,24.5829212550199,24.588095945611,24.6294840235847,24.5673956078683,24.588095945611,24.6087920833666,24.6139654618445,24.5466910676864,24.6398284203822,24.6656848260024,24.6036184425424,24.6450002255868,24.6450002255868,24.7587137017957,24.7380479408253,24.6915346834782,24.7328808471969,24.8155229994525,24.6863652356057,24.7948687272058,24.6501717687129,24.6605140688826,24.6708553211965,24.5777463018912,24.6139654618445,24.593270373703,24.6346563530609,24.6191385780148,24.7018727940562,24.5518675968447,24.6294840235847,24.5466910676864,24.588095945611,24.5829212550199,24.598444539334,24.5725710861868,24.68119552596,24.5725710861868,24.588095945611,24.6243114319154,24.6139654618445,24.588095945611,24.6346563530609,24.6346563530609,24.7742102793675,24.8826205758957,25.2328774638867,25.3099791333095,25.1814441360816,25.1608635787557,25.2071640245704,25.2534435750629,25.2688654531791,25.2380193782588,25.2431610348875,25.3356668224182,25.2740055641272,25.2123072282184,25.3202549803643,25.3099791333095,25.2637250847104
24.5104480028654,24.5000904743927,24.68119552596,24.5570438632356,24.6294840235847,24.7122098579989,24.6243114319154,24.7225458756109,24.7018727940562,24.7018727940562,24.7070414568379,24.7277134921382,24.7277134921382,24.7173779975772,24.6915346834782,24.7070414568379,24.6553430497988,24.593270373703,24.588095945611,24.6708553211965,24.6139654618445,24.6708553211965,24.5829212550199,24.6656848260024,24.6760255545029,24.525982322611,24.6036184425424,24.598444539334,24.6191385780148,24.6346563530609,24.68119552596,24.6501717687129,24.6708553211965,24.588095945611,24.4845522079513,24.6656848260024,24.5829212550199,24.588095945611,24.6501717687129,24.6656848260024,24.6656848260024,24.6605140688826,24.5208044790397,24.6501717687129,24.5466910676864,24.6605140688826,24.6398284203822,24.6294840235847,24.6450002255868,24.7070414568379,24.5777463018912,24.6501717687129,24.836173098535,24.68119552596,24.7948687272058,24.6863652356057,24.7328808471969,24.7845400253874,24.7277134921382,24.6760255545029,24.8103598227198,24.6708553211965,24.6605140688826,24.6863652356057,24.7277134921382,24.7328808471969,24.7277134921382,24.598444539334,24.6501717687129,24.7483813439431,24.4534685658236,24.4845522079513,24.588095945611,24.5311599032229,24.5829212550199,24.6501717687129,24.7173779975772,24.7638794888426,24.7432147730614,24.6760255545029,24.6760255545029,24.598444539334,24.6656848260024,24.7018727940562,24.7122098579989,24.8000326866343,24.7122098579989,24.6243114319154,24.6450002255868,24.6915346834782,24.6450002255868,24.7328808471969,24.7845400253874,24.7690450146872,24.6450002255868,24.7483813439431,24.7380479408253,24.7793752829217,24.7328808471969,24.7948687272058,24.8000326866343,24.8051963851263,24.8155229994525,24.5725710861868,24.598444539334,24.4534685658236,24.4120089523324,24.4741920473867,24.6294840235847,24.4327408682945,24.5725710861868,24.6398284203822,24.6191385780148,24.6346563530609,24.7948687272058,24.7845400253874,24.6450002255868,24.4793722593216,24.5104480028654,24.5052693701856,24.598444539334,24.6243114319154,24.5725710861868,24.6915346834782,24.6501717687129,24.7070414568379,24.68119552596,24.6656848260024,24.6915346834782,24.7018727940562,24.7122098579989,24.7432147730614,24.8877801045559,24.7432147730614,24.6656848260024,24.6501717687129,24.5673956078683,24.6398284203822,24.7018727940562,24.6398284203822,24.6656848260024,24.6553430497988,24.6708553211965,24.7018727940562,24.6036184425424,24.6656848260024,24.6708553211965,24.6760255545029,24.6398284203822,24.7018727940562,24.6863652356057,24.7122098579989,24.593270373703,24.6501717687129,24.7122098579989,24.6087920833666,24.5311599032229,24.5673956078683,24.5673956078683,24.6501717687129,24.5466910676864,24.6139654618445,24.6191385780148,24.588095945611,24.598444539334,24.7122098579989,24.6553430497988,24.7070414568379,24.6708553211965,24.6294840235847,24.5725710861868,24.6346563530609,24.6760255545029,24.6243114319154,24.5415142757223,24.525982322611,24.5673956078683,24.5673956078683,24.5156263724707,24.7173779975772,24.6863652356057,24.6863652356057,24.588095945611,24.5777463018912,24.6243114319154,24.5622198668973,24.5777463018912,24.6553430497988,24.6915346834782,24.6708553211965,24.6450002255868,24.6501717687129,24.7690450146872,24.7793752829217,24.7793752829217,24.8258485704877,24.6915346834782,24.6501717687129,24.6967038696157,24.7277134921382,24.6915346834782,24.5570438632356,24.7122098579989,24.6398284203822,24.6294840235847,24.6036184425424,24.6346563530609,24.7432147730614,24.7690450146872,24.5777463018912,24.7018727940562,24.6087920833666,24.6036184425424,24.598444539334,24.6294840235847,24.5777463018912,24.6398284203822,24.6087920833666,24.6967038696157,24.7122098579989,24.5777463018912,24.7277134921382,24.6708553211965,24.7587137017957,24.8671404277798,25.2380193782588,25.325392518149,25.2174501739369,25.3202549803643,25.2945634334578,25.2637250847104,25.2431610348875,25.2740055641272,25.2637250847104,25.2534435750629,25.2071640245704,25.258584458684,25.2791454175921,25.2483024338098,25.325392518149
24.7277134921382,24.6398284203822,24.6501717687129,24.6139654618445,24.6656848260024,24.6656848260024,24.6036184425424,24.6915346834782,24.6708553211965,24.6346563530609,24.6346563530609,24.6863652356057,24.5777463018912,24.68119552596,24.7070414568379,24.7018727940562,24.6553430497988,24.6760255545029,24.6605140688826,24.7690450146872,24.6605140688826,24.6708553211965,24.5673956078683,24.5518675968447,24.5208044790397,24.6501717687129,24.6191385780148,24.6553430497988,24.6605140688826,24.6398284203822,24.6863652356057,24.7070414568379,24.6450002255868,24.6760255545029,24.6760255545029,24.6450002255868,24.5777463018912,24.5725710861868,24.5725710861868,24.68119552596,24.6915346834782,24.6708553211965,24.5622198668973,24.6501717687129,24.6605140688826,24.6553430497988,24.5363372209139,24.6708553211965,24.588095945611,24.6708553211965,24.5000904743927,24.6191385780148,24.6450002255868,24.5363372209139,24.7277134921382,24.8258485704877,24.6553430497988,24.7070414568379,24.7225458756109,24.7535476535085,24.8000326866343,24.7638794888426,24.6398284203822,24.6760255545029,24.6605140688826,24.6346563530609,24.5725710861868,24.525982322611,24.5415142757223,24.6243114319154,24.588095945611,24.5311599032229,24.5415142757223,24.5725710861868,24.6346563530609,24.6915346834782,24.6450002255868,24.588095945611,24.68119552596,24.6398284203822,24.6294840235847,24.4897318933139,24.5829212550199,24.6915346834782,24.6915346834782,24.7845400253874,24.7535476535085,24.7948687272058,24.6863652356057,24.7173779975772,24.68119552596,24.6605140688826,24.6553430497988,24.6760255545029,24.7070414568379,24.68119552596,24.6863652356057,24.7742102793675,24.7173779975772,24.7225458756109,24.7328808471969,24.8310109648659,24.6656848260024,24.7173779975772,24.4534685658236,24.4534685658236,24.525982322611,24.5829212550199,24.588095945611,24.6139654618445,24.6191385780148,24.6191385780148,24.6243114319154,24.6398284203822,24.7483813439431,24.6708553211965,24.5673956078683,24.4586498313649,24.6087920833666,24.5000904743927,24.6243114319154,24.6346563530609,24.6605140688826,24.6967038696157,24.6398284203822,24.6708553211965,24.5570438632356,24.6294840235847,24.6967038696157,24.7018727940562,24.7173779975772,24.7070414568379,24.6915346834782,24.7277134921382,24.6656848260024,24.6863652356057,24.6760255545029,24.5415142757223,24.7018727940562,24.6553430497988,24.8155229994525,24.6450002255868,24.8155229994525,24.7122098579989,24.6501717687129,24.6139654618445,24.6656848260024,24.6191385780148,24.6760255545029,24.7070414568379,24.68119552596,24.6967038696157,24.593270373703,24.5829212550199,24.6967038696157,24.6708553211965,24.6191385780148,24.5415142757223,24.588095945611,24.6087920833666,24.6243114319154,24.6656848260024,24.6346563530609,24.6501717687129,24.6398284203822,24.6760255545029,24.7122098579989,24.7432147730614,24.7380479408253,24.7277134921382,24.6553430497988,24.5311599032229,24.6553430497988,24.5311599032229,24.6708553211965,24.6708553211965,24.6708553211965,24.6139654618445,24.6243114319154,24.6139654618445,24.6087920833666,24.588095945611,24.5777463018912,24.5104480028654,24.5777463018912,24.5622198668973,24.5777463018912,24.5673956078683,24.6605140688826,24.6656848260024,24.7225458756109,24.7328808471969,24.7122098579989,24.7638794888426,24.7845400253874,24.7638794888426,24.7225458756109,24.6760255545029,24.7173779975772,24.7225458756109,24.7638794888426,24.6967038696157,24.6036184425424,24.5725710861868,24.593270373703,24.6605140688826,24.6036184425424,24.6553430497988,24.7845400253874,24.7638794888426,24.7277134921382,24.6139654618445,24.6501717687129,24.7122098579989,24.6398284203822,24.6036184425424,24.6139654618445,24.6243114319154,24.6036184425424,24.7122098579989,24.6501717687129,24.6760255545029,24.7173779975772,24.6863652356057,24.9806071469274,25.2123072282184,25.2483024338098,25.3202549803643,25.4280893294658,25.2431610348875,25.2842850136107,25.2020205629554,25.3048408239653,25.3305297988212,25.3151171854302,25.3716187925976,25.2945634334578,25.3202549803643,25.2945634334578,25.4434849990752
24.5777463018912,24.588095945611,24.5725710861868,24.5052693701856,24.5777463018912,24.6708553211965,24.6708553211965,24.5725710861868,24.6863652356057,24.68119552596,24.5829212550199,24.6294840235847,24.598444539334,24.5777463018912,24.593270373703,24.7070414568379,24.6656848260024,24.6760255545029,24.5104480028654,24.6139654618445,24.6139654618445,24.6191385780148,24.6191385780148,24.5311599032229,24.6708553211965,24.6708553211965,24.7742102793675,24.6760255545029,24.6501717687129,24.7587137017957,24.5777463018912,24.7587137017957,24.7432147730614,24.68119552596,24.6605140688826,24.6087920833666,24.6760255545029,24.6294840235847,24.6501717687129,24.7070414568379,24.6656848260024,24.6501717687129,24.5673956078683,24.5208044790397,24.598444539334,24.6087920833666,24.6915346834782,24.6863652356057,24.7380479408253,24.7277134921382,24.7122098579989,24.6139654618445,24.6398284203822,24.6139654618445,24.6450002255868,24.7328808471969,24.6605140688826,24.6708553211965,24.6863652356057,24.7638794888426,24.7587137017957,24.6243114319154,24.598444539334,24.6346563530609,24.6450002255868,24.6553430497988,24.6760255545029,24.6450002255868,24.588095945611,24.5415142757223,24.6087920833666,24.5311599032229,24.4690115721079,24.4897318933139,24.6191385780148,24.588095945611,24.6450002255868,24.6605140688826,24.7690450146872,24.7380479408253,24.7535476535085,24.6605140688826,24.7535476535085,24.7328808471969,24.7018727940562,24.7845400253874,24.7483813439431,24.8051963851263,24.7587137017957,24.7535476535085,24.7432147730614,24.7122098579989,24.7380479408253,24.7380479408253,24.7535476535085,24.7225458756109,24.7122098579989,24.7173779975772,24.8413349715329,24.8568190268782,24.8413349715329,24.6863652356057,24.7225458756109,24.68119552596,24.6450002255868,24.6915346834782,24.6036184425424,24.525982322611,24.7122098579989,24.6294840235847,24.5156263724707,24.7432147730614,24.598444539334,24.7432147730614,24.6605140688826,24.6553430497988,24.5156263724707,24.4741920473867,24.5570438632356,24.5673956078683,24.7122098579989,24.68119552596,24.6605140688826,24.6915346834782,24.6450002255868,24.68119552596,24.6656848260024,24.7845400253874,24.6656848260024,24.7535476535085,24.7690450146872,24.7432147730614,24.7690450146872,24.7277134921382,24.6863652356057,24.6915346834782,24.6605140688826,24.5415142757223,24.6967038696157,24.7380479408253,24.6553430497988,24.68119552596,24.6863652356057,24.8000326866343,24.7122098579989,24.6087920833666,24.6191385780148,24.6760255545029,24.598444539334,24.5829212550199,24.6398284203822,24.6294840235847,24.6346563530609,24.68119552596,24.6450002255868,24.6501717687129,24.593270373703,24.6139654618445,24.6605140688826,24.5311599032229,24.5777463018912,24.4223754377718,24.593270373703,24.6605140688826,24.6087920833666,24.6915346834782,24.6708553211965,24.6087920833666,24.7277134921382,24.6760255545029,24.6191385780148,24.6036184425424,24.5777463018912,24.5363372209139,24.6294840235847,24.6656848260024,24.5725710861868,24.6760255545029,24.5673956078683,24.6087920833666,24.5725710861868,24.5725710861868,24.5673956078683,24.5311599032229,24.5725710861868,24.68119552596,24.5777463018912,24.6760255545029,24.6294840235847,24.6553430497988,24.7948687272058,24.7587137017957,24.7690450146872,24.8310109648659,24.7638794888426,24.9084156166453,24.7483813439431,24.7277134921382,24.6863652356057,24.6708553211965,24.6967038696157,24.6553430497988,24.7122098579989,24.6553430497988,24.6863652356057,24.6863652356057,24.6243114319154,24.7432147730614,24.6553430497988,24.7328808471969,24.6398284203822,24.598444539334,24.68119552596,24.6036184425424,24.6863652356057,24.6605140688826,24.6708553211965,24.6450002255868,24.7070414568379,24.7277134921382,24.6708553211965,24.6243114319154,24.7483813439431,24.7690450146872,24.8568190268782,25.0939482126385,25.3408035889768,25.3048408239653,25.3921571255997,25.3562123467933,25.3510763511273,25.325392518149,25.2534435750629,25.3151171854302,25.2688654531791,25.2842850136107,25.2637250847104,25.2791454175921,25.2945634334578,25.3202549803643
24.5156263724707,24.6191385780148,24.6294840235847,24.6346563530609,24.6398284203822,24.6708553211965,24.6708553211965,24.6553430497988,24.6760255545029,24.68119552596,24.8206859153626,24.7070414568379,24.6708553211965,24.6243114319154,24.6760255545029,24.6656848260024,24.7018727940562,24.6656848260024,24.6967038696157,24.6139654618445,24.5829212550199,24.6501717687129,24.6915346834782,24.6139654618445,24.7070414568379,24.7432147730614,24.7793752829217,24.6915346834782,24.6036184425424,24.7535476535085,24.7535476535085,24.6294840235847,24.7328808471969,24.7225458756109,24.6501717687129,24.6967038696157,24.7587137017957,24.6036184425424,24.6915346834782,24.7793752829217,24.7328808471969,24.7070414568379,24.7018727940562,24.6087920833666,24.6967038696157,24.7277134921382,24.7690450146872,24.8051963851263,24.7432147730614,24.7173779975772,24.7277134921382,24.7483813439431,24.68119552596,24.6656848260024,24.7432147730614,24.7948687272058,24.7587137017957,24.8464965838976,24.7742102793675,24.8000326866343,24.7638794888426,24.7070414568379,24.6243114319154,24.7122098579989,24.8826205758957,24.7328808471969,24.6501717687129,24.588095945611,24.6294840235847,24.6191385780148,24.593270373703,24.593270373703,24.593270373703,24.598444539334,24.5570438632356,24.6450002255868,24.6501717687129,24.6708553211965,24.6863652356057,24.7328808471969,24.6708553211965,24.7690450146872,24.7483813439431,24.7432147730614,24.7070414568379,24.7070414568379,24.7742102793675,24.7845400253874,24.6346563530609,24.7845400253874,24.8929393729232,24.8310109648659,24.8206859153626,24.7690450146872,24.7277134921382,24.6967038696157,24.7173779975772,24.7328808471969,24.7587137017957,24.7638794888426,24.8413349715329,24.7793752829217,24.7432147730614,24.7793752829217,24.7173779975772,24.6243114319154,24.6398284203822,24.6294840235847,24.7380479408253,24.7483813439431,24.5518675968447,24.7432147730614,24.6708553211965,24.7277134921382,24.6967038696157,24.598444539334,24.4897318933139,24.5518675968447,24.6243114319154,24.5518675968447,24.6760255545029,24.6760255545029,24.6915346834782,24.7845400253874,24.7225458756109,24.8051963851263,24.7277134921382,24.8103598227198,24.7742102793675,24.836173098535,24.8413349715329,24.7380479408253,24.7380479408253,24.6967038696157,24.7535476535085,24.68119552596,24.8155229994525,24.593270373703,24.6294840235847,24.6087920833666,24.6501717687129,24.6760255545029,24.7070414568379,24.8258485704877,24.6915346834782,24.7225458756109,24.7535476535085,24.6553430497988,24.7070414568379,24.7535476535085,24.7587137017957,24.7173779975772,24.6450002255868,24.7173779975772,24.7690450146872,24.68119552596,24.6243114319154,24.5725710861868,24.6036184425424,24.6294840235847,24.6346563530609,24.5466910676864,24.6656848260024,24.6656848260024,24.7328808471969,24.6553430497988,24.7225458756109,24.7535476535085,24.7070414568379,24.6708553211965,24.598444539334,24.4638308334468,24.6139654618445,24.7070414568379,24.7897045068028,24.68119552596,24.6605140688826,24.5518675968447,24.5829212550199,24.593270373703,24.6346563530609,24.6346563530609,24.598444539334,24.5415142757223,24.5829212550199,24.5466910676864,24.5466910676864,24.7483813439431,24.6708553211965,24.7535476535085,24.8155229994525,24.7948687272058,24.8051963851263,24.8929393729232,24.86197985757,24.8774607869049,24.7483813439431,24.7225458756109,24.6760255545029,24.6243114319154,24.6346563530609,24.6191385780148,24.7277134921382,24.6915346834782,24.7432147730614,24.6450002255868,24.5777463018912,24.7122098579989,24.6760255545029,24.7225458756109,24.6605140688826,24.68119552596,24.6967038696157,24.7638794888426,24.5673956078683,24.8413349715329,24.7328808471969,24.6967038696157,24.7225458756109,24.7018727940562,24.7122098579989,24.7225458756109,24.6605140688826,24.7070414568379,24.86197985757,25.2174501739369,25.2380193782588,25.2534435750629,25.3356668224182,25.3356668224182,25.4280893294658,25.2637250847104,25.3408035889768,25.3151171854302,25.3202549803643,25.2637250847104,25.3510763511273,25.2894243522202,25.4126913524992,25.4075581805922
24.8877801045559,24.6243114319154,24.6243114319154,24.6346563530609,24.6553430497988,24.7018727940562,24.6760255545029,24.6450002255868,24.7018727940562,24.6760255545029,24.6708553211965,24.7948687272058,24.6967038696157,24.7018727940562,24.7070414568379,24.5622198668973,24.7070414568379,24.6915346834782,24.6553430497988,24.7173779975772,24.6087920833666,24.6139654618445,24.6915346834782,24.6139654618445,24.6708553211965,24.7070414568379,24.6967038696157,24.7070414568379,24.6760255545029,24.6863652356057,24.7122098579989,24.7483813439431,24.7638794888426,24.8206859153626,24.8258485704877,24.7328808471969,24.6915346834782,24.7380479408253,24.7535476535085,24.6501717687129,24.6139654618445,24.7173779975772,24.6450002255868,24.4638308334468,24.6243114319154,24.7225458756109,24.7690450146872,24.7742102793675,24.8155229994525,24.7328808471969,24.5725710861868,24.7380479408253,24.7173779975772,24.68119552596,24.7432147730614,24.836173098535,24.7225458756109,24.7690450146872,24.8051963851263,24.8206859153626,24.8051963851263,24.7638794888426,24.7173779975772,24.6294840235847,24.7793752829217,24.7742102793675,24.68119552596,24.6294840235847,24.6553430497988,24.6139654618445,24.6036184425424,24.598444539334,24.6294840235847,24.6243114319154,24.68119552596,24.6656848260024,24.6294840235847,24.6760255545029,24.588095945611,24.6967038696157,24.6760255545029,24.7018727940562,24.7638794888426,24.7328808471969,24.7122098579989,24.7070414568379,24.7948687272058,24.6863652356057,24.6863652356057,24.7587137017957,24.7897045068028,24.8258485704877,24.7483813439431,24.7793752829217,24.8051963851263,24.7018727940562,24.7122098579989,24.7742102793675,24.8516579356668,24.7638794888426,24.8516579356668,24.8258485704877,24.7173779975772,24.7638794888426,24.7173779975772,24.6915346834782,24.7328808471969,24.6139654618445,24.6346563530609,24.598444539334,24.7122098579989,24.6501717687129,24.6708553211965,24.7225458756109,24.6656848260024,24.5777463018912,24.6967038696157,24.6036184425424,24.5518675968447,24.5000904743927,24.6243114319154,24.6605140688826,24.7122098579989,24.7277134921382,24.7018727940562,24.8155229994525,24.6863652356057,24.7380479408253,24.6708553211965,24.7535476535085,24.836173098535,24.7587137017957,24.7432147730614,24.7018727940562,24.7690450146872,24.7122098579989,24.7173779975772,24.6605140688826,24.7070414568379,24.6398284203822,24.7277134921382,24.6967038696157,24.8155229994525,24.6605140688826,24.6760255545029,24.7225458756109,24.7018727940562,24.68119552596,24.68119552596,24.6863652356057,24.6967038696157,24.7380479408253,24.8000326866343,24.8568190268782,24.8155229994525,24.7690450146872,24.7122098579989,24.7173779975772,24.6501717687129,24.5518675968447,24.7535476535085,24.6656848260024,24.6553430497988,24.5415142757223,24.6398284203822,24.6605140688826,24.7328808471969,24.7638794888426,24.6708553211965,24.6760255545029,24.6967038696157,24.6863652356057,24.6760255545029,24.7690450146872,24.7587137017957,24.6398284203822,24.598444539334,24.5104480028654,24.6191385780148,24.6036184425424,24.6087920833666,24.6553430497988,24.6346563530609,24.6191385780148,24.593270373703,24.5363372209139,24.7018727940562,24.7070414568379,24.7897045068028,24.8258485704877,24.8155229994525,24.8310109648659,24.7793752829217,24.8516579356668,24.8310109648659,24.9084156166453,24.8723007375455,24.7690450146872,24.8051963851263,24.7432147730614,24.7070414568379,24.68119552596,24.6656848260024,24.6553430497988,24.6553430497988,24.6553430497988,24.6450002255868,24.6708553211965,24.6915346834782,24.6863652356057,24.6915346834782,24.7018727940562,24.6605140688826,24.6915346834782,24.6346563530609,24.7432147730614,24.7225458756109,24.7277134921382,24.7070414568379,24.6967038696157,24.7173779975772,24.6191385780148,24.6346563530609,24.7225458756109,24.8568190268782,25.0784999971428,25.3613480855689,25.2842850136107,25.325392518149,25.2842850136107,25.3099791333095,25.3716187925976,25.3972910671794,25.3818884725093,25.3562123467933,25.3408035889768,25.5255563093646,25.3870229273887,25.3459400985342,25.3305297988212
24.6139654618445,24.6553430497988,24.7535476535085,24.6605140688826,24.6243114319154,24.4845522079513,24.6863652356057,24.68119552596,24.5466910676864,24.5673956078683,24.598444539334,24.7122098579989,24.593270373703,24.5725710861868,24.6450002255868,24.6656848260024,24.6553430497988,24.7380479408253,24.7018727940562,24.7070414568379,24.6346563530609,24.6398284203822,24.6087920833666,24.68119552596,24.6346563530609,24.6553430497988,24.6708553211965,24.7328808471969,24.7483813439431,24.5570438632356,24.68119552596,24.68119552596,24.6553430497988,24.68119552596,24.7122098579989,24.7122098579989,24.6760255545029,24.6087920833666,24.7483813439431,24.6656848260024,24.5466910676864,24.6863652356057,24.6346563530609,24.7018727940562,24.6087920833666,24.7122098579989,24.7070414568379,24.6967038696157,24.6656848260024,24.7225458756109,24.7432147730614,24.7070414568379,24.6967038696157,24.5673956078683,24.6967038696157,24.6915346834782,24.7587137017957,24.7793752829217,24.7897045068028,24.7845400253874,24.7638794888426,24.7690450146872,24.7742102793675,24.6139654618445,24.6605140688826,24.7173779975772,24.6863652356057,24.6398284203822,24.6863652356057,24.6087920833666,24.7070414568379,24.6398284203822,24.68119552596,24.7122098579989,24.6553430497988,24.6294840235847,24.7277134921382,24.7432147730614,24.6760255545029,24.7483813439431,24.7432147730614,24.7380479408253,24.598444539334,24.7432147730614,24.7277134921382,24.7328808471969,24.7638794888426,24.7793752829217,24.8155229994525,24.7793752829217,24.7845400253874,24.8464965838976,24.7793752829217,24.8000326866343,24.7587137017957,24.7225458756109,24.7225458756109,24.7535476535085,24.8310109648659,24.8000326866343,24.7845400253874,24.7638794888426,24.7380479408253,24.7483813439431,24.7328808471969,24.7173779975772,24.7380479408253,24.7122098579989,24.6656848260024,24.6398284203822,24.6501717687129,24.8310109648659,24.6915346834782,24.6760255545029,24.7277134921382,24.5829212550199,24.6398284203822,24.6294840235847,24.6243114319154,24.6243114319154,24.6139654618445,24.7070414568379,24.6036184425424,24.7070414568379,24.7277134921382,24.7328808471969,24.7432147730614,24.7638794888426,24.8258485704877,24.7897045068028,24.7690450146872,24.7277134921382,24.7845400253874,24.7173779975772,24.7018727940562,24.7690450146872,24.6036184425424,24.6243114319154,24.7742102793675,24.8051963851263,24.8000326866343,24.7432147730614,24.8568190268782,24.7380479408253,24.7690450146872,24.7225458756109,24.6863652356057,24.7018727940562,24.7122098579989,24.6967038696157,24.7638794888426,24.7328808471969,24.7432147730614,24.7380479408253,24.7277134921382,24.6967038696157,24.7277134921382,24.5673956078683,24.6450002255868,24.5518675968447,24.7018727940562,24.6087920833666,24.5415142757223,24.5518675968447,24.6605140688826,24.6553430497988,24.6553430497988,24.7483813439431,24.68119552596,24.6605140688826,24.7018727940562,24.6294840235847,24.6553430497988,24.6346563530609,24.6708553211965,24.6708553211965,24.7070414568379,24.6915346834782,24.5673956078683,24.5415142757223,24.5518675968447,24.6243114319154,24.6294840235847,24.6191385780148,24.6967038696157,24.6656848260024,24.5311599032229,24.5829212550199,24.7587137017957,24.7897045068028,24.836173098535,24.8413349715329,24.7845400253874,24.9084156166453,24.954830304227,24.836173098535,24.7948687272058,24.7328808471969,24.68119552596,24.6656848260024,24.6760255545029,24.6863652356057,24.6294840235847,24.588095945611,24.6036184425424,24.6501717687129,24.6243114319154,24.7277134921382,24.7690450146872,24.6967038696157,24.6967038696157,24.7070414568379,24.6967038696157,24.7122098579989,24.68119552596,24.7587137017957,24.7173779975772,24.7122098579989,24.8206859153626,24.8258485704877,24.7122098579989,24.7173779975772,24.6087920833666,24.6605140688826,24.8568190268782,25.0475965748176,25.3305297988212,25.2123072282184,25.3818884725093,25.3202549803643,25.3305297988212,25.2894243522202,25.2894243522202,25.2534435750629,25.2740055641272,25.2842850136107,25.3767537609245,25.2842850136107,25.2894243522202,25.2894243522202
24.598444539334,24.6243114319154,24.7070414568379,24.6294840235847,24.4793722593216,24.6967038696157,24.6191385780148,24.6036184425424,24.598444539334,24.6605140688826,24.6967038696157,24.7483813439431,24.6915346834782,24.7122098579989,24.6708553211965,24.6243114319154,24.5415142757223,24.7070414568379,24.7070414568379,24.68119552596,24.5829212550199,24.6398284203822,24.7432147730614,24.6553430497988,24.7122098579989,24.6605140688826,24.6708553211965,24.7535476535085,24.6863652356057,24.7018727940562,24.6915346834782,24.6915346834782,24.7173779975772,24.8258485704877,24.8258485704877,24.8103598227198,24.8051963851263,24.6346563530609,24.6863652356057,24.6605140688826,24.6346563530609,24.6605140688826,24.7070414568379,24.6760255545029,24.6553430497988,24.6191385780148,24.68119552596,24.7122098579989,24.6087920833666,24.598444539334,24.7277134921382,24.6967038696157,24.68119552596,24.6915346834782,24.7277134921382,24.6967038696157,24.836173098535,24.7742102793675,24.7690450146872,24.86197985757,24.7638794888426,24.7948687272058,24.7897045068028,24.7690450146872,24.7690450146872,24.7587137017957,24.7432147730614,24.7535476535085,24.6863652356057,24.6967038696157,24.7018727940562,24.7225458756109,24.7328808471969,24.7018727940562,24.6191385780148,24.6915346834782,24.6708553211965,24.7018727940562,24.7483813439431,24.6967038696157,24.7122098579989,24.7638794888426,24.7690450146872,24.6191385780148,24.6191385780148,24.6708553211965,24.7122098579989,24.7018727940562,24.7845400253874,24.7173779975772,24.8000326866343,24.7277134921382,24.7432147730614,24.7742102793675,24.8000326866343,24.7845400253874,24.7535476535085,24.7742102793675,24.7483813439431,24.9135738442187,24.7587137017957,24.8000326866343,24.7742102793675,24.7483813439431,24.8155229994525,24.7483813439431,24.7638794888426,24.7225458756109,24.6605140688826,24.7483813439431,24.7587137017957,24.7483813439431,24.7690450146872,24.6967038696157,24.5777463018912,24.6553430497988,24.5311599032229,24.6243114319154,24.6346563530609,24.6191385780148,24.6863652356057,24.7483813439431,24.6036184425424,24.6346563530609,24.598444539334,24.7122098579989,24.7432147730614,24.6967038696157,24.8310109648659,24.8051963851263,24.7897045068028,24.7328808471969,24.7483813439431,24.7225458756109,24.7173779975772,24.7122098579989,24.7690450146872,24.6450002255868,24.7638794888426,24.7742102793675,24.593270373703,24.7742102793675,24.8155229994525,24.8258485704877,24.7380479408253,24.7225458756109,24.7380479408253,24.7587137017957,24.7432147730614,24.6501717687129,24.7018727940562,24.8051963851263,24.7173779975772,24.7793752829217,24.7845400253874,24.7742102793675,24.7690450146872,24.6967038696157,24.6294840235847,24.6501717687129,24.6450002255868,24.6398284203822,24.5725710861868,24.6553430497988,24.6450002255868,24.6553430497988,24.6398284203822,24.6346563530609,24.6087920833666,24.6708553211965,24.7018727940562,24.68119552596,24.6967038696157,24.6294840235847,24.6708553211965,24.6501717687129,24.5104480028654,24.5673956078683,24.6191385780148,24.5311599032229,24.6294840235847,24.6605140688826,24.6760255545029,24.5363372209139,24.6605140688826,24.5415142757223,24.7793752829217,24.5673956078683,24.7173779975772,24.7638794888426,24.8258485704877,24.7742102793675,24.7793752829217,24.8671404277798,24.7948687272058,24.7587137017957,24.7483813439431,24.8051963851263,24.7535476535085,24.6967038696157,24.7277134921382,24.7173779975772,24.7122098579989,24.6243114319154,24.5208044790397,24.7070414568379,24.6501717687129,24.6501717687129,24.7122098579989,24.68119552596,24.6139654618445,24.6915346834782,24.6967038696157,24.7018727940562,24.6605140688826,24.6967038696157,24.7380479408253,24.6863652356057,24.5829212550199,24.6863652356057,24.6087920833666,24.7018727940562,24.6398284203822,24.7173779975772,24.8929393729232,25.0372933614365,25.2174501739369,25.3356668224182,25.3099791333095,25.325392518149,25.3305297988212,25.2740055641272,25.2534435750629,25.325392518149,25.2277352917338,25.3664835674914,25.2071640245704,25.2688654531791,25.3459400985342,25.3048408239653
24.7432147730614,24.588095945611,24.7328808471969,24.6915346834782,24.6605140688826,24.7328808471969,24.7070414568379,24.6553430497988,24.6294840235847,24.7380479408253,24.6243114319154,24.6708553211965,24.6553430497988,24.6967038696157,24.6191385780148,24.5570438632356,24.6450002255868,24.6656848260024,24.7483813439431,24.5466910676864,24.6294840235847,24.5363372209139,24.6243114319154,24.6708553211965,24.6450002255868,24.5104480028654,24.6915346834782,24.6450002255868,24.7225458756109,24.7173779975772,24.6346563530609,24.6863652356057,24.6967038696157,24.6915346834782,24.8206859153626,24.7793752829217,24.7122098579989,24.7277134921382,24.6967038696157,24.7587137017957,24.6501717687129,24.6656848260024,24.7070414568379,24.7380479408253,24.7122098579989,24.6450002255868,24.7018727940562,24.7018727940562,24.7122098579989,24.7070414568379,24.7380479408253,24.6191385780148,24.6915346834782,24.6243114319154,24.598444539334,24.7277134921382,24.7328808471969,24.8413349715329,24.8464965838976,24.7690450146872,24.8000326866343,24.7018727940562,24.7432147730614,24.7432147730614,24.7742102793675,24.7432147730614,24.6553430497988,24.68119552596,24.6605140688826,24.7173779975772,24.6863652356057,24.6398284203822,24.7277134921382,24.6294840235847,24.6915346834782,24.588095945611,24.6346563530609,24.6605140688826,24.7535476535085,24.7122098579989,24.6553430497988,24.6191385780148,24.8929393729232,24.5052693701856,24.7225458756109,24.7535476535085,24.6915346834782,24.7225458756109,24.7277134921382,24.7845400253874,24.7845400253874,24.8051963851263,24.7845400253874,24.6915346834782,24.6863652356057,24.8000326866343,24.7638794888426,24.7948687272058,24.8051963851263,24.7948687272058,24.836173098535,24.7793752829217,24.7897045068028,24.8103598227198,24.7432147730614,24.8464965838976,24.7173779975772,24.6605140688826,24.7225458756109,24.7793752829217,24.7690450146872,24.6605140688826,24.7173779975772,24.6708553211965,24.68119552596,24.7122098579989,24.7638794888426,24.6191385780148,24.7070414568379,24.6346563530609,24.7122098579989,24.7277134921382,24.7277134921382,24.7225458756109,24.7018727940562,24.6656848260024,24.7587137017957,24.8258485704877,24.8206859153626,24.8155229994525,24.7380479408253,24.8155229994525,24.8000326866343,24.7845400253874,24.6967038696157,24.6967038696157,24.7638794888426,24.7690450146872,24.7948687272058,24.8103598227198,24.6553430497988,24.6915346834782,24.8155229994525,24.6863652356057,24.6915346834782,24.8103598227198,24.8310109648659,24.8000326866343,24.6553430497988,24.6708553211965,24.6553430497988,24.8103598227198,24.8774607869049,24.7897045068028,24.9032571289301,24.7432147730614,24.6553430497988,24.7173779975772,24.6553430497988,24.6346563530609,24.6708553211965,24.6398284203822,24.6243114319154,24.6398284203822,24.6967038696157,24.7690450146872,24.7018727940562,24.6656848260024,24.6450002255868,24.6346563530609,24.6139654618445,24.6656848260024,24.7587137017957,24.6501717687129,24.7483813439431,24.7432147730614,24.6139654618445,24.6915346834782,24.7225458756109,24.6760255545029,24.7587137017957,24.7638794888426,24.6346563530609,24.588095945611,24.6863652356057,24.68119552596,24.6967038696157,24.7225458756109,24.836173098535,24.7638794888426,24.8826205758957,24.8671404277798,24.8568190268782,24.8671404277798,24.9290469664651,24.9238895190908,24.7793752829217,24.7690450146872,24.6450002255868,24.7690450146872,24.7690450146872,24.7070414568379,24.593270373703,24.5570438632356,24.6605140688826,24.6605140688826,24.6708553211965,24.7793752829217,24.7380479408253,24.7122098579989,24.7225458756109,24.7793752829217,24.6656848260024,24.7432147730614,24.5673956078683,24.6760255545029,24.7587137017957,24.7535476535085,24.7173779975772,24.6967038696157,24.7173779975772,24.7173779975772,24.7070414568379,24.8464965838976,24.9290469664651,24.9135738442187,25.1711543738743,25.3510763511273,25.2997022573604,25.4742694202044,25.3510763511273,25.2791454175921,25.3562123467933,25.3921571255997,25.3562123467933,25.3613480855689,25.3716187925976,25.3562123467933,25.3099791333095,25.3664835674914
24.4327408682945,24.3601606905737,24.7535476535085,24.6191385780148,24.6243114319154,24.598444539334,24.6087920833666,24.6553430497988,24.7018727940562,24.6398284203822,24.6346563530609,24.6450002255868,24.6863652356057,24.6863652356057,24.6760255545029,24.6863652356057,24.6346563530609,24.6915346834782,24.6760255545029,24.6139654618445,24.5363372209139,24.6346563530609,24.7173779975772,24.6036184425424,24.5777463018912,24.6294840235847,24.6450002255868,24.6294840235847,24.6294840235847,24.6139654618445,24.598444539334,24.598444539334,24.6863652356057,24.68119552596,24.7018727940562,24.7070414568379,24.6708553211965,24.6708553211965,24.7328808471969,24.6398284203822,24.7122098579989,24.7225458756109,24.6967038696157,24.6915346834782,24.7225458756109,24.7173779975772,24.6863652356057,24.6398284203822,24.6863652356057,24.593270373703,24.8413349715329,24.8051963851263,24.588095945611,24.7277134921382,24.6450002255868,24.6398284203822,24.8310109648659,24.7638794888426,24.8671404277798,24.7690450146872,24.7742102793675,24.8826205758957,24.7897045068028,24.7845400253874,24.7742102793675,24.7277134921382,24.6760255545029,24.6760255545029,24.6501717687129,24.7535476535085,24.6656848260024,24.6087920833666,24.7535476535085,24.7122098579989,24.6087920833666,24.6501717687129,24.598444539334,24.7483813439431,24.6501717687129,24.7380479408253,24.6294840235847,24.7225458756109,24.7483813439431,24.6243114319154,24.6294840235847,24.6450002255868,24.6605140688826,24.6656848260024,24.7225458756109,24.8000326866343,24.7018727940562,24.7742102793675,24.8051963851263,24.7535476535085,24.6967038696157,24.8000326866343,24.7587137017957,24.7742102793675,24.8671404277798,24.7793752829217,24.7018727940562,24.7845400253874,24.8258485704877,24.7638794888426,24.7535476535085,24.7948687272058,24.7380479408253,24.7277134921382,24.7328808471969,24.6605140688826,24.6656848260024,24.7070414568379,24.7535476535085,24.7225458756109,24.6656848260024,24.6036184425424,24.593270373703,24.598444539334,24.6191385780148,24.6605140688826,24.6294840235847,24.6294840235847,24.6294840235847,24.7070414568379,24.6605140688826,24.7018727940562,24.7897045068028,24.6863652356057,24.7277134921382,24.8310109648659,24.6967038696157,24.6553430497988,24.7742102793675,24.7535476535085,24.7380479408253,24.7432147730614,24.6915346834782,24.7638794888426,24.7587137017957,24.7432147730614,24.6294840235847,24.6656848260024,24.7018727940562,24.8000326866343,24.6863652356057,24.6863652356057,24.6605140688826,24.7070414568379,24.7277134921382,24.7742102793675,24.7432147730614,24.7483813439431,24.7897045068028,24.7845400253874,24.7845400253874,24.8206859153626,24.7742102793675,24.7793752829217,24.6760255545029,24.6501717687129,24.7638794888426,24.7070414568379,24.7070414568379,24.5622198668973,24.6346563530609,24.5777463018912,24.7328808471969,24.6294840235847,24.7432147730614,24.7225458756109,24.6450002255868,24.6450002255868,24.7638794888426,24.6656848260024,24.6656848260024,24.5466910676864,24.5673956078683,24.5725710861868,24.6398284203822,24.7018727940562,24.6450002255868,24.7483813439431,24.6605140688826,24.6087920833666,24.598444539334,24.5725710861868,24.5829212550199,24.588095945611,24.7535476535085,24.6398284203822,24.8000326866343,24.8826205758957,24.8206859153626,24.9135738442187,24.9084156166453,24.7845400253874,24.7793752829217,24.7948687272058,24.7535476535085,24.7483813439431,24.7948687272058,24.7173779975772,24.7122098579989,24.6967038696157,24.7070414568379,24.6501717687129,24.6605140688826,24.7948687272058,24.6708553211965,24.6708553211965,24.7225458756109,24.6967038696157,24.7018727940562,24.6760255545029,24.7018727940562,24.6501717687129,24.7742102793675,24.5829212550199,24.7948687272058,24.7587137017957,24.8310109648659,24.7225458756109,24.836173098535,24.8877801045559,24.8774607869049,24.8877801045559,24.9238895190908,25.0475965748176,25.2740055641272,25.2688654531791,25.3151171854302,25.3048408239653,25.2791454175921,25.3408035889768,25.3921571255997,25.2791454175921,25.3921571255997,25.3921571255997,25.2791454175921,25.3613480855689
24.5156263724707,24.5570438632356,24.6450002255868,24.588095945611,24.6656848260024,24.6243114319154,24.5363372209139,24.7432147730614,24.6760255545029,24.6139654618445,24.6139654618445,24.6656848260024,24.5415142757223,24.6967038696157,24.6398284203822,24.6708553211965,24.5518675968447,24.5725710861868,24.598444539334,24.6139654618445,24.6087920833666,24.5725710861868,24.6036184425424,24.6139654618445,24.6191385780148,24.5777463018912,24.7587137017957,24.6863652356057,24.7587137017957,24.6501717687129,24.6450002255868,24.68119552596,24.5156263724707,24.5829212550199,24.8155229994525,24.6863652356057,24.6553430497988,24.6553430497988,24.7690450146872,24.7587137017957,24.7587137017957,24.6760255545029,24.68119552596,24.7018727940562,24.7070414568379,24.6191385780148,24.6398284203822,24.6708553211965,24.6605140688826,24.6294840235847,24.6139654618445,24.6294840235847,24.5518675968447,24.6967038696157,24.6501717687129,24.6087920833666,24.6760255545029,24.7380479408253,24.7380479408253,24.7432147730614,24.8826205758957,24.7432147730614,24.7328808471969,24.7587137017957,24.7483813439431,24.7897045068028,24.7690450146872,24.7018727940562,24.6915346834782,24.8155229994525,24.7432147730614,24.6501717687129,24.7070414568379,24.7328808471969,24.6398284203822,24.7225458756109,24.7483813439431,24.7483813439431,24.6139654618445,24.6139654618445,24.7380479408253,24.7328808471969,24.5622198668973,24.5208044790397,24.6398284203822,24.7018727940562,24.6398284203822,24.6087920833666,24.6036184425424,24.7277134921382,24.5829212550199,24.8155229994525,24.7690450146872,24.6553430497988,24.7690450146872,24.7587137017957,24.7948687272058,24.7070414568379,24.9032571289301,24.8051963851263,24.6450002255868,24.7328808471969,24.8671404277798,24.6863652356057,24.7793752829217,24.6915346834782,24.7483813439431,24.8310109648659,24.8310109648659,24.6553430497988,24.6605140688826,24.7587137017957,24.7535476535085,24.7432147730614,24.6346563530609,24.6139654618445,24.6294840235847,24.6139654618445,24.7638794888426,24.6967038696157,24.6605140688826,24.6553430497988,24.7018727940562,24.7173779975772,24.7070414568379,24.7587137017957,24.6915346834782,24.7587137017957,24.8206859153626,24.8155229994525,24.7793752829217,24.8206859153626,24.8206859153626,24.8051963851263,24.7587137017957,24.7587137017957,24.68119552596,24.7122098579989,24.6915346834782,24.7793752829217,24.68119552596,24.7225458756109,24.7897045068028,24.836173098535,24.9445177487934,24.8258485704877,24.7742102793675,24.7535476535085,24.8464965838976,24.8000326866343,24.7845400253874,24.8051963851263,24.7742102793675,24.8000326866343,24.7897045068028,24.954830304227,24.7432147730614,24.7535476535085,24.7690450146872,24.7277134921382,24.7690450146872,24.7535476535085,24.7173779975772,24.7380479408253,24.7122098579989,24.7432147730614,24.7845400253874,24.7793752829217,24.8464965838976,24.8051963851263,24.8413349715329,24.7432147730614,24.6863652356057,24.6760255545029,24.6708553211965,24.5622198668973,24.5777463018912,24.6863652356057,24.6398284203822,24.7122098579989,24.7432147730614,24.6450002255868,24.6967038696157,24.7070414568379,24.6863652356057,24.7070414568379,24.5518675968447,24.593270373703,24.7742102793675,24.7845400253874,24.7587137017957,24.8826205758957,24.9342041538485,24.9084156166453,24.8929393729232,24.8000326866343,24.8929393729232,24.7380479408253,24.7432147730614,24.7638794888426,24.7328808471969,24.8464965838976,24.8671404277798,24.8155229994525,24.7328808471969,24.6346563530609,24.68119552596,24.7018727940562,24.6605140688826,24.6967038696157,24.6501717687129,24.6760255545029,24.8051963851263,24.6656848260024,24.68119552596,24.7380479408253,24.7277134921382,24.6346563530609,24.7432147730614,24.7483813439431,24.7328808471969,24.7380479408253,24.8206859153626,24.8206859153626,24.8464965838976,24.8826205758957,24.9599861922213,24.9754522977662,25.2380193782588,25.2688654531791,25.3459400985342,25.3459400985342,25.3510763511273,25.3716187925976,25.3972910671794,25.4024247521646,25.3151171854302,25.5153009780981,25.2842850136107,25.3818884725093
24.4949113154483,24.6243114319154,24.6191385780148,24.6760255545029,24.6501717687129,24.6398284203822,24.6139654618445,24.6191385780148,24.6863652356057,24.6760255545029,24.6398284203822,24.6036184425424,24.6087920833666,24.6605140688826,24.6398284203822,24.6191385780148,24.6139654618445,24.417192326936,24.525982322611,24.598444539334,24.593270373703,24.5000904743927,24.4949113154483,24.4482870367845,24.4016414116675,24.5518675968447,24.6346563530609,24.6553430497988,24.7328808471969,24.6191385780148,24.6139654618445,24.6760255545029,24.68119552596,24.6605140688826,24.6346563530609,24.6760255545029,24.7432147730614,24.6656848260024,24.6656848260024,24.7535476535085,24.8155229994525,24.8310109648659,24.7122098579989,24.6191385780148,24.7225458756109,24.6553430497988,24.7587137017957,24.6450002255868,24.7380479408253,24.6915346834782,24.7535476535085,24.6863652356057,24.6191385780148,24.7483813439431,24.7018727940562,24.6863652356057,24.6294840235847,24.5518675968447,24.7535476535085,24.7690450146872,24.7690450146872,24.7173779975772,24.7690450146872,24.7690450146872,24.7638794888426,24.7535476535085,24.6967038696157,24.7225458756109,24.7587137017957,24.7690450146872,24.7070414568379,24.6708553211965,24.598444539334,24.6243114319154,24.6243114319154,24.7225458756109,24.6191385780148,24.6139654618445,24.4897318933139,24.588095945611,24.7483813439431,24.525982322611,24.5518675968447,24.6139654618445,24.6191385780148,24.6450002255868,24.6346563530609,24.6036184425424,24.7432147730614,24.7328808471969,24.6087920833666,24.6967038696157,24.7742102793675,24.7690450146872,24.7587137017957,24.7793752829217,24.7638794888426,24.7897045068028,24.8103598227198,24.8000326866343,24.7483813439431,24.7845400253874,24.8464965838976,24.8568190268782,24.6398284203822,24.6760255545029,24.8413349715329,24.86197985757,24.8568190268782,24.7483813439431,24.7483813439431,24.7122098579989,24.6863652356057,24.7122098579989,24.6036184425424,24.7742102793675,24.7225458756109,24.7122098579989,24.7690450146872,24.7277134921382,24.6450002255868,24.7432147730614,24.593270373703,24.6553430497988,24.7948687272058,24.68119552596,24.7432147730614,24.7793752829217,24.8258485704877,24.7587137017957,24.8206859153626,24.86197985757,24.8516579356668,24.86197985757,24.8103598227198,24.7845400253874,24.7742102793675,24.7897045068028,24.6553430497988,24.6708553211965,24.6708553211965,24.7690450146872,24.7793752829217,24.8310109648659,24.8000326866343,24.86197985757,24.8980983810354,24.86197985757,24.9342041538485,24.9393610812787,24.8413349715329,24.7742102793675,24.8310109648659,24.8051963851263,24.7070414568379,24.7638794888426,24.8413349715329,24.6915346834782,24.7432147730614,24.7587137017957,24.7380479408253,24.6967038696157,24.7535476535085,24.7225458756109,24.6967038696157,24.7638794888426,24.8413349715329,24.7690450146872,24.8103598227198,24.7897045068028,24.7432147730614,24.7483813439431,24.7070414568379,24.6760255545029,24.5570438632356,24.5725710861868,24.5673956078683,24.588095945611,24.6398284203822,24.6191385780148,24.598444539334,24.6087920833666,24.5673956078683,24.5829212550199,24.7122098579989,24.7173779975772,24.6656848260024,24.6863652356057,24.6243114319154,24.6708553211965,24.7380479408253,24.8258485704877,24.836173098535,24.8464965838976,24.7948687272058,24.8155229994525,24.9084156166453,24.7328808471969,24.7845400253874,24.6346563530609,24.6036184425424,24.7173779975772,24.8568190268782,24.7328808471969,24.6915346834782,24.68119552596,24.7173779975772,24.6605140688826,24.7070414568379,24.7638794888426,24.7535476535085,24.68119552596,24.6553430497988,24.6863652356057,24.6915346834782,24.7483813439431,24.7432147730614,24.7535476535085,24.7483813439431,24.6398284203822,24.7483813439431,24.6553430497988,24.7380479408253,24.8671404277798,24.86197985757,24.8826205758957,24.9290469664651,25.0527477928007,25.1762993840732,25.3048408239653,25.2688654531791,25.3664835674914,25.2328774638867,25.3099791333095,25.3356668224182,25.3613480855689,25.2842850136107,25.3356668224182,25.2997022573604,25.3562123467933
24.4793722593216,24.6915346834782,24.6036184425424,24.6450002255868,24.6139654618445,24.68119552596,24.6553430497988,24.6294840235847,24.5829212550199,24.598444539334,24.588095945611,24.6501717687129,24.6139654618445,24.6087920833666,24.6139654618445,24.7070414568379,24.598444539334,24.4120089523324,24.5777463018912,24.5518675968447,24.5829212550199,24.4016414116675,24.4534685658236,24.4016414116675,24.3860881214467,24.5311599032229,24.6501717687129,24.8103598227198,24.6346563530609,24.6656848260024,24.7122098579989,24.7225458756109,24.7432147730614,24.7380479408253,24.7070414568379,24.6501717687129,24.6967038696157,24.6553430497988,24.6294840235847,24.6450002255868,24.6967038696157,24.8413349715329,24.7380479408253,24.6036184425424,24.68119552596,24.6243114319154,24.8155229994525,24.7225458756109,24.6656848260024,24.6501717687129,24.6501717687129,24.6501717687129,24.6346563530609,24.6191385780148,24.7173779975772,24.6656848260024,24.4379231880585,24.5311599032229,24.3860881214467,24.6450002255868,24.8155229994525,24.7432147730614,24.7225458756109,24.8155229994525,24.6915346834782,24.7483813439431,24.6243114319154,24.6863652356057,24.6967038696157,24.7742102793675,24.5777463018912,24.6605140688826,24.5000904743927,24.6191385780148,24.5673956078683,24.6605140688826,24.6501717687129,24.6501717687129,24.4949113154483,24.525982322611,24.5415142757223,24.7173779975772,24.6605140688826,24.6450002255868,24.6346563530609,24.6191385780148,24.6398284203822,24.7535476535085,24.6398284203822,24.6760255545029,24.8051963851263,24.6863652356057,24.7793752829217,24.7742102793675,24.7742102793675,24.7535476535085,24.8516579356668,24.836173098535,24.7432147730614,24.7638794888426,24.7380479408253,24.8774607869049,24.7897045068028,24.8723007375455,24.8000326866343,24.8000326866343,24.7018727940562,24.7328808471969,24.7328808471969,24.7225458756109,24.7173779975772,24.7742102793675,24.7070414568379,24.6760255545029,24.6501717687129,24.6656848260024,24.5725710861868,24.7018727940562,24.7742102793675,24.7328808471969,24.7793752829217,24.7328808471969,24.6450002255868,24.7225458756109,24.7173779975772,24.7483813439431,24.7845400253874,24.8258485704877,24.8671404277798,24.836173098535,24.8516579356668,24.836173098535,24.86197985757,24.8413349715329,24.8258485704877,24.6915346834782,24.7638794888426,24.7897045068028,24.7690450146872,24.7587137017957,24.6294840235847,24.6191385780148,24.7380479408253,24.8516579356668,24.8000326866343,24.8258485704877,24.8774607869049,24.9909160664447,24.8877801045559,24.86197985757,24.8310109648659,24.86197985757,24.8103598227198,24.8103598227198,24.836173098535,24.8000326866343,24.8310109648659,24.7277134921382,24.7328808471969,24.8413349715329,24.8413349715329,24.8206859153626,24.7173779975772,24.7742102793675,24.8310109648659,24.836173098535,24.7638794888426,24.7432147730614,24.8516579356668,24.8568190268782,24.7587137017957,24.8206859153626,24.7070414568379,24.5570438632356,24.6450002255868,24.7535476535085,24.6708553211965,24.6243114319154,24.5673956078683,24.5725710861868,24.7173779975772,24.5829212550199,24.5673956078683,24.6139654618445,24.7122098579989,24.6915346834782,24.6760255545029,24.6243114319154,24.6294840235847,24.6450002255868,24.7380479408253,24.7897045068028,24.8774607869049,24.8155229994525,24.8155229994525,24.7587137017957,24.7845400253874,24.9084156166453,24.7793752829217,24.7432147730614,24.6915346834782,24.6708553211965,24.7690450146872,24.7277134921382,24.6398284203822,24.836173098535,24.6915346834782,24.7225458756109,24.6450002255868,24.6450002255868,24.7225458756109,24.6760255545029,24.6553430497988,24.6863652356057,24.7173779975772,24.7587137017957,24.7225458756109,24.6139654618445,24.7535476535085,24.6398284203822,24.8155229994525,24.7432147730614,24.7483813439431,24.8051963851263,24.8464965838976,24.9806071469274,24.8826205758957,24.9393610812787,25.2431610348875,25.2637250847104,25.3510763511273,25.3562123467933,25.2842850136107,25.3921571255997,25.2380193782588,25.3305297988212,25.3151171854302,25.3356668224182,25.3613480855689,25.3562123467933
24.6036184425424,24.6501717687129,24.6760255545029,24.68119552596,24.6605140688826,24.7535476535085,24.68119552596,24.6346563530609,24.7483813439431,24.6346563530609,24.6243114319154,24.598444539334,24.588095945611,24.68119552596,24.6605140688826,24.6656848260024,24.5466910676864,24.5725710861868,24.5622198668973,24.5466910676864,24.4690115721079,24.4275582848784,24.4793722593216,24.4793722593216,24.5311599032229,24.3809031634257,24.4741920473867,24.7277134921382,24.6656848260024,24.7793752829217,24.7587137017957,24.7897045068028,24.7432147730614,24.6553430497988,24.6398284203822,24.6656848260024,24.6656848260024,24.6915346834782,24.68119552596,24.7173779975772,24.6087920833666,24.5363372209139,24.6450002255868,24.6553430497988,24.7432147730614,24.6863652356057,24.6915346834782,24.6501717687129,24.6501717687129,24.6450002255868,24.8051963851263,24.6915346834782,24.5777463018912,24.6191385780148,24.7070414568379,24.4741920473867,24.4431052442089,24.6967038696157,24.5415142757223,24.5725710861868,24.7122098579989,24.7587137017957,24.7380479408253,24.8413349715329,24.7535476535085,24.68119552596,24.6915346834782,24.6915346834782,24.6656848260024,24.6398284203822,24.7070414568379,24.6605140688826,24.6967038696157,24.593270373703,24.6346563530609,24.6346563530609,24.7122098579989,24.6398284203822,24.6863652356057,24.6967038696157,24.6605140688826,24.6863652356057,24.7225458756109,24.6553430497988,24.6450002255868,24.6243114319154,24.68119552596,24.6863652356057,24.593270373703,24.7690450146872,24.8103598227198,24.7793752829217,24.836173098535,24.8155229994525,24.7638794888426,24.8258485704877,24.8051963851263,24.7897045068028,24.8103598227198,24.7432147730614,24.7070414568379,24.7122098579989,24.7432147730614,24.8103598227198,24.8516579356668,24.8000326866343,24.6398284203822,24.7225458756109,24.7380479408253,24.6191385780148,24.7328808471969,24.6915346834782,24.7742102793675,24.6708553211965,24.7432147730614,24.6191385780148,24.6346563530609,24.6139654618445,24.7432147730614,24.6553430497988,24.6450002255868,24.7690450146872,24.6501717687129,24.7018727940562,24.7587137017957,24.6553430497988,24.8206859153626,24.8103598227198,24.8413349715329,24.8310109648659,24.8516579356668,24.8929393729232,24.8516579356668,24.9651418204509,24.836173098535,24.7897045068028,24.7845400253874,24.7690450146872,24.7018727940562,24.7690450146872,24.4897318933139,24.4690115721079,24.7173779975772,24.7845400253874,24.8568190268782,24.7690450146872,24.8980983810354,24.8877801045559,24.918731811688,24.8826205758957,24.8877801045559,24.9290469664651,24.9238895190908,24.7225458756109,24.7535476535085,24.7380479408253,24.8516579356668,24.8103598227198,24.7690450146872,24.7535476535085,24.7483813439431,24.836173098535,24.7380479408253,24.8000326866343,24.836173098535,24.8258485704877,24.8568190268782,24.836173098535,24.8568190268782,24.86197985757,24.8310109648659,24.8516579356668,24.6915346834782,24.5570438632356,24.5466910676864,24.5725710861868,24.5363372209139,24.5673956078683,24.5829212550199,24.598444539334,24.593270373703,24.6036184425424,24.7897045068028,24.6605140688826,24.7277134921382,24.7018727940562,24.7483813439431,24.6863652356057,24.6346563530609,24.6398284203822,24.7122098579989,24.8258485704877,24.7690450146872,24.8723007375455,24.7897045068028,24.8258485704877,24.7535476535085,24.8103598227198,24.8774607869049,24.6967038696157,24.7018727940562,24.7225458756109,24.7432147730614,24.7432147730614,24.8310109648659,24.7793752829217,24.7225458756109,24.6708553211965,24.7070414568379,24.6863652356057,24.7173779975772,24.7225458756109,24.68119552596,24.6708553211965,24.7122098579989,24.6863652356057,24.7328808471969,24.7432147730614,24.6398284203822,24.7638794888426,24.6243114319154,24.8051963851263,24.7742102793675,24.6915346834782,24.8103598227198,24.9445177487934,24.954830304227,25.0372933614365,25.258584458684,25.3151171854302,25.4588783623232,25.3972910671794,25.2945634334578,25.3408035889768,25.2637250847104,25.2842850136107,25.2688654531791,25.2791454175921,25.3305297988212,25.3202549803643
24.5673956078683,24.6553430497988,24.6450002255868,24.7328808471969,24.7535476535085,24.7277134921382,24.7638794888426,24.6346563530609,24.6294840235847,24.6398284203822,24.6398284203822,24.5570438632356,24.6243114319154,24.6915346834782,24.6346563530609,24.6863652356057,24.5622198668973,24.5725710861868,24.6605140688826,24.5518675968447,24.4120089523324,24.4690115721079,24.4327408682945,24.6036184425424,24.6036184425424,24.6087920833666,24.5570438632356,24.5777463018912,24.6450002255868,24.6346563530609,24.6915346834782,24.6605140688826,24.6863652356057,24.588095945611,24.7122098579989,24.6501717687129,24.6243114319154,24.6708553211965,24.68119552596,24.7173779975772,24.7070414568379,24.598444539334,24.6863652356057,24.6191385780148,24.6501717687129,24.5777463018912,24.6346563530609,24.6553430497988,24.5725710861868,24.6501717687129,24.68119552596,24.6967038696157,24.6450002255868,24.7225458756109,24.4431052442089,24.4949113154483,24.7018727940562,24.6915346834782,24.7690450146872,24.7122098579989,24.7432147730614,24.7897045068028,24.836173098535,24.8258485704877,24.86197985757,24.8155229994525,24.6863652356057,24.6760255545029,24.6450002255868,24.525982322611,24.4638308334468,24.4897318933139,24.525982322611,24.4431052442089,24.525982322611,24.6398284203822,24.7483813439431,24.6967038696157,24.6760255545029,24.6656848260024,24.7638794888426,24.7587137017957,24.6243114319154,24.7122098579989,24.7380479408253,24.6656848260024,24.7535476535085,24.6398284203822,24.6656848260024,24.7897045068028,24.7483813439431,24.8310109648659,24.7742102793675,24.7690450146872,24.7122098579989,24.8206859153626,24.8980983810354,24.836173098535,24.86197985757,24.7897045068028,24.7277134921382,24.7535476535085,24.6398284203822,24.8000326866343,24.836173098535,24.6605140688826,24.8929393729232,24.7328808471969,24.6450002255868,24.7122098579989,24.6760255545029,24.7328808471969,24.7432147730614,24.7793752829217,24.68119552596,24.6243114319154,24.6760255545029,24.6656848260024,24.6656848260024,24.7380479408253,24.7225458756109,24.7277134921382,24.6450002255868,24.6243114319154,24.7483813439431,24.8516579356668,24.8155229994525,24.8051963851263,24.9135738442187,24.8206859153626,24.8310109648659,24.7948687272058,24.8051963851263,24.86197985757,24.918731811688,24.8413349715329,24.8000326866343,24.8000326866343,24.7948687272058,24.7587137017957,24.8723007375455,24.7742102793675,24.8980983810354,24.86197985757,24.8723007375455,24.8671404277798,24.8051963851263,24.9084156166453,24.9135738442187,24.8413349715329,24.8980983810354,24.9445177487934,24.9084156166453,24.8000326866343,24.8206859153626,24.8464965838976,24.8258485704877,24.8103598227198,24.7897045068028,24.7328808471969,24.7897045068028,24.8464965838976,24.8258485704877,24.954830304227,24.8000326866343,24.8671404277798,24.8568190268782,24.9135738442187,24.8980983810354,24.9651418204509,24.9702971889533,24.8310109648659,24.8000326866343,24.6346563530609,24.6605140688826,24.5673956078683,24.5777463018912,24.6243114319154,24.588095945611,24.6243114319154,24.6501717687129,24.588095945611,24.6243114319154,24.6605140688826,24.8051963851263,24.7483813439431,24.6294840235847,24.7587137017957,24.7070414568379,24.7587137017957,24.7380479408253,24.7690450146872,24.7638794888426,24.8310109648659,24.7742102793675,24.8103598227198,24.8000326866343,24.9496741564303,24.7948687272058,24.7587137017957,24.7742102793675,24.6553430497988,24.7122098579989,24.6605140688826,24.6398284203822,24.86197985757,24.7587137017957,24.7587137017957,24.7277134921382,24.6656848260024,24.7432147730614,24.7845400253874,24.6863652356057,24.7793752829217,24.6915346834782,24.7690450146872,24.7690450146872,24.7432147730614,24.7793752829217,24.7587137017957,24.6760255545029,24.7638794888426,24.7328808471969,24.8155229994525,24.86197985757,24.8929393729232,24.9754522977662,25.1660091054476,25.1608635787557,25.2842850136107,25.2791454175921,25.4486163763711,25.3202549803643,25.3510763511273,25.3664835674914,25.3767537609245,25.3408035889768,25.3562123467933,25.2894243522202,25.3305297988212
24.4016414116675,24.5673956078683,24.6191385780148,24.6501717687129,24.7432147730614,24.7535476535085,24.7432147730614,24.7432147730614,24.68119552596,24.6243114319154,24.6398284203822,24.5777463018912,24.5363372209139,24.6191385780148,24.6760255545029,24.6036184425424,24.5725710861868,24.5208044790397,24.5725710861868,24.5622198668973,24.4586498313649,24.6087920833666,24.4482870367845,24.5104480028654,24.4690115721079,24.5311599032229,24.4586498313649,24.5000904743927,24.6346563530609,24.6553430497988,24.6501717687129,24.7018727940562,24.7793752829217,24.6915346834782,24.6346563530609,24.5829212550199,24.7018727940562,24.7173779975772,24.7328808471969,24.7070414568379,24.6967038696157,24.6656848260024,24.7070414568379,24.6243114319154,24.6863652356057,24.6398284203822,24.6346563530609,24.6398284203822,24.5156263724707,24.6450002255868,24.7845400253874,24.7742102793675,24.5725710861868,24.598444539334,24.4690115721079,24.4482870367845,24.6087920833666,24.7173779975772,24.6087920833666,24.6967038696157,24.7638794888426,24.7277134921382,24.6553430497988,24.7483813439431,24.8877801045559,24.7277134921382,24.6863652356057,24.6915346834782,24.6553430497988,24.4638308334468,24.5000904743927,24.6294840235847,24.5415142757223,24.5622198668973,24.6708553211965,24.598444539334,24.6708553211965,24.6087920833666,24.6294840235847,24.6656848260024,24.7328808471969,24.7328808471969,24.7483813439431,24.7638794888426,24.7277134921382,24.7122098579989,24.6967038696157,24.6243114319154,24.7122098579989,24.7638794888426,24.6760255545029,24.7845400253874,24.7070414568379,24.8516579356668,24.8258485704877,24.8568190268782,24.7948687272058,24.8103598227198,24.7432147730614,24.8051963851263,24.6450002255868,24.6501717687129,24.6553430497988,24.7483813439431,24.7380479408253,24.7380479408253,24.7483813439431,24.6605140688826,24.593270373703,24.7018727940562,24.6294840235847,24.7225458756109,24.7845400253874,24.6708553211965,24.7018727940562,24.7173779975772,24.7432147730614,24.6087920833666,24.6656848260024,24.7173779975772,24.6708553211965,24.7122098579989,24.598444539334,24.6346563530609,24.6346563530609,24.7483813439431,24.7587137017957,24.7897045068028,24.8103598227198,24.836173098535,24.8413349715329,24.8516579356668,24.6863652356057,24.86197985757,24.7742102793675,24.86197985757,24.8413349715329,24.8155229994525,24.7690450146872,24.7690450146872,24.8877801045559,24.7587137017957,24.7587137017957,24.7948687272058,24.836173098535,24.8103598227198,24.7587137017957,24.918731811688,24.9342041538485,24.9857617364743,24.9290469664651,24.9135738442187,24.9290469664651,24.8516579356668,24.8671404277798,24.8051963851263,24.86197985757,24.7277134921382,24.7587137017957,24.6967038696157,24.7638794888426,24.7793752829217,24.8774607869049,24.918731811688,24.7793752829217,24.8464965838976,24.8464965838976,24.954830304227,24.9342041538485,24.8671404277798,25.0578987516956,24.8000326866343,24.8516579356668,24.8051963851263,24.6191385780148,24.6450002255868,24.6450002255868,24.598444539334,24.6036184425424,24.6398284203822,24.68119552596,24.7277134921382,24.6708553211965,24.7277134921382,24.7793752829217,24.7277134921382,24.8103598227198,24.8310109648659,24.6294840235847,24.6501717687129,24.7742102793675,24.7483813439431,24.7638794888426,24.7432147730614,24.7690450146872,24.7535476535085,24.7897045068028,24.8103598227198,24.8464965838976,24.7070414568379,24.7483813439431,24.6501717687129,24.7483813439431,24.6863652356057,24.7587137017957,24.8877801045559,24.7742102793675,24.8051963851263,24.7793752829217,24.6656848260024,24.7587137017957,24.7328808471969,24.7018727940562,24.7173779975772,24.7897045068028,24.7690450146872,24.7225458756109,24.7690450146872,24.8000326866343,24.7897045068028,24.7742102793675,24.7793752829217,24.6450002255868,24.6656848260024,24.7380479408253,24.8516579356668,24.9857617364743,25.1557177937613,25.1557177937613,25.2483024338098,25.2637250847104,25.3510763511273,25.3510763511273,25.3151171854302,25.3716187925976,25.3099791333095,25.325392518149,25.2842850136107,25.3408035889768,25.4280893294658
24.6191385780148,24.6605140688826,24.6450002255868,24.6708553211965,24.6501717687129,24.6501717687129,24.6450002255868,24.7483813439431,24.7793752829217,24.6450002255868,24.6450002255868,24.5622198668973,24.6501717687129,24.6501717687129,24.6553430497988,24.598444539334,24.5622198668973,24.5363372209139,24.5518675968447,24.598444539334,24.4897318933139,24.593270373703,24.5311599032229,24.5777463018912,24.593270373703,24.4949113154483,24.4482870367845,24.4897318933139,24.6656848260024,24.7483813439431,24.6450002255868,24.7225458756109,24.68119552596,24.6708553211965,24.6708553211965,24.6863652356057,24.7742102793675,24.6915346834782,24.6139654618445,24.598444539334,24.7277134921382,24.7173779975772,24.68119552596,24.6398284203822,24.7328808471969,24.7380479408253,24.7535476535085,24.6501717687129,24.6553430497988,24.6708553211965,24.6605140688826,24.6760255545029,24.6915346834782,24.5518675968447,24.4690115721079,24.4327408682945,24.7328808471969,24.7018727940562,24.6760255545029,24.6656848260024,24.8103598227198,24.7690450146872,24.6243114319154,24.6605140688826,24.7535476535085,24.7483813439431,24.7587137017957,24.6863652356057,24.6501717687129,24.6346563530609,24.6450002255868,24.8000326866343,24.6243114319154,24.5829212550199,24.5725710861868,24.6346563530609,24.5156263724707,24.6450002255868,24.593270373703,24.7380479408253,24.7483813439431,24.7277134921382,24.8051963851263,24.7328808471969,24.7018727940562,24.7380479408253,24.6915346834782,24.7122098579989,24.6915346834782,24.6553430497988,24.8103598227198,24.7845400253874,24.8258485704877,24.8723007375455,24.836173098535,24.8310109648659,24.8310109648659,24.836173098535,24.7587137017957,24.8258485704877,24.7380479408253,24.6398284203822,24.7587137017957,24.6708553211965,24.7328808471969,24.7277134921382,24.7380479408253,24.7328808471969,24.7018727940562,24.6191385780148,24.6501717687129,24.6450002255868,24.6553430497988,24.7793752829217,24.6553430497988,24.6294840235847,24.7948687272058,24.6708553211965,24.6863652356057,24.6967038696157,24.6450002255868,24.7122098579989,24.68119552596,24.7380479408253,24.7690450146872,24.7793752829217,24.68119552596,24.8258485704877,24.7897045068028,24.7897045068028,24.8206859153626,24.8877801045559,24.8051963851263,24.836173098535,24.8155229994525,24.7535476535085,24.7897045068028,24.8258485704877,24.7483813439431,24.8000326866343,24.8877801045559,24.8464965838976,24.86197985757,24.8774607869049,24.8826205758957,24.7742102793675,24.8155229994525,24.9342041538485,24.9084156166453,24.8206859153626,24.8258485704877,24.8206859153626,24.8413349715329,24.86197985757,24.8568190268782,24.8464965838976,24.8155229994525,24.7948687272058,24.6863652356057,24.8155229994525,24.836173098535,24.8258485704877,24.8568190268782,24.8000326866343,24.7328808471969,24.8516579356668,24.9342041538485,24.8464965838976,24.8877801045559,24.86197985757,24.9238895190908,24.8671404277798,24.8258485704877,24.7897045068028,24.5311599032229,24.6553430497988,24.6139654618445,24.5777463018912,24.588095945611,24.6450002255868,24.8051963851263,24.6553430497988,24.6605140688826,24.7225458756109,24.7328808471969,24.7638794888426,24.7638794888426,24.7690450146872,24.8155229994525,24.7587137017957,24.7432147730614,24.7380479408253,24.7742102793675,24.8103598227198,24.7587137017957,24.8103598227198,24.8413349715329,24.8516579356668,24.8310109648659,24.836173098535,24.8206859153626,24.7483813439431,24.7122098579989,24.6450002255868,24.7173779975772,24.8206859153626,24.7432147730614,24.7742102793675,24.8310109648659,24.7483813439431,24.6708553211965,24.7793752829217,24.7742102793675,24.6967038696157,24.8000326866343,24.7225458756109,24.9135738442187,24.7638794888426,24.6346563530609,24.7483813439431,24.8000326866343,24.7897045068028,24.7483813439431,24.7380479408253,24.8103598227198,24.8568190268782,24.9806071469274,25.1454254487159,25.2431610348875,25.2483024338098,25.3099791333095,25.2431610348875,25.3870229273887,25.325392518149,25.3459400985342,25.3305297988212,25.2997022573604,25.325392518149,25.4126913524992,25.3202549803643
24.6087920833666,24.6398284203822,24.7483813439431,24.6553430497988,24.7225458756109,24.5570438632356,24.6501717687129,24.6967038696157,24.7638794888426,24.8000326866343,24.6553430497988,24.5673956078683,24.6450002255868,24.5777463018912,24.6087920833666,24.5570438632356,24.68119552596,24.5673956078683,24.525982322611,24.5622198668973,24.5208044790397,24.5104480028654,24.593270373703,24.5570438632356,24.4534685658236,24.5208044790397,24.3757179413665,24.5156263724707,24.5156263724707,24.6398284203822,24.6656848260024,24.7173779975772,24.6863652356057,24.6398284203822,24.5622198668973,24.7018727940562,24.7277134921382,24.6243114319154,24.6191385780148,24.6087920833666,24.7173779975772,24.7225458756109,24.6760255545029,24.7018727940562,24.6605140688826,24.7328808471969,24.7328808471969,24.6346563530609,24.6294840235847,24.6967038696157,24.6656848260024,24.6501717687129,24.5622198668973,24.6501717687129,24.598444539334,24.6708553211965,24.6967038696157,24.7432147730614,24.7535476535085,24.7742102793675,24.7897045068028,24.7638794888426,24.7122098579989,24.5104480028654,24.6656848260024,24.6915346834782,24.6398284203822,24.6967038696157,24.6967038696157,24.6501717687129,24.6708553211965,24.4949113154483,24.6708553211965,24.8310109648659,24.4845522079513,24.6656848260024,24.4897318933139,24.68119552596,24.6243114319154,24.7122098579989,24.6087920833666,24.8051963851263,24.8206859153626,24.7897045068028,24.7793752829217,24.7638794888426,24.7277134921382,24.7277134921382,24.8051963851263,24.7535476535085,24.8155229994525,24.7277134921382,24.7277134921382,24.7638794888426,24.8464965838976,24.7793752829217,24.8464965838976,24.8258485704877,24.8568190268782,24.7793752829217,24.7277134921382,24.7122098579989,24.7432147730614,24.7328808471969,24.7742102793675,24.7380479408253,24.7277134921382,24.7018727940562,24.6553430497988,24.8258485704877,24.6191385780148,24.6450002255868,24.6346563530609,24.68119552596,24.593270373703,24.7225458756109,24.7380479408253,24.598444539334,24.7173779975772,24.6708553211965,24.7483813439431,24.7225458756109,24.6605140688826,24.7070414568379,24.7070414568379,24.7483813439431,24.7742102793675,24.8723007375455,24.7948687272058,24.8000326866343,24.8568190268782,24.8826205758957,24.8258485704877,24.8516579356668,24.8774607869049,24.7535476535085,24.8155229994525,24.8464965838976,24.7845400253874,24.7690450146872,24.7328808471969,24.8671404277798,24.836173098535,24.7587137017957,24.8516579356668,24.8413349715329,24.7587137017957,24.7690450146872,24.8723007375455,24.8258485704877,24.8103598227198,24.8877801045559,24.8155229994525,24.8877801045559,24.8568190268782,24.9084156166453,24.8774607869049,24.836173098535,24.7018727940562,24.836173098535,24.8310109648659,24.8464965838976,24.8310109648659,24.9135738442187,24.8000326866343,24.8774607869049,24.8568190268782,24.8516579356668,24.8568190268782,24.9651418204509,24.9290469664651,24.8980983810354,24.8206859153626,24.7690450146872,24.6967038696157,24.6139654618445,24.588095945611,24.588095945611,24.6398284203822,24.7432147730614,24.6760255545029,24.6294840235847,24.6501717687129,24.7173779975772,24.6656848260024,24.7173779975772,24.7380479408253,24.8155229994525,24.7380479408253,24.7793752829217,24.7432147730614,24.68119552596,24.7897045068028,24.8206859153626,24.8258485704877,24.8310109648659,24.836173098535,24.8464965838976,24.7897045068028,24.7483813439431,24.7845400253874,24.7483813439431,24.7173779975772,24.68119552596,24.7845400253874,24.7483813439431,24.8258485704877,24.7638794888426,24.6708553211965,24.7277134921382,24.7535476535085,24.7225458756109,24.836173098535,24.7587137017957,24.7793752829217,24.7690450146872,24.7638794888426,24.7328808471969,24.8826205758957,24.7690450146872,24.7432147730614,24.7897045068028,24.6553430497988,24.8103598227198,24.7380479408253,24.7793752829217,24.9857617364743,24.9909160664447,25.2534435750629,25.3151171854302,25.2534435750629,25.3356668224182,25.3562123467933,25.3459400985342,25.2431610348875,25.3099791333095,25.3716187925976,25.3151171854302,25.3818884725093,25.3459400985342
24.7173779975772,24.7380479408253,24.6139654618445,24.6139654618445,24.6087920833666,24.6501717687129,24.7122098579989,24.7225458756109,24.7328808471969,24.6863652356057,24.6398284203822,24.6553430497988,24.6863652356057,24.6605140688826,24.6398284203822,24.6605140688826,24.6191385780148,24.5104480028654,24.598444539334,24.5208044790397,24.5000904743927,24.6294840235847,24.593270373703,24.5311599032229,24.588095945611,24.5622198668973,24.5777463018912,24.5622198668973,24.5570438632356,24.6139654618445,24.6656848260024,24.6915346834782,24.7845400253874,24.6605140688826,24.6346563530609,24.6915346834782,24.6087920833666,24.6346563530609,24.6863652356057,24.6915346834782,24.6915346834782,24.6398284203822,24.8051963851263,24.6450002255868,24.6501717687129,24.593270373703,24.7690450146872,24.7070414568379,24.6760255545029,24.5466910676864,24.588095945611,24.593270373703,24.6243114319154,24.6191385780148,24.6708553211965,24.6605140688826,24.7587137017957,24.7122098579989,24.6450002255868,24.7793752829217,24.7638794888426,24.6863652356057,24.68119552596,24.5570438632356,24.5000904743927,24.5673956078683,24.5208044790397,24.6605140688826,24.7277134921382,24.7380479408253,24.598444539334,24.5311599032229,24.6139654618445,24.7742102793675,24.6346563530609,24.6139654618445,24.7225458756109,24.588095945611,24.5673956078683,24.5466910676864,24.7070414568379,24.5777463018912,24.6450002255868,24.7328808471969,24.6967038696157,24.7225458756109,24.7742102793675,24.7277134921382,24.8413349715329,24.7277134921382,24.8103598227198,24.8103598227198,24.8155229994525,24.7897045068028,24.8310109648659,24.7845400253874,24.8310109648659,24.7587137017957,24.7225458756109,24.6760255545029,24.7742102793675,24.6346563530609,24.6398284203822,24.7432147730614,24.8877801045559,24.7380479408253,24.7948687272058,24.8413349715329,24.8310109648659,24.6398284203822,24.6139654618445,24.6656848260024,24.6708553211965,24.6243114319154,24.7225458756109,24.5622198668973,24.7328808471969,24.6087920833666,24.6450002255868,24.6398284203822,24.7070414568379,24.7535476535085,24.7380479408253,24.7948687272058,24.7483813439431,24.7742102793675,24.836173098535,24.7638794888426,24.7535476535085,24.7122098579989,24.8000326866343,24.7897045068028,24.8877801045559,24.8723007375455,24.836173098535,24.7380479408253,24.8980983810354,24.68119552596,24.8000326866343,24.8051963851263,24.8464965838976,24.7225458756109,24.7483813439431,24.86197985757,24.9135738442187,24.7793752829217,24.7793752829217,24.8258485704877,24.7948687272058,24.8826205758957,24.8774607869049,24.7897045068028,24.86197985757,24.8826205758957,24.954830304227,24.86197985757,24.8826205758957,24.8929393729232,24.8155229994525,24.8516579356668,24.7328808471969,24.8826205758957,24.9084156166453,24.86197985757,24.8310109648659,24.836173098535,24.836173098535,24.9599861922213,24.9496741564303,24.9857617364743,24.918731811688,24.7742102793675,24.7948687272058,24.7845400253874,24.6139654618445,24.6450002255868,24.6863652356057,24.6191385780148,24.6294840235847,24.6139654618445,24.593270373703,24.7070414568379,24.6501717687129,24.6450002255868,24.6656848260024,24.7483813439431,24.7587137017957,24.7587137017957,24.8000326866343,24.8051963851263,24.6863652356057,24.7277134921382,24.8826205758957,24.9032571289301,24.7742102793675,24.8258485704877,24.836173098535,24.8206859153626,24.8258485704877,24.7948687272058,24.7483813439431,24.68119552596,24.598444539334,24.7070414568379,24.6398284203822,24.8051963851263,24.8000326866343,24.7638794888426,24.7432147730614,24.7277134921382,24.7070414568379,24.7380479408253,24.7535476535085,24.7225458756109,24.7173779975772,24.7948687272058,24.7328808471969,24.7225458756109,24.7587137017957,24.7845400253874,24.8000326866343,24.7380479408253,24.7897045068028,24.7897045068028,24.8206859153626,24.7070414568379,24.8103598227198,25.1093940990381,25.2174501739369,25.3356668224182,25.3716187925976,25.3305297988212,25.3510763511273,25.3510763511273,25.3972910671794,25.3664835674914,25.3151171854302,25.3048408239653,25.3408035889768,25.3408035889768
24.6191385780148,24.6139654618445,24.6191385780148,24.6294840235847,24.598444539334,24.7328808471969,24.7380479408253,24.7122098579989,24.6398284203822,24.7070414568379,24.525982322611,24.6346563530609,24.6450002255868,24.6553430497988,24.6087920833666,24.6553430497988,24.6656848260024,24.6656848260024,24.5673956078683,24.525982322611,24.593270373703,24.4223754377718,24.6656848260024,24.5570438632356,24.3809031634257,24.5363372209139,24.5673956078683,24.5673956078683,24.4534685658236,24.593270373703,24.6915346834782,24.6760255545029,24.6760255545029,24.593270373703,24.6087920833666,24.7018727940562,24.5725710861868,24.6501717687129,24.4638308334468,24.6087920833666,24.6656848260024,24.588095945611,24.593270373703,24.5725710861868,24.6139654618445,24.7328808471969,24.7535476535085,24.6967038696157,24.7483813439431,24.6760255545029,24.6605140688826,24.6553430497988,24.6294840235847,24.6553430497988,24.6967038696157,24.7742102793675,24.7225458756109,24.7173779975772,24.6243114319154,24.7328808471969,24.836173098535,24.6915346834782,24.6553430497988,24.6398284203822,24.4534685658236,24.4482870367845,24.6398284203822,24.6605140688826,24.6139654618445,24.7690450146872,24.7432147730614,24.5363372209139,24.5673956078683,24.6294840235847,24.6087920833666,24.6501717687129,24.6760255545029,24.5673956078683,24.5622198668973,24.5000904743927,24.6191385780148,24.5208044790397,24.6294840235847,24.7225458756109,24.6656848260024,24.6294840235847,24.6501717687129,24.7948687272058,24.7122098579989,24.7432147730614,24.7225458756109,24.836173098535,24.8206859153626,24.7948687272058,24.7122098579989,24.8051963851263,24.6191385780148,24.6656848260024,24.6036184425424,24.7587137017957,24.7587137017957,24.7122098579989,24.6605140688826,24.8464965838976,24.7380479408253,24.7483813439431,24.8310109648659,24.8413349715329,24.7845400253874,24.6656848260024,24.588095945611,24.6501717687129,24.598444539334,24.6760255545029,24.6501717687129,24.5777463018912,24.6398284203822,24.6708553211965,24.7587137017957,24.7277134921382,24.8258485704877,24.8051963851263,24.7225458756109,24.7638794888426,24.7380479408253,24.8103598227198,24.7742102793675,24.6760255545029,24.6708553211965,24.7483813439431,24.68119552596,24.8051963851263,24.8929393729232,24.8103598227198,24.8206859153626,24.8155229994525,24.8206859153626,24.8103598227198,24.7225458756109,24.7328808471969,24.7328808471969,24.7328808471969,24.8310109648659,24.86197985757,24.8671404277798,24.8723007375455,24.8051963851263,24.7897045068028,24.8103598227198,24.7638794888426,24.8826205758957,24.8774607869049,24.86197985757,24.9909160664447,24.86197985757,24.8774607869049,24.8464965838976,24.8826205758957,24.8826205758957,24.8568190268782,24.8464965838976,24.8723007375455,24.9702971889533,24.8413349715329,24.9651418204509,24.8464965838976,24.86197985757,24.9496741564303,24.9651418204509,24.9238895190908,24.9135738442187,24.8877801045559,24.8206859153626,24.7432147730614,24.593270373703,24.6294840235847,24.6139654618445,24.593270373703,24.68119552596,24.6346563530609,24.6294840235847,24.6553430497988,24.7225458756109,24.7328808471969,24.6915346834782,24.7845400253874,24.7742102793675,24.7897045068028,24.7897045068028,24.7535476535085,24.7483813439431,24.7742102793675,24.7535476535085,24.8258485704877,24.7535476535085,24.7948687272058,24.7948687272058,24.8206859153626,24.7742102793675,24.7328808471969,24.8206859153626,24.6967038696157,24.7483813439431,24.7483813439431,24.7328808471969,24.7587137017957,24.7122098579989,24.7535476535085,24.6915346834782,24.7070414568379,24.7018727940562,24.7225458756109,24.8413349715329,24.7432147730614,24.7845400253874,24.7535476535085,24.7173779975772,24.8155229994525,24.8051963851263,24.6967038696157,24.7483813439431,24.7070414568379,24.7070414568379,24.7897045068028,24.8258485704877,24.9342041538485,24.954830304227,24.9445177487934,25.2123072282184,25.2894243522202,25.4537474974415,25.2945634334578,25.3818884725093,25.3613480855689,25.3048408239653,25.3972910671794,25.2637250847104,25.325392518149,25.3202549803643,25.3099791333095
24.5415142757223,24.5208044790397,24.6191385780148,24.5570438632356,24.6346563530609,24.6501717687129,24.6605140688826,24.6863652356057,24.68119552596,24.7277134921382,24.6708553211965,24.7328808471969,24.6346563530609,24.6656848260024,24.7897045068028,24.6915346834782,24.7587137017957,24.6708553211965,24.5363372209139,24.6605140688826,24.5156263724707,24.5673956078683,24.5777463018912,24.5518675968447,24.3601606905737,24.4845522079513,24.7277134921382,24.5311599032229,24.5622198668973,24.6967038696157,24.6191385780148,24.7742102793675,24.6398284203822,24.7070414568379,24.525982322611,24.5000904743927,24.6294840235847,24.6501717687129,24.7483813439431,24.6967038696157,24.6553430497988,24.6708553211965,24.6708553211965,24.6501717687129,24.6553430497988,24.6967038696157,24.6294840235847,24.6243114319154,24.7328808471969,24.7742102793675,24.8310109648659,24.8051963851263,24.7587137017957,24.6398284203822,24.7328808471969,24.7432147730614,24.7225458756109,24.7380479408253,24.7173779975772,24.6450002255868,24.68119552596,24.6398284203822,24.6450002255868,24.4534685658236,24.396457245529,24.4897318933139,24.598444539334,24.6346563530609,24.68119552596,24.6450002255868,24.7690450146872,24.6915346834782,24.5622198668973,24.5363372209139,24.5725710861868,24.6139654618445,24.525982322611,24.5466910676864,24.6398284203822,24.525982322611,24.5104480028654,24.6087920833666,24.6760255545029,24.7173779975772,24.6967038696157,24.6036184425424,24.6191385780148,24.7587137017957,24.7070414568379,24.7018727940562,24.6915346834782,24.7328808471969,24.7122098579989,24.6863652356057,24.6139654618445,24.7328808471969,24.6139654618445,24.6036184425424,24.6346563530609,24.6656848260024,24.7380479408253,24.6708553211965,24.7432147730614,24.7793752829217,24.7535476535085,24.836173098535,24.7432147730614,24.86197985757,24.588095945611,24.68119552596,24.6760255545029,24.6087920833666,24.6346563530609,24.6346563530609,24.6346563530609,24.6760255545029,24.6863652356057,24.8155229994525,24.6501717687129,24.7638794888426,24.8103598227198,24.7587137017957,24.7070414568379,24.7277134921382,24.7638794888426,24.7948687272058,24.7845400253874,24.68119552596,24.6398284203822,24.6450002255868,24.7070414568379,24.8155229994525,24.8155229994525,24.7948687272058,24.8310109648659,24.8568190268782,24.7587137017957,24.7535476535085,24.8155229994525,24.7122098579989,24.7070414568379,24.6915346834782,24.8155229994525,24.7328808471969,24.8568190268782,24.7483813439431,24.8568190268782,24.7897045068028,24.8723007375455,24.8516579356668,24.9135738442187,24.8051963851263,24.7742102793675,24.8877801045559,24.9290469664651,24.9909160664447,24.8826205758957,24.86197985757,24.8774607869049,24.8568190268782,24.8723007375455,24.9135738442187,25.0166838239645,24.9342041538485,24.8258485704877,24.8826205758957,24.9342041538485,25.0321413659635,25.0012239478063,24.9651418204509,24.9290469664651,24.8723007375455,24.7587137017957,24.8464965838976,24.7328808471969,24.588095945611,24.5570438632356,24.6294840235847,24.6036184425424,24.6191385780148,24.5777463018912,24.6087920833666,24.6450002255868,24.6398284203822,24.7742102793675,24.8258485704877,24.7742102793675,24.6450002255868,24.7535476535085,24.7897045068028,24.8258485704877,24.8051963851263,24.6398284203822,24.8051963851263,24.6450002255868,24.8103598227198,24.8000326866343,24.8155229994525,24.7277134921382,24.7948687272058,24.7690450146872,24.7328808471969,24.7845400253874,24.7948687272058,24.6605140688826,24.7173779975772,24.7638794888426,24.7122098579989,24.7018727940562,24.6760255545029,24.6450002255868,24.7018727940562,24.7638794888426,24.8051963851263,24.7742102793675,24.7277134921382,24.7070414568379,24.7122098579989,24.8000326866343,24.7018727940562,24.7070414568379,24.7483813439431,24.6708553211965,24.7638794888426,24.8774607869049,24.8000326866343,24.9496741564303,25.0990971001769,25.14027888859,25.2534435750629,25.3408035889768,25.325392518149,25.3356668224182,25.3408035889768,25.3099791333095,25.3356668224182,25.3562123467933,25.2945634334578,25.2997022573604,25.3048408239653
24.5052693701856,24.7173779975772,24.5829212550199,24.6139654618445,24.6708553211965,24.5415142757223,24.6243114319154,24.6708553211965,24.6915346834782,24.5208044790397,24.7173779975772,24.68119552596,24.6450002255868,24.6294840235847,24.6605140688826,24.6450002255868,24.7587137017957,24.6863652356057,24.6915346834782,24.6294840235847,24.5052693701856,24.5208044790397,24.5156263724707,24.5363372209139,24.4638308334468,24.5777463018912,24.4845522079513,24.6915346834782,24.7018727940562,24.6501717687129,24.6863652356057,24.6346563530609,24.7225458756109,24.5363372209139,24.525982322611,24.5518675968447,24.7742102793675,24.7380479408253,24.6398284203822,24.598444539334,24.7173779975772,24.6967038696157,24.7070414568379,24.6656848260024,24.598444539334,24.6450002255868,24.5829212550199,24.5829212550199,24.6656848260024,24.7638794888426,24.7793752829217,24.7690450146872,24.7328808471969,24.8568190268782,24.7277134921382,24.7742102793675,24.8310109648659,24.7225458756109,24.6087920833666,24.7070414568379,24.7483813439431,24.5311599032229,24.4534685658236,24.2823387496704,24.1784834681163,24.4482870367845,24.6863652356057,24.6656848260024,24.6191385780148,24.8000326866343,24.7897045068028,24.6656848260024,24.6501717687129,24.5725710861868,24.5725710861868,24.6294840235847,24.4949113154483,24.5052693701856,24.5725710861868,24.5725710861868,24.593270373703,24.7018727940562,24.6915346834782,24.6553430497988,24.6915346834782,24.6346563530609,24.7070414568379,24.7328808471969,24.7483813439431,24.86197985757,24.7793752829217,24.7122098579989,24.6708553211965,24.7018727940562,24.7225458756109,24.7948687272058,24.6656848260024,24.5311599032229,24.5622198668973,24.5311599032229,24.7328808471969,24.6553430497988,24.7432147730614,24.7483813439431,24.7535476535085,24.7483813439431,24.7328808471969,24.8826205758957,24.8671404277798,24.7277134921382,24.6967038696157,24.7018727940562,24.6191385780148,24.68119552596,24.5415142757223,24.6605140688826,24.7328808471969,24.7845400253874,24.7793752829217,24.7742102793675,24.8103598227198,24.7328808471969,24.7793752829217,24.7742102793675,24.8103598227198,24.6708553211965,24.6760255545029,24.7225458756109,24.6501717687129,24.593270373703,24.6139654618445,24.7277134921382,24.8206859153626,24.8103598227198,24.8103598227198,24.8258485704877,24.7690450146872,24.7483813439431,24.7483813439431,24.7070414568379,24.6915346834782,24.6708553211965,24.6450002255868,24.7122098579989,24.7328808471969,24.7845400253874,24.836173098535,24.8051963851263,24.9342041538485,24.8877801045559,24.8155229994525,24.7845400253874,24.8103598227198,24.836173098535,24.8929393729232,24.918731811688,24.8516579356668,24.836173098535,24.8929393729232,24.8723007375455,24.8877801045559,24.8877801045559,24.954830304227,24.836173098535,24.8206859153626,24.9651418204509,24.9032571289301,24.954830304227,24.9496741564303,24.9857617364743,24.9445177487934,24.9290469664651,24.86197985757,24.7277134921382,24.5777463018912,24.5622198668973,24.588095945611,24.6191385780148,24.7277134921382,24.5725710861868,24.5777463018912,24.5725710861868,24.6294840235847,24.7122098579989,24.8826205758957,24.7845400253874,24.8000326866343,24.8155229994525,24.7948687272058,24.7483813439431,24.836173098535,24.8310109648659,24.7587137017957,24.7845400253874,24.7535476535085,24.7483813439431,24.7328808471969,24.8310109648659,24.7742102793675,24.7948687272058,24.7380479408253,24.6191385780148,24.7432147730614,24.7483813439431,24.7432147730614,24.7122098579989,24.7690450146872,24.7638794888426,24.7742102793675,24.7173779975772,24.7328808471969,24.6605140688826,24.6760255545029,24.7793752829217,24.7845400253874,24.7070414568379,24.7845400253874,24.7690450146872,24.7380479408253,24.8103598227198,24.7277134921382,24.7483813439431,24.7535476535085,24.7897045068028,24.7948687272058,24.8877801045559,24.9599861922213,25.0269891112523,25.2997022573604,25.3048408239653,25.3613480855689,25.3202549803643,25.3099791333095,25.3921571255997,25.3664835674914,25.3664835674914,25.3510763511273,25.3613480855689,25.4845288451903,25.3099791333095
24.6553430497988,24.6501717687129,24.598444539334,24.5466910676864,24.5415142757223,24.5725710861868,24.5673956078683,24.5673956078683,24.7070414568379,24.7070414568379,24.7587137017957,24.6863652356057,24.7122098579989,24.7897045068028,24.7173779975772,24.6967038696157,24.6346563530609,24.7535476535085,24.6139654618445,24.593270373703,24.4741920473867,24.3757179413665,24.3757179413665,24.525982322611,24.5466910676864,24.5673956078683,24.6036184425424,24.5415142757223,24.6346563530609,24.7173779975772,24.6398284203822,24.6863652356057,24.7122098579989,24.6398284203822,24.6139654618445,24.3757179413665,24.5052693701856,24.5777463018912,24.5104480028654,24.5829212550199,24.6967038696157,24.6656848260024,24.68119552596,24.6605140688826,24.6294840235847,24.6501717687129,24.6760255545029,24.6967038696157,24.7483813439431,24.6605140688826,24.8258485704877,24.8000326866343,24.8568190268782,24.7948687272058,24.7018727940562,24.7793752829217,24.7742102793675,24.7535476535085,24.7380479408253,24.6139654618445,24.7070414568379,24.4586498313649,24.4379231880585,24.2927184476639,24.4638308334468,24.6191385780148,24.7225458756109,24.6036184425424,24.7535476535085,24.6036184425424,24.6087920833666,24.6087920833666,24.6398284203822,24.5052693701856,24.525982322611,24.5208044790397,24.4690115721079,24.5415142757223,24.5208044790397,24.5208044790397,24.5311599032229,24.68119552596,24.6708553211965,24.6605140688826,24.7173779975772,24.7070414568379,24.6656848260024,24.7742102793675,24.7483813439431,24.7897045068028,24.6967038696157,24.7277134921382,24.68119552596,24.7277134921382,24.7483813439431,24.7587137017957,24.7483813439431,24.5777463018912,24.5363372209139,24.5363372209139,24.6087920833666,24.7535476535085,24.7742102793675,24.7845400253874,24.7070414568379,24.8206859153626,24.8051963851263,24.7483813439431,24.836173098535,24.7742102793675,24.7225458756109,24.6915346834782,24.6760255545029,24.6553430497988,24.6863652356057,24.6708553211965,24.7277134921382,24.7690450146872,24.7638794888426,24.8000326866343,24.8103598227198,24.7380479408253,24.6760255545029,24.8464965838976,24.7845400253874,24.8155229994525,24.7122098579989,24.68119552596,24.6553430497988,24.5777463018912,24.6294840235847,24.7380479408253,24.836173098535,24.8051963851263,24.8051963851263,24.7793752829217,24.8000326866343,24.8103598227198,24.6398284203822,24.6553430497988,24.68119552596,24.6398284203822,24.6398284203822,24.6967038696157,24.8774607869049,24.8464965838976,24.8464965838976,24.8310109648659,24.8051963851263,24.8051963851263,24.8929393729232,24.7742102793675,24.8155229994525,24.8206859153626,24.8929393729232,24.8826205758957,24.8980983810354,24.8774607869049,24.8774607869049,24.8774607869049,24.8671404277798,24.9084156166453,24.9445177487934,24.8877801045559,25.0063774992726,24.8568190268782,25.0115307913128,24.9393610812787,24.9960701368761,24.9599861922213,24.9599861922213,24.8774607869049,24.7948687272058,24.7225458756109,24.6450002255868,24.5673956078683,24.5415142757223,24.6036184425424,24.6294840235847,24.5311599032229,24.7173779975772,24.6294840235847,24.6243114319154,24.7535476535085,24.6501717687129,24.8310109648659,24.7432147730614,24.7277134921382,24.8051963851263,24.7897045068028,24.7742102793675,24.8051963851263,24.8310109648659,24.7690450146872,24.7328808471969,24.7225458756109,24.7380479408253,24.8980983810354,24.7690450146872,24.7897045068028,24.7845400253874,24.7380479408253,24.7380479408253,24.6398284203822,24.7122098579989,24.7535476535085,24.6967038696157,24.7277134921382,24.6863652356057,24.7277134921382,24.7793752829217,24.8206859153626,24.7742102793675,24.7845400253874,24.7535476535085,24.7690450146872,24.7948687272058,24.8051963851263,24.8051963851263,24.7897045068028,24.7742102793675,24.7380479408253,24.7328808471969,24.7690450146872,24.9084156166453,24.954830304227,24.8051963851263,25.1145422104357,25.1917328656758,25.2225928617629,25.3151171854302,25.3356668224182,25.3099791333095,25.3818884725093,25.3099791333095,25.3562123467933,25.2740055641272,25.3664835674914,25.3562123467933,25.2945634334578
24.7122098579989,24.6087920833666,24.4275582848784,24.4120089523324,24.5363372209139,24.4275582848784,24.5518675968447,24.7070414568379,24.6708553211965,24.6863652356057,24.7122098579989,24.7070414568379,24.8103598227198,24.7225458756109,24.8051963851263,24.6863652356057,24.7328808471969,24.7070414568379,24.6294840235847,24.6863652356057,24.593270373703,24.4638308334468,24.3809031634257,24.4741920473867,24.5311599032229,24.3860881214467,24.5518675968447,24.6243114319154,24.7432147730614,24.6243114319154,24.6294840235847,24.6501717687129,24.6450002255868,24.6398284203822,24.6243114319154,24.7328808471969,24.7277134921382,24.7173779975772,24.7173779975772,24.7380479408253,24.6760255545029,24.8877801045559,24.7380479408253,24.7793752829217,24.836173098535,24.7070414568379,24.7070414568379,24.7018727940562,24.5777463018912,24.5518675968447,24.6243114319154,24.6553430497988,24.7277134921382,24.7690450146872,24.7845400253874,24.8051963851263,24.7432147730614,24.7587137017957,24.7328808471969,24.6346563530609,24.7277134921382,24.68119552596,24.593270373703,24.5518675968447,24.525982322611,24.6346563530609,24.7277134921382,24.7225458756109,24.6398284203822,24.4949113154483,24.6036184425424,24.598444539334,24.5725710861868,24.4949113154483,24.5104480028654,24.3912728154683,24.525982322611,24.525982322611,24.6656848260024,24.5104480028654,24.5363372209139,24.6605140688826,24.6450002255868,24.6863652356057,24.7277134921382,24.7690450146872,24.6915346834782,24.6346563530609,24.7845400253874,24.7793752829217,24.6863652356057,24.7587137017957,24.6915346834782,24.7587137017957,24.6294840235847,24.7690450146872,24.7535476535085,24.7535476535085,24.6708553211965,24.6760255545029,24.7070414568379,24.5208044790397,24.6294840235847,24.7122098579989,24.7432147730614,24.6708553211965,24.7432147730614,24.7380479408253,24.7483813439431,24.7225458756109,24.7070414568379,24.6398284203822,24.7845400253874,24.6036184425424,24.6553430497988,24.6708553211965,24.5725710861868,24.7535476535085,24.7897045068028,24.7535476535085,24.6553430497988,24.7432147730614,24.7638794888426,24.7122098579989,24.6863652356057,24.8000326866343,24.7845400253874,24.7173779975772,24.7122098579989,24.7277134921382,24.5829212550199,24.5518675968447,24.8155229994525,24.7173779975772,24.8413349715329,24.7328808471969,24.7948687272058,24.8310109648659,24.6398284203822,24.5777463018912,24.6450002255868,24.6294840235847,24.5104480028654,24.7018727940562,24.8155229994525,24.836173098535,24.836173098535,24.8310109648659,24.8568190268782,24.8723007375455,24.6605140688826,24.8568190268782,24.8310109648659,24.8000326866343,24.8000326866343,24.8000326866343,24.7948687272058,24.8413349715329,24.8671404277798,24.918731811688,24.9032571289301,24.8774607869049,24.8103598227198,24.8206859153626,24.8568190268782,24.8310109648659,24.9857617364743,24.9238895190908,24.9909160664447,24.9238895190908,24.8929393729232,24.7742102793675,24.8568190268782,24.8464965838976,24.9135738442187,24.7380479408253,24.68119552596,24.6863652356057,24.6450002255868,24.6915346834782,24.6294840235847,24.6967038696157,24.6553430497988,24.7070414568379,24.7018727940562,24.8413349715329,24.8310109648659,24.7897045068028,24.7070414568379,24.8258485704877,24.8671404277798,24.8413349715329,24.7690450146872,24.8103598227198,24.7587137017957,24.8051963851263,24.7277134921382,24.7122098579989,24.7948687272058,24.7845400253874,24.7793752829217,24.7328808471969,24.7742102793675,24.7277134921382,24.7380479408253,24.7173779975772,24.7122098579989,24.68119552596,24.7742102793675,24.6708553211965,24.7277134921382,24.6708553211965,24.6967038696157,24.8258485704877,24.7587137017957,24.7638794888426,24.7122098579989,24.7897045068028,24.7742102793675,24.7173779975772,24.7742102793675,24.7225458756109,24.6863652356057,24.8568190268782,24.9496741564303,24.9445177487934,24.8980983810354,24.9342041538485,25.1762993840732,25.2020205629554,25.2945634334578,25.2997022573604,25.2894243522202,25.3767537609245,25.3202549803643,25.325392518149,25.1762993840732,25.3716187925976,25.2791454175921,25.2842850136107
24.5311599032229,24.4638308334468,24.3394139906367,24.3912728154683,24.3238511901693,24.3549744119754,24.7018727940562,24.6656848260024,24.7483813439431,24.7018727940562,24.7225458756109,24.6967038696157,24.7173779975772,24.7122098579989,24.6967038696157,24.7018727940562,24.6398284203822,24.6139654618445,24.7535476535085,24.6346563530609,24.6656848260024,24.5518675968447,24.6087920833666,24.4482870367845,24.5466910676864,24.5622198668973,24.4845522079513,24.4431052442089,24.5622198668973,24.5311599032229,24.5673956078683,24.6915346834782,24.6605140688826,24.6450002255868,24.6967038696157,24.7328808471969,24.7225458756109,24.7587137017957,24.8723007375455,24.7535476535085,24.8826205758957,24.7897045068028,24.7483813439431,24.8310109648659,24.918731811688,24.7277134921382,24.7225458756109,24.7535476535085,24.5725710861868,24.6501717687129,24.6863652356057,24.7742102793675,24.7328808471969,24.7122098579989,24.8051963851263,24.7432147730614,24.8516579356668,24.7380479408253,24.7742102793675,24.6450002255868,24.6915346834782,24.7122098579989,24.7380479408253,24.7328808471969,24.7328808471969,24.7380479408253,24.7277134921382,24.7173779975772,24.6656848260024,24.6243114319154,24.6087920833666,24.4741920473867,24.5673956078683,24.5208044790397,24.6708553211965,24.4638308334468,24.5000904743927,24.598444539334,24.5208044790397,24.6294840235847,24.588095945611,24.525982322611,24.6346563530609,24.6656848260024,24.8310109648659,24.6967038696157,24.7535476535085,24.7173779975772,24.7380479408253,24.8051963851263,24.7173779975772,24.7742102793675,24.7690450146872,24.6863652356057,24.7845400253874,24.7432147730614,24.8103598227198,24.7328808471969,24.7690450146872,24.6863652356057,24.7122098579989,24.6191385780148,24.6191385780148,24.5104480028654,24.5052693701856,24.6553430497988,24.7845400253874,24.6656848260024,24.7277134921382,24.7380479408253,24.7173779975772,24.7483813439431,24.7122098579989,24.6760255545029,24.6398284203822,24.6760255545029,24.68119552596,24.7897045068028,24.8464965838976,24.6553430497988,24.6760255545029,24.7742102793675,24.7432147730614,24.7380479408253,24.6656848260024,24.7638794888426,24.7173779975772,24.6708553211965,24.7432147730614,24.6501717687129,24.6398284203822,24.7845400253874,24.7897045068028,24.7018727940562,24.68119552596,24.7948687272058,24.7587137017957,24.7432147730614,24.8206859153626,24.6346563530609,24.6346563530609,24.6501717687129,24.6656848260024,24.5415142757223,24.7535476535085,24.8310109648659,24.8155229994525,24.8258485704877,24.8877801045559,24.8774607869049,24.8206859153626,24.8877801045559,24.9290469664651,24.9084156166453,25.0424450977087,24.8929393729232,24.8671404277798,24.8980983810354,24.9032571289301,24.9393610812787,24.9445177487934,24.8516579356668,24.9084156166453,24.836173098535,24.8000326866343,24.7225458756109,24.9135738442187,24.9599861922213,24.9909160664447,24.9290469664651,24.7690450146872,24.836173098535,24.9290469664651,24.8206859153626,24.9135738442187,24.7483813439431,24.7328808471969,24.6708553211965,24.7328808471969,24.6553430497988,24.5673956078683,24.68119552596,24.6967038696157,24.6863652356057,24.7948687272058,24.7328808471969,24.8774607869049,24.7225458756109,24.7845400253874,24.8206859153626,24.86197985757,24.836173098535,24.7793752829217,24.8568190268782,24.8103598227198,24.7483813439431,24.7225458756109,24.7690450146872,24.6863652356057,24.6501717687129,24.7587137017957,24.6915346834782,24.7483813439431,24.8155229994525,24.6243114319154,24.6967038696157,24.6450002255868,24.6605140688826,24.7483813439431,24.68119552596,24.7742102793675,24.68119552596,24.7742102793675,24.7122098579989,24.7225458756109,24.7173779975772,24.7277134921382,24.8000326866343,24.8051963851263,24.7948687272058,24.7277134921382,24.7587137017957,24.6967038696157,24.7948687272058,24.9238895190908,24.9290469664651,24.9496741564303,24.9651418204509,25.2380193782588,25.1968768433364,25.3048408239653,25.3921571255997,25.2945634334578,25.2997022573604,25.3818884725093,25.3767537609245,25.3767537609245,25.3664835674914,25.3613480855689,25.3613480855689
24.5208044790397,24.3757179413665,24.5829212550199,24.3030970868713,24.2823387496704,24.2927184476639,24.5466910676864,24.7277134921382,24.7483813439431,24.7173779975772,24.7225458756109,24.7070414568379,24.7018727940562,24.7277134921382,24.6967038696157,24.7173779975772,24.7018727940562,24.7277134921382,24.6915346834782,24.6139654618445,24.6191385780148,24.6139654618445,24.4741920473867,24.5777463018912,24.4690115721079,24.5570438632356,24.5363372209139,24.6191385780148,24.5415142757223,24.598444539334,24.5311599032229,24.6450002255868,24.6501717687129,24.6450002255868,24.7173779975772,24.8464965838976,24.7277134921382,24.7587137017957,24.8877801045559,24.7380479408253,24.8103598227198,24.7535476535085,24.7277134921382,24.7277134921382,24.6501717687129,24.7328808471969,24.6967038696157,24.8516579356668,24.7277134921382,24.6656848260024,24.6863652356057,24.5518675968447,24.7122098579989,24.6605140688826,24.6450002255868,24.7845400253874,24.6708553211965,24.6863652356057,24.7432147730614,24.7173779975772,24.7483813439431,24.7277134921382,24.6087920833666,24.7277134921382,24.7380479408253,24.6087920833666,24.7328808471969,24.7535476535085,24.6501717687129,24.4534685658236,24.4793722593216,24.4379231880585,24.5156263724707,24.5673956078683,24.5156263724707,24.5208044790397,24.5466910676864,24.68119552596,24.6398284203822,24.6191385780148,24.6036184425424,24.6656848260024,24.6398284203822,24.7328808471969,24.68119552596,24.7432147730614,24.7432147730614,24.7122098579989,24.7638794888426,24.7328808471969,24.8206859153626,24.8103598227198,24.8103598227198,24.7225458756109,24.7432147730614,24.8258485704877,24.7587137017957,24.8723007375455,24.8206859153626,24.7018727940562,24.7328808471969,24.6760255545029,24.6398284203822,24.6450002255868,24.6243114319154,24.7070414568379,24.7845400253874,24.5466910676864,24.6915346834782,24.7277134921382,24.7483813439431,24.7328808471969,24.7638794888426,24.6191385780148,24.7122098579989,24.7535476535085,24.7432147730614,24.7742102793675,24.8516579356668,24.836173098535,24.7277134921382,24.8258485704877,24.8568190268782,24.8103598227198,24.7328808471969,24.7432147730614,24.6863652356057,24.5673956078683,24.6191385780148,24.7380479408253,24.593270373703,24.6450002255868,24.7897045068028,24.7535476535085,24.8516579356668,24.8103598227198,24.7328808471969,24.6501717687129,24.6760255545029,24.7587137017957,24.7587137017957,24.8723007375455,24.6294840235847,24.5518675968447,24.6708553211965,24.8258485704877,24.8103598227198,24.8826205758957,24.6501717687129,24.8051963851263,24.8980983810354,24.9084156166453,24.86197985757,24.8980983810354,25.0475965748176,24.8774607869049,24.9135738442187,24.9496741564303,24.8723007375455,24.8413349715329,24.8877801045559,24.8155229994525,24.7897045068028,24.8826205758957,24.7948687272058,24.7793752829217,24.8051963851263,24.8877801045559,24.9238895190908,24.9702971889533,24.8413349715329,24.7690450146872,24.9496741564303,24.9084156166453,24.8774607869049,24.7535476535085,24.8413349715329,24.7535476535085,24.7277134921382,24.7328808471969,24.6191385780148,24.6243114319154,24.7432147730614,24.6967038696157,24.6967038696157,24.7380479408253,24.7638794888426,24.7380479408253,24.7380479408253,24.7690450146872,24.8155229994525,24.7638794888426,24.7690450146872,24.8568190268782,24.8310109648659,24.7432147730614,24.7742102793675,24.7070414568379,24.6553430497988,24.7380479408253,24.7742102793675,24.7535476535085,24.7432147730614,24.6501717687129,24.7122098579989,24.7018727940562,24.6553430497988,24.7328808471969,24.7690450146872,24.7690450146872,24.7948687272058,24.6915346834782,24.7018727940562,24.6915346834782,24.7070414568379,24.7587137017957,24.7897045068028,24.8310109648659,24.8774607869049,24.8206859153626,24.7948687272058,24.7638794888426,24.9135738442187,24.9445177487934,24.9135738442187,24.8723007375455,24.8774607869049,24.9806071469274,25.0475965748176,25.3048408239653,25.3562123467933,25.258584458684,25.4896581737131,25.3459400985342,25.3921571255997,25.3818884725093,25.3972910671794,25.3664835674914,25.3716187925976,25.3562123467933
24.2875287310348,24.3497878691456,24.5363372209139,24.4379231880585,24.2460014642685,24.1369116310709,24.5311599032229,24.6087920833666,24.7225458756109,24.7277134921382,24.7070414568379,24.7070414568379,24.5622198668973,24.598444539334,24.7070414568379,24.7018727940562,24.7018727940562,24.6760255545029,24.593270373703,24.6967038696157,24.6036184425424,24.5829212550199,24.6656848260024,24.6656848260024,24.593270373703,24.5829212550199,24.5725710861868,24.5415142757223,24.5673956078683,24.5208044790397,24.6553430497988,24.6087920833666,24.5415142757223,24.5415142757223,24.7225458756109,24.7122098579989,24.7380479408253,24.8155229994525,24.8671404277798,24.8206859153626,24.7690450146872,24.8000326866343,24.7122098579989,24.6501717687129,24.6656848260024,24.7225458756109,24.6656848260024,24.7690450146872,24.7535476535085,24.7277134921382,24.6708553211965,24.593270373703,24.3860881214467,24.4016414116675,24.4638308334468,24.6243114319154,24.7432147730614,24.7483813439431,24.6346563530609,24.6243114319154,24.6036184425424,24.6191385780148,24.7277134921382,24.7328808471969,24.6553430497988,24.7328808471969,24.6191385780148,24.6294840235847,24.7225458756109,24.5052693701856,24.417192326936,24.4431052442089,24.5156263724707,24.6708553211965,24.3757179413665,24.5570438632356,24.5052693701856,24.4586498313649,24.6605140688826,24.593270373703,24.6036184425424,24.6294840235847,24.525982322611,24.7070414568379,24.68119552596,24.598444539334,24.7535476535085,24.7122098579989,24.7535476535085,24.7432147730614,24.8206859153626,24.7535476535085,24.7897045068028,24.836173098535,24.8258485704877,24.7328808471969,24.7587137017957,24.8310109648659,24.6501717687129,24.6553430497988,24.7845400253874,24.7793752829217,24.7742102793675,24.7018727940562,24.6243114319154,24.6708553211965,24.6553430497988,24.4431052442089,24.5622198668973,24.7638794888426,24.7432147730614,24.7122098579989,24.7742102793675,24.7742102793675,24.7328808471969,24.7277134921382,24.86197985757,24.7328808471969,24.7483813439431,24.8568190268782,24.8516579356668,24.7845400253874,24.8051963851263,24.7380479408253,24.7432147730614,24.7225458756109,24.7380479408253,24.7173779975772,24.6294840235847,24.6191385780148,24.6191385780148,24.7793752829217,24.7897045068028,24.7328808471969,24.7690450146872,24.7018727940562,24.6863652356057,24.6656848260024,24.7380479408253,24.7173779975772,24.6450002255868,24.6087920833666,24.6243114319154,24.6087920833666,24.7690450146872,24.6760255545029,24.8103598227198,24.6656848260024,24.7690450146872,24.7690450146872,24.7587137017957,24.7328808471969,24.8206859153626,24.9032571289301,24.8929393729232,24.8310109648659,24.836173098535,24.8671404277798,24.9032571289301,24.8929393729232,24.9032571289301,24.7948687272058,24.8206859153626,24.8980983810354,24.8929393729232,24.8464965838976,24.8464965838976,24.8774607869049,24.8826205758957,24.8516579356668,24.8826205758957,24.9445177487934,24.9238895190908,25.0166838239645,24.8671404277798,24.7122098579989,24.7587137017957,24.6760255545029,24.7070414568379,24.7018727940562,24.6915346834782,24.6967038696157,24.6967038696157,24.7122098579989,24.7225458756109,24.6553430497988,24.7122098579989,24.6346563530609,24.6553430497988,24.7535476535085,24.7587137017957,24.8000326866343,24.8000326866343,24.8516579356668,24.7277134921382,24.7328808471969,24.7690450146872,24.7122098579989,24.7380479408253,24.7845400253874,24.7483813439431,24.7587137017957,24.6450002255868,24.6346563530609,24.6398284203822,24.7432147730614,24.6398284203822,24.6294840235847,24.7225458756109,24.7173779975772,24.6243114319154,24.6967038696157,24.7122098579989,24.7173779975772,24.7173779975772,24.7173779975772,24.8051963851263,24.7380479408253,24.6915346834782,24.7328808471969,24.7277134921382,24.86197985757,24.8774607869049,24.918731811688,24.8723007375455,24.8155229994525,24.9754522977662,24.9135738442187,25.0681998923707,25.2637250847104,25.2637250847104,25.2791454175921,25.3767537609245,25.3099791333095,25.3356668224182,25.3716187925976,25.2894243522202,25.3767537609245,25.4178242679226,25.3459400985342
24.2979078995965,24.2927184476639,24.3082860095273,24.3446010620456,24.3549744119754,24.2875287310348,24.5104480028654,24.6967038696157,24.7587137017957,24.7277134921382,24.7122098579989,24.7432147730614,24.5777463018912,24.7018727940562,24.6708553211965,24.6553430497988,24.6863652356057,24.588095945611,24.5466910676864,24.5777463018912,24.6605140688826,24.6553430497988,24.6967038696157,24.6087920833666,24.6553430497988,24.6398284203822,24.6398284203822,24.5725710861868,24.6863652356057,24.525982322611,24.5466910676864,24.6605140688826,24.5570438632356,24.6139654618445,24.7122098579989,24.6553430497988,24.6450002255868,24.7845400253874,24.836173098535,24.8206859153626,24.7638794888426,24.8000326866343,24.8206859153626,24.6760255545029,24.8000326866343,24.7535476535085,24.6553430497988,24.7638794888426,24.7690450146872,24.7432147730614,24.7483813439431,24.5673956078683,24.4741920473867,24.4741920473867,24.2511932998677,24.4690115721079,24.5829212550199,24.6708553211965,24.7173779975772,24.7535476535085,24.7380479408253,24.6191385780148,24.6450002255868,24.7535476535085,24.7380479408253,24.8206859153626,24.7328808471969,24.7173779975772,24.5156263724707,24.598444539334,24.6036184425424,24.4327408682945,24.6087920833666,24.5363372209139,24.6967038696157,24.7070414568379,24.6605140688826,24.4275582848784,24.5104480028654,24.6553430497988,24.7328808471969,24.7070414568379,24.6398284203822,24.6294840235847,24.5466910676864,24.6656848260024,24.8051963851263,24.6863652356057,24.7638794888426,24.8671404277798,24.8464965838976,24.8310109648659,24.8051963851263,24.8051963851263,24.836173098535,24.7690450146872,24.7432147730614,24.7742102793675,24.7690450146872,24.7690450146872,24.8155229994525,24.8155229994525,24.8051963851263,24.6656848260024,24.7328808471969,24.7277134921382,24.6605140688826,24.5673956078683,24.4275582848784,24.7277134921382,24.7587137017957,24.6760255545029,24.598444539334,24.7690450146872,24.7328808471969,24.7328808471969,24.7535476535085,24.7328808471969,24.6915346834782,24.8464965838976,24.7535476535085,24.7690450146872,24.8310109648659,24.7793752829217,24.7535476535085,24.7173779975772,24.7587137017957,24.7483813439431,24.7225458756109,24.5622198668973,24.6243114319154,24.7380479408253,24.7018727940562,24.7225458756109,24.8000326866343,24.6863652356057,24.7948687272058,24.7742102793675,24.7742102793675,24.6708553211965,24.6760255545029,24.6605140688826,24.7432147730614,24.6863652356057,24.6139654618445,24.6139654618445,24.7948687272058,24.6605140688826,24.598444539334,24.6656848260024,24.7380479408253,24.7690450146872,24.7535476535085,24.8826205758957,24.8774607869049,24.8051963851263,24.8310109648659,24.8310109648659,24.9857617364743,24.7948687272058,24.8051963851263,24.8568190268782,24.8980983810354,24.8310109648659,24.8826205758957,24.8929393729232,24.8206859153626,24.8568190268782,24.86197985757,24.8929393729232,24.8723007375455,24.9290469664651,24.9496741564303,25.0218365972651,24.9238895190908,24.8774607869049,24.7483813439431,24.7328808471969,24.6708553211965,24.6760255545029,24.7225458756109,24.7070414568379,24.7225458756109,24.7328808471969,24.7070414568379,24.7380479408253,24.7328808471969,24.7638794888426,24.7432147730614,24.7483813439431,24.8413349715329,24.7793752829217,24.8671404277798,24.7742102793675,24.7742102793675,24.7638794888426,24.7742102793675,24.7845400253874,24.7638794888426,24.6036184425424,24.7483813439431,24.7587137017957,24.6656848260024,24.8413349715329,24.6656848260024,24.6708553211965,24.7793752829217,24.8103598227198,24.8103598227198,24.7638794888426,24.7225458756109,24.8155229994525,24.7380479408253,24.7328808471969,24.7535476535085,24.7277134921382,24.7483813439431,24.7277134921382,24.8413349715329,24.7845400253874,24.8155229994525,24.7277134921382,24.8877801045559,24.9342041538485,24.9238895190908,24.8877801045559,24.9909160664447,25.0475965748176,25.2020205629554,25.2277352917338,25.3151171854302,25.2380193782588,25.3408035889768,25.3305297988212,25.3408035889768,25.3099791333095,25.3767537609245,25.4999160630027,25.3767537609245,25.2740055641272
24.3912728154683,24.3186630611374,24.235616997893,24.2719579925803,24.235616997893,24.3549744119754,24.5208044790397,24.5622198668973,24.6346563530609,24.7277134921382,24.7070414568379,24.6087920833666,24.7173779975772,24.7587137017957,24.5673956078683,24.5725710861868,24.4431052442089,24.6450002255868,24.593270373703,24.6087920833666,24.7845400253874,24.6915346834782,24.588095945611,24.68119552596,24.5725710861868,24.6450002255868,24.5363372209139,24.5622198668973,24.5777463018912,24.6036184425424,24.5673956078683,24.5622198668973,24.593270373703,24.5725710861868,24.7173779975772,24.8464965838976,24.6501717687129,24.7483813439431,24.836173098535,24.7535476535085,24.8155229994525,24.8310109648659,24.8155229994525,24.8155229994525,24.8000326866343,24.8516579356668,24.7845400253874,24.6501717687129,24.7742102793675,24.8310109648659,24.525982322611,24.6087920833666,24.6398284203822,24.6553430497988,24.6191385780148,24.4275582848784,24.5622198668973,24.7432147730614,24.68119552596,24.7018727940562,24.7328808471969,24.7535476535085,24.6760255545029,24.8051963851263,24.6346563530609,24.6708553211965,24.7173779975772,24.7122098579989,24.5518675968447,24.598444539334,24.5829212550199,24.5208044790397,24.6501717687129,24.6294840235847,24.8310109648659,24.5725710861868,24.6553430497988,24.2563848704595,24.5570438632356,24.7225458756109,24.6656848260024,24.7225458756109,24.593270373703,24.8000326866343,24.7948687272058,24.7742102793675,24.8051963851263,24.8155229994525,24.8413349715329,24.836173098535,24.7742102793675,24.8206859153626,24.8826205758957,24.8516579356668,24.86197985757,24.7948687272058,24.8464965838976,24.9857617364743,24.8103598227198,24.8206859153626,24.9342041538485,24.8103598227198,24.6863652356057,24.7897045068028,24.7793752829217,24.7897045068028,24.7690450146872,24.7122098579989,24.6656848260024,24.5829212550199,24.6191385780148,24.68119552596,24.598444539334,24.598444539334,24.7690450146872,24.7638794888426,24.7638794888426,24.593270373703,24.7070414568379,24.86197985757,24.6915346834782,24.7483813439431,24.7380479408253,24.8206859153626,24.8464965838976,24.7122098579989,24.6450002255868,24.7587137017957,24.7328808471969,24.6294840235847,24.7742102793675,24.7277134921382,24.8103598227198,24.7122098579989,24.6967038696157,24.6863652356057,24.8516579356668,24.8671404277798,24.7690450146872,24.7793752829217,24.6915346834782,24.6450002255868,24.6191385780148,24.68119552596,24.598444539334,24.6553430497988,24.6605140688826,24.6915346834782,24.5829212550199,24.7018727940562,24.7277134921382,24.7018727940562,24.9032571289301,24.8258485704877,24.8000326866343,24.7897045068028,24.6967038696157,24.8206859153626,24.7845400253874,24.7897045068028,24.7948687272058,24.7897045068028,24.8206859153626,24.8774607869049,24.8464965838976,24.8826205758957,25.0166838239645,24.8568190268782,24.9238895190908,24.9238895190908,24.9342041538485,24.9599861922213,24.9909160664447,24.918731811688,24.9290469664651,24.8826205758957,24.8568190268782,24.8000326866343,24.7328808471969,24.7225458756109,24.7587137017957,24.7277134921382,24.8671404277798,24.86197985757,24.8310109648659,24.86197985757,24.7535476535085,24.7173779975772,24.7432147730614,24.8000326866343,24.8000326866343,24.9084156166453,24.86197985757,24.7690450146872,24.9032571289301,24.7742102793675,24.7897045068028,24.7483813439431,24.7483813439431,24.7587137017957,24.8310109648659,24.7380479408253,24.68119552596,24.7432147730614,24.836173098535,24.7948687272058,24.8103598227198,24.7948687272058,24.7690450146872,24.7638794888426,24.7535476535085,24.7483813439431,24.7638794888426,24.8000326866343,24.8413349715329,24.7225458756109,24.8310109648659,24.7638794888426,24.7432147730614,24.7948687272058,24.7742102793675,24.8103598227198,24.836173098535,24.7483813439431,24.9702971889533,24.8206859153626,25.0321413659635,25.0475965748176,25.2277352917338,25.2688654531791,25.3202549803643,25.3356668224182,25.3305297988212,25.3459400985342,25.3613480855689,25.4024247521646,25.3459400985342,25.2740055641272,25.3716187925976,25.3716187925976
24.235616997893,24.1005223164376,24.0537168909092,24.1005223164376,24.1213178064842,24.2148448833435,24.3238511901693,24.3601606905737,24.3290390547373,24.4741920473867,24.6087920833666,24.6760255545029,24.6553430497988,24.5777463018912,24.6036184425424,24.6708553211965,24.7018727940562,24.6087920833666,24.6191385780148,24.7070414568379,24.7690450146872,24.6708553211965,24.6398284203822,24.5725710861868,24.6036184425424,24.5673956078683,24.525982322611,24.4845522079513,24.5000904743927,24.6346563530609,24.5518675968447,24.5363372209139,24.525982322611,24.6915346834782,24.6501717687129,24.6243114319154,24.7122098579989,24.7328808471969,24.8051963851263,24.7742102793675,24.8774607869049,24.836173098535,24.8516579356668,24.8310109648659,24.8155229994525,24.6708553211965,24.7793752829217,24.7018727940562,24.7173779975772,24.7638794888426,24.7948687272058,24.5777463018912,24.6087920833666,24.593270373703,24.4638308334468,24.4379231880585,24.3653467049792,24.7277134921382,24.6915346834782,24.6656848260024,24.7380479408253,24.7432147730614,24.7380479408253,24.7845400253874,24.6553430497988,24.4845522079513,24.4897318933139,24.5622198668973,24.7070414568379,24.598444539334,24.5673956078683,24.525982322611,24.5570438632356,24.6915346834782,24.6605140688826,24.6656848260024,24.5777463018912,24.4223754377718,24.5052693701856,24.6656848260024,24.6863652356057,24.6708553211965,24.6605140688826,24.7483813439431,24.836173098535,24.8103598227198,24.836173098535,24.8568190268782,24.9238895190908,24.7587137017957,24.7483813439431,24.8310109648659,24.7432147730614,24.8671404277798,24.86197985757,24.8206859153626,24.8103598227198,24.8980983810354,24.8258485704877,24.8877801045559,24.9238895190908,24.7638794888426,24.7277134921382,24.7897045068028,24.7380479408253,24.7897045068028,24.7897045068028,24.7535476535085,24.68119552596,24.598444539334,24.593270373703,24.6036184425424,24.588095945611,24.5673956078683,24.6605140688826,24.7173779975772,24.7380479408253,24.5570438632356,24.4638308334468,24.6915346834782,24.598444539334,24.7173779975772,24.7742102793675,24.7690450146872,24.6967038696157,24.68119552596,24.6450002255868,24.6863652356057,24.6656848260024,24.7277134921382,24.7432147730614,24.7225458756109,24.7277134921382,24.7948687272058,24.8103598227198,24.6915346834782,24.8516579356668,24.7690450146872,24.7793752829217,24.6708553211965,24.7173779975772,24.593270373703,24.7845400253874,24.6760255545029,24.7122098579989,24.7277134921382,24.6605140688826,24.598444539334,24.7070414568379,24.7587137017957,24.7742102793675,24.8310109648659,24.8000326866343,24.836173098535,24.7948687272058,24.7018727940562,24.5518675968447,24.7690450146872,24.7845400253874,24.7690450146872,24.7380479408253,24.86197985757,24.8980983810354,25.0063774992726,24.8413349715329,24.8826205758957,24.8516579356668,24.9032571289301,24.9032571289301,24.8980983810354,24.918731811688,24.9445177487934,24.9032571289301,24.8826205758957,24.8258485704877,24.9445177487934,24.9445177487934,24.86197985757,24.86197985757,24.7483813439431,24.7122098579989,24.7432147730614,24.8877801045559,24.8103598227198,24.8568190268782,24.8568190268782,24.7638794888426,24.7535476535085,24.7948687272058,24.8051963851263,24.8258485704877,24.8464965838976,24.8464965838976,24.8671404277798,24.86197985757,24.8310109648659,24.8516579356668,24.8258485704877,24.7638794888426,24.7535476535085,24.7742102793675,24.7897045068028,24.7225458756109,24.7742102793675,24.8103598227198,24.8464965838976,24.7535476535085,24.7948687272058,24.7845400253874,24.7845400253874,24.7018727940562,24.8258485704877,24.8000326866343,24.7690450146872,24.7432147730614,24.7793752829217,24.8155229994525,24.8310109648659,24.7948687272058,24.8413349715329,24.8103598227198,24.8051963851263,24.8516579356668,24.8671404277798,24.8413349715329,24.8877801045559,25.0166838239645,25.0784999971428,25.0681998923707,25.2534435750629,25.3459400985342,25.2534435750629,25.3408035889768,25.3664835674914,25.3356668224182,25.1917328656758,25.3202549803643,25.3408035889768,25.3613480855689,25.2688654531791
24.2823387496704,24.2408093636233,24.0641199610143,24.2304243670388,24.2979078995965,24.3238511901693,24.2044572345467,24.2096511916044,24.235616997893,24.4949113154483,24.6294840235847,24.4897318933139,24.5622198668973,24.68119552596,24.6501717687129,24.6760255545029,24.68119552596,24.6915346834782,24.68119552596,24.7897045068028,24.7173779975772,24.68119552596,24.6450002255868,24.5829212550199,24.7173779975772,24.6398284203822,24.5777463018912,24.5725710861868,24.6294840235847,24.6036184425424,24.5466910676864,24.593270373703,24.5104480028654,24.588095945611,24.7018727940562,24.68119552596,24.6656848260024,24.7018727940562,24.8103598227198,24.8258485704877,24.9290469664651,24.8051963851263,24.9342041538485,24.9342041538485,24.8258485704877,24.7948687272058,24.7793752829217,24.7845400253874,24.7173779975772,24.8413349715329,24.7742102793675,24.6915346834782,24.5829212550199,24.4793722593216,24.5156263724707,24.6553430497988,24.5208044790397,24.6656848260024,24.7277134921382,24.7277134921382,24.7380479408253,24.7380479408253,24.8206859153626,24.7483813439431,24.4586498313649,24.5829212550199,24.4327408682945,24.5104480028654,24.6708553211965,24.7225458756109,24.6398284203822,24.5415142757223,24.5622198668973,24.6346563530609,24.5622198668973,24.6087920833666,24.525982322611,24.5570438632356,24.6191385780148,24.7277134921382,24.8877801045559,24.68119552596,24.6760255545029,24.8464965838976,24.836173098535,24.836173098535,24.7587137017957,24.7535476535085,24.8103598227198,24.8155229994525,24.7483813439431,24.8258485704877,24.9135738442187,24.8929393729232,24.9238895190908,24.7432147730614,24.7690450146872,24.8516579356668,24.7897045068028,24.7897045068028,24.8516579356668,24.68119552596,24.7535476535085,24.7122098579989,24.7277134921382,24.7897045068028,24.8051963851263,24.6553430497988,24.6087920833666,24.593270373703,24.593270373703,24.6605140688826,24.5829212550199,24.6087920833666,24.6294840235847,24.6243114319154,24.6243114319154,24.5570438632356,24.5829212550199,24.5725710861868,24.598444539334,24.6760255545029,24.7638794888426,24.6760255545029,24.7225458756109,24.7380479408253,24.7070414568379,24.7070414568379,24.7432147730614,24.7432147730614,24.8413349715329,24.7225458756109,24.8258485704877,24.8051963851263,24.836173098535,24.7742102793675,24.8516579356668,24.8464965838976,24.7742102793675,24.68119552596,24.6708553211965,24.7793752829217,24.6863652356057,24.8723007375455,24.7638794888426,24.7018727940562,24.598444539334,24.598444539334,24.8206859153626,24.8723007375455,24.8206859153626,24.7690450146872,24.7690450146872,24.8051963851263,24.7845400253874,24.7173779975772,24.7897045068028,24.9135738442187,24.8206859153626,24.7018727940562,24.8103598227198,24.9393610812787,24.8413349715329,24.9135738442187,24.8929393729232,24.8568190268782,24.9445177487934,25.0063774992726,25.0115307913128,24.9960701368761,25.0063774992726,24.8516579356668,24.8155229994525,24.9754522977662,24.8826205758957,24.8568190268782,24.8310109648659,24.8723007375455,24.7948687272058,24.7122098579989,24.7122098579989,24.7897045068028,24.8103598227198,24.8671404277798,24.7587137017957,24.7845400253874,24.7483813439431,24.8051963851263,24.7948687272058,24.8516579356668,24.8155229994525,24.7948687272058,24.8723007375455,24.9238895190908,24.8258485704877,24.836173098535,24.8310109648659,24.8051963851263,24.7845400253874,24.7897045068028,24.8051963851263,24.8413349715329,24.8103598227198,24.7277134921382,24.6708553211965,24.7793752829217,24.7897045068028,24.7587137017957,24.7638794888426,24.8464965838976,24.8000326866343,24.7897045068028,24.7432147730614,24.7690450146872,24.8568190268782,24.8464965838976,24.7535476535085,24.8103598227198,24.7845400253874,24.8206859153626,24.8206859153626,24.8464965838976,24.8877801045559,24.8774607869049,24.9857617364743,24.9290469664651,25.0166838239645,25.2894243522202,25.3151171854302,25.2842850136107,25.3305297988212,25.3356668224182,25.3459400985342,25.4434849990752,25.3767537609245,25.3613480855689,25.3767537609245,25.3664835674914,25.3716187925976,25.3767537609245
24.5208044790397,24.2460014642685,24.4586498313649,24.5000904743927,24.5000904743927,24.19406852432,24.3238511901693,24.19406852432,24.220038309803,24.593270373703,24.5518675968447,24.5570438632356,24.6036184425424,24.7328808471969,24.6863652356057,24.6915346834782,24.6708553211965,24.7122098579989,24.8103598227198,24.6915346834782,24.68119552596,24.6863652356057,24.6501717687129,24.6501717687129,24.6863652356057,24.5622198668973,24.6294840235847,24.5570438632356,24.6501717687129,24.6553430497988,24.588095945611,24.525982322611,24.4120089523324,24.3549744119754,24.5052693701856,24.5311599032229,24.5104480028654,24.6605140688826,24.7483813439431,24.7948687272058,24.7380479408253,24.7793752829217,24.918731811688,24.9342041538485,24.8464965838976,24.6915346834782,24.6967038696157,24.7277134921382,24.7897045068028,24.8206859153626,24.7587137017957,24.7535476535085,24.5725710861868,24.5622198668973,24.4690115721079,24.593270373703,24.593270373703,24.4638308334468,24.7225458756109,24.7225458756109,24.7277134921382,24.7328808471969,24.7070414568379,24.6967038696157,24.4638308334468,24.68119552596,24.4638308334468,24.588095945611,24.7070414568379,24.8051963851263,24.7432147730614,24.7173779975772,24.598444539334,24.525982322611,24.5622198668973,24.5570438632356,24.5208044790397,24.5104480028654,24.4897318933139,24.7122098579989,24.8671404277798,24.7535476535085,24.6708553211965,24.7845400253874,24.6553430497988,24.7483813439431,24.7845400253874,24.8413349715329,24.7638794888426,24.8051963851263,24.7793752829217,24.8310109648659,24.8723007375455,24.7432147730614,24.8568190268782,24.7277134921382,24.8155229994525,24.8516579356668,24.7638794888426,24.7948687272058,24.8464965838976,24.7948687272058,24.7897045068028,24.7948687272058,24.8155229994525,24.8206859153626,24.8258485704877,24.836173098535,24.8051963851263,24.7845400253874,24.7070414568379,24.6967038696157,24.6036184425424,24.7328808471969,24.7483813439431,24.7690450146872,24.6760255545029,24.4793722593216,24.4793722593216,24.4897318933139,24.4845522079513,24.5725710861868,24.6501717687129,24.6863652356057,24.6760255545029,24.6191385780148,24.6760255545029,24.6139654618445,24.7690450146872,24.7225458756109,24.7793752829217,24.6656848260024,24.7328808471969,24.7380479408253,24.7432147730614,24.7277134921382,24.7587137017957,24.7483813439431,24.7328808471969,24.6915346834782,24.7793752829217,24.8103598227198,24.7070414568379,24.7122098579989,24.6967038696157,24.7173779975772,24.7070414568379,24.7070414568379,24.7225458756109,24.8258485704877,24.8980983810354,24.7483813439431,24.7122098579989,24.7070414568379,24.6760255545029,24.6760255545029,24.8258485704877,24.7432147730614,24.9342041538485,24.9754522977662,24.8774607869049,24.9238895190908,24.9135738442187,24.9084156166453,24.9445177487934,24.9290469664651,24.8929393729232,24.9960701368761,25.0218365972651,25.0115307913128,24.954830304227,24.9393610812787,24.9806071469274,24.9909160664447,24.9445177487934,24.8671404277798,24.8774607869049,24.9238895190908,24.9135738442187,24.8723007375455,24.7070414568379,24.7948687272058,24.8206859153626,24.8929393729232,24.9496741564303,24.8929393729232,24.7897045068028,24.7690450146872,24.7793752829217,24.8000326866343,24.836173098535,24.8464965838976,24.9135738442187,24.8051963851263,24.8929393729232,24.8516579356668,24.8206859153626,24.836173098535,24.8051963851263,24.8826205758957,24.8310109648659,24.8929393729232,24.7845400253874,24.7432147730614,24.8155229994525,24.7793752829217,24.8723007375455,24.8877801045559,24.7742102793675,24.7948687272058,24.8051963851263,24.8206859153626,24.7328808471969,24.8000326866343,24.8206859153626,24.7742102793675,24.8980983810354,24.8000326866343,24.8103598227198,24.8464965838976,24.918731811688,24.8464965838976,24.8774607869049,24.86197985757,24.8206859153626,24.86197985757,25.0475965748176,25.2380193782588,25.2637250847104,25.2688654531791,25.3202549803643,25.4280893294658,25.325392518149,25.3716187925976,25.4486163763711,25.2997022573604,25.3818884725093,25.3613480855689,25.4280893294658,25.3613480855689
24.598444539334,24.5104480028654,24.5052693701856,24.5052693701856,24.4949113154483,24.3549744119754,24.3342266548802,24.1888737710728,24.4534685658236,24.5363372209139,24.5156263724707,24.6967038696157,24.588095945611,24.7225458756109,24.7225458756109,24.7173779975772,24.6656848260024,24.8206859153626,24.8206859153626,24.8000326866343,24.7122098579989,24.7122098579989,24.7173779975772,24.6553430497988,24.6501717687129,24.6656848260024,24.6605140688826,24.6605140688826,24.6036184425424,24.5311599032229,24.5466910676864,24.5000904743927,24.3290390547373,24.3238511901693,24.3238511901693,24.3497878691456,24.4327408682945,24.7070414568379,24.6967038696157,24.8103598227198,24.8826205758957,24.7535476535085,24.7638794888426,24.8568190268782,24.8051963851263,24.7948687272058,24.6967038696157,24.7122098579989,24.6450002255868,24.8258485704877,24.7742102793675,24.954830304227,24.6036184425424,24.4897318933139,24.525982322611,24.593270373703,24.5518675968447,24.5673956078683,24.6294840235847,24.5208044790397,24.525982322611,24.4949113154483,24.4793722593216,24.4741920473867,24.4482870367845,24.7173779975772,24.5725710861868,24.7277134921382,24.8206859153626,24.8155229994525,24.5000904743927,24.6501717687129,24.6294840235847,24.4949113154483,24.6036184425424,24.6398284203822,24.6605140688826,24.6863652356057,24.6760255545029,24.8929393729232,24.7277134921382,24.6656848260024,24.7638794888426,24.7277134921382,24.7638794888426,24.7897045068028,24.8258485704877,24.7897045068028,24.9651418204509,24.8413349715329,24.7587137017957,24.8464965838976,24.8516579356668,24.7690450146872,24.8206859153626,24.9445177487934,24.7845400253874,24.8413349715329,24.7587137017957,24.7587137017957,24.8051963851263,24.9599861922213,24.9238895190908,24.8516579356668,24.8516579356668,24.8464965838976,24.8516579356668,24.8516579356668,24.8877801045559,24.836173098535,24.7070414568379,24.7070414568379,24.6656848260024,24.6915346834782,24.7277134921382,24.6708553211965,24.6863652356057,24.6656848260024,24.6605140688826,24.6553430497988,24.5777463018912,24.4379231880585,24.588095945611,24.6553430497988,24.5622198668973,24.6863652356057,24.6708553211965,24.6605140688826,24.6294840235847,24.7328808471969,24.8206859153626,24.6863652356057,24.7070414568379,24.7070414568379,24.7328808471969,24.7845400253874,24.7432147730614,24.8155229994525,24.7690450146872,24.6863652356057,24.6915346834782,24.68119552596,24.7122098579989,24.7018727940562,24.8516579356668,24.8464965838976,24.7380479408253,24.7742102793675,24.6501717687129,24.6967038696157,24.68119552596,24.7328808471969,24.588095945611,24.7638794888426,24.7122098579989,24.8723007375455,24.8258485704877,24.8310109648659,24.9393610812787,25.0063774992726,24.9496741564303,24.8464965838976,24.8516579356668,24.918731811688,24.9135738442187,24.9754522977662,24.9393610812787,25.0321413659635,24.9445177487934,24.9702971889533,24.9135738442187,24.9651418204509,24.9651418204509,25.0012239478063,24.8516579356668,24.8464965838976,24.86197985757,24.8826205758957,24.8774607869049,24.9084156166453,24.8826205758957,24.8980983810354,24.8929393729232,24.9084156166453,24.8464965838976,24.9754522977662,24.8103598227198,24.8413349715329,24.8258485704877,24.8516579356668,24.7638794888426,24.9393610812787,24.836173098535,24.8310109648659,24.8568190268782,24.8310109648659,24.8464965838976,24.8206859153626,24.8774607869049,24.9084156166453,24.8877801045559,24.86197985757,24.8413349715329,24.8516579356668,24.6863652356057,24.7948687272058,24.8206859153626,24.8774607869049,24.8206859153626,24.836173098535,24.7638794888426,24.7328808471969,24.8258485704877,24.8000326866343,24.7845400253874,24.7587137017957,24.7225458756109,24.8258485704877,24.8258485704877,24.8826205758957,24.9290469664651,24.9290469664651,24.8206859153626,24.7897045068028,24.8258485704877,24.8723007375455,25.0733500742259,25.1093940990381,25.2328774638867,25.4126913524992,25.2894243522202,25.3151171854302,25.4126913524992,25.3151171854302,25.325392518149,25.3151171854302,25.3613480855689,25.3305297988212,25.3408035889768,25.3921571255997
24.6139654618445,24.5466910676864,24.5000904743927,24.4586498313649,24.4793722593216,24.417192326936,24.3601606905737,24.3497878691456,24.5052693701856,24.4482870367845,24.4534685658236,24.5466910676864,24.6087920833666,24.598444539334,24.6605140688826,24.8000326866343,24.7225458756109,24.8103598227198,24.7690450146872,24.8051963851263,24.7277134921382,24.6294840235847,24.6708553211965,24.7122098579989,24.6708553211965,24.6346563530609,24.6656848260024,24.6139654618445,24.6450002255868,24.5052693701856,24.5208044790397,24.4586498313649,24.4638308334468,24.5311599032229,24.3238511901693,24.1992630121316,24.3446010620456,24.6605140688826,24.7845400253874,24.7948687272058,24.7897045068028,24.7897045068028,24.7897045068028,24.8258485704877,24.6863652356057,24.7742102793675,24.6656848260024,24.6450002255868,24.6915346834782,24.6501717687129,24.6760255545029,24.9238895190908,24.7483813439431,24.588095945611,24.5777463018912,24.4949113154483,24.6967038696157,24.7277134921382,24.6398284203822,24.5052693701856,24.313474667603,24.3030970868713,24.3290390547373,24.525982322611,24.6294840235847,24.7742102793675,24.6087920833666,24.5622198668973,24.7380479408253,24.5466910676864,24.5363372209139,24.5518675968447,24.5725710861868,24.4431052442089,24.593270373703,24.6760255545029,24.7018727940562,24.68119552596,24.7018727940562,24.5673956078683,24.6656848260024,24.7225458756109,24.7018727940562,24.7690450146872,24.836173098535,24.7225458756109,24.8258485704877,24.8258485704877,24.8464965838976,24.8258485704877,24.8413349715329,24.8516579356668,24.8206859153626,24.8877801045559,24.9496741564303,24.8464965838976,24.8206859153626,24.7432147730614,24.8155229994525,24.8774607869049,24.8155229994525,24.7793752829217,24.836173098535,24.8877801045559,24.8980983810354,24.6605140688826,24.8671404277798,24.8671404277798,24.8826205758957,24.7897045068028,24.7173779975772,24.7173779975772,24.6605140688826,24.7742102793675,24.8206859153626,24.7380479408253,24.6501717687129,24.6656848260024,24.6708553211965,24.6656848260024,24.593270373703,24.5208044790397,24.6346563530609,24.5311599032229,24.6553430497988,24.525982322611,24.5208044790397,24.6656848260024,24.7277134921382,24.7070414568379,24.6967038696157,24.6967038696157,24.7483813439431,24.6863652356057,24.6863652356057,24.7328808471969,24.8000326866343,24.7948687272058,24.7948687272058,24.7018727940562,24.7122098579989,24.7173779975772,24.7122098579989,24.7328808471969,24.7122098579989,24.7948687272058,24.836173098535,24.7225458756109,24.7587137017957,24.7225458756109,24.7070414568379,24.7070414568379,24.6708553211965,24.6553430497988,24.7948687272058,25.0475965748176,24.9754522977662,25.0578987516956,24.8980983810354,25.0012239478063,24.9290469664651,24.9754522977662,24.8723007375455,24.8671404277798,24.9393610812787,24.9135738442187,24.9393610812787,24.9960701368761,24.9496741564303,24.9342041538485,24.9135738442187,24.9032571289301,24.9754522977662,24.9754522977662,24.8929393729232,24.9857617364743,24.9496741564303,24.9754522977662,24.8980983810354,24.8826205758957,24.8877801045559,24.8929393729232,24.8464965838976,24.9754522977662,24.9702971889533,24.8464965838976,24.8929393729232,24.8774607869049,24.9290469664651,24.8413349715329,24.8310109648659,24.8464965838976,24.86197985757,24.836173098535,24.9806071469274,24.8516579356668,24.8568190268782,24.8671404277798,24.8206859153626,24.8413349715329,24.8826205758957,24.8000326866343,24.7587137017957,24.7173779975772,24.7793752829217,24.7897045068028,24.8413349715329,24.7638794888426,24.8568190268782,24.8258485704877,24.7380479408253,24.7948687272058,24.836173098535,24.7328808471969,24.7793752829217,24.7483813439431,24.7070414568379,24.8671404277798,24.8723007375455,24.8258485704877,24.8155229994525,24.8310109648659,24.8310109648659,24.7587137017957,24.8671404277798,25.0063774992726,25.0681998923707,25.1608635787557,25.2431610348875,25.2945634334578,25.3921571255997,25.4126913524992,25.3818884725093,25.4434849990752,25.3562123467933,25.3716187925976,25.3921571255997,25.4229569268991,25.4126913524992,25.3202549803643
24.6501717687129,24.2927184476639,24.2875287310348,24.4482870367845,24.5052693701856,24.5363372209139,24.4793722593216,24.4379231880585,24.5052693701856,24.5052693701856,24.4845522079513,24.5156263724707,24.7380479408253,24.6553430497988,24.7277134921382,24.7277134921382,24.7535476535085,24.7432147730614,24.7638794888426,24.7225458756109,24.7225458756109,24.6760255545029,24.7225458756109,24.598444539334,24.6863652356057,24.5518675968447,24.593270373703,24.7380479408253,24.6501717687129,24.6605140688826,24.6760255545029,24.5000904743927,24.5208044790397,24.5466910676864,24.1784834681163,24.1369116310709,24.3860881214467,24.5104480028654,24.7432147730614,24.8051963851263,24.918731811688,24.8000326866343,24.8568190268782,24.7587137017957,24.7483813439431,24.6553430497988,24.6760255545029,24.6501717687129,24.7483813439431,24.6294840235847,24.588095945611,24.8980983810354,24.9702971889533,24.6191385780148,24.598444539334,24.6760255545029,24.8051963851263,24.6450002255868,24.6915346834782,24.4949113154483,24.5466910676864,24.5622198668973,24.5829212550199,24.7018727940562,24.5622198668973,24.2979078995965,24.2979078995965,24.2408093636233,24.4275582848784,24.5466910676864,24.7380479408253,24.593270373703,24.6708553211965,24.7173779975772,24.6139654618445,24.5777463018912,24.5052693701856,24.6863652356057,24.7070414568379,24.7535476535085,24.6967038696157,24.6553430497988,24.836173098535,24.8051963851263,24.7793752829217,24.7845400253874,24.8051963851263,24.8413349715329,24.7380479408253,24.7535476535085,24.8413349715329,24.8413349715329,24.7742102793675,24.7845400253874,24.836173098535,24.7535476535085,24.5777463018912,24.7328808471969,24.6501717687129,24.7173779975772,24.7070414568379,24.6760255545029,24.7380479408253,24.8103598227198,24.6191385780148,24.598444539334,24.6191385780148,24.8826205758957,24.7328808471969,24.8206859153626,24.7122098579989,24.7483813439431,24.7690450146872,24.7173779975772,24.7845400253874,24.7070414568379,24.6605140688826,24.6553430497988,24.6915346834782,24.6036184425424,24.5518675968447,24.5570438632356,24.4120089523324,24.5518675968447,24.6501717687129,24.5673956078683,24.6191385780148,24.6863652356057,24.6191385780148,24.6346563530609,24.6346563530609,24.7328808471969,24.7690450146872,24.7173779975772,24.6863652356057,24.7277134921382,24.6915346834782,24.8000326866343,24.7845400253874,24.7277134921382,24.7483813439431,24.7070414568379,24.7122098579989,24.7070414568379,24.7380479408253,24.7328808471969,24.7535476535085,24.7897045068028,24.7742102793675,24.7535476535085,24.7483813439431,24.7380479408253,24.6294840235847,24.7225458756109,24.8516579356668,24.9342041538485,25.0218365972651,24.9342041538485,24.9393610812787,24.9754522977662,24.9754522977662,24.9702971889533,24.9290469664651,24.9496741564303,24.9496741564303,24.9496741564303,24.9702971889533,24.8516579356668,24.8568190268782,24.954830304227,24.8877801045559,24.8671404277798,24.8310109648659,24.8929393729232,24.8723007375455,24.8516579356668,24.8516579356668,24.8671404277798,24.9496741564303,24.8310109648659,24.8826205758957,24.8774607869049,24.8464965838976,24.9342041538485,24.8206859153626,24.8671404277798,24.9290469664651,24.836173098535,24.8155229994525,24.8310109648659,24.8155229994525,24.7948687272058,24.8155229994525,24.8206859153626,24.8671404277798,24.8051963851263,24.8723007375455,24.8103598227198,24.8413349715329,24.8980983810354,24.8723007375455,24.8929393729232,24.8310109648659,24.7793752829217,24.7793752829217,24.8155229994525,24.8000326866343,24.7742102793675,24.7638794888426,24.7432147730614,24.7948687272058,24.8000326866343,24.7225458756109,24.8206859153626,24.8258485704877,24.7380479408253,24.8568190268782,24.7277134921382,24.8155229994525,24.8310109648659,24.7845400253874,24.7638794888426,24.86197985757,24.86197985757,24.8155229994525,24.8671404277798,25.1351320700124,25.2328774638867,25.2225928617629,25.2791454175921,25.3921571255997,25.4075581805922,25.3099791333095,25.4178242679226,25.4178242679226,25.3562123467933,25.4229569268991,25.4178242679226,25.4229569268991,25.4229569268991
24.6294840235847,24.6191385780148,24.5208044790397,24.5000904743927,24.3757179413665,24.593270373703,24.525982322611,24.4741920473867,24.4845522079513,24.5000904743927,24.4897318933139,24.4949113154483,24.598444539334,24.7122098579989,24.7070414568379,24.7018727940562,24.7948687272058,24.8155229994525,24.7380479408253,24.7018727940562,24.7638794888426,24.6967038696157,24.588095945611,24.7173779975772,24.5570438632356,24.5466910676864,24.588095945611,24.6553430497988,24.5156263724707,24.5104480028654,24.4845522079513,24.4793722593216,24.5104480028654,24.1265160139431,24.1317139554589,24.3290390547373,24.588095945611,24.6036184425424,24.6863652356057,24.7948687272058,24.8051963851263,24.8051963851263,24.7122098579989,24.8103598227198,24.6605140688826,24.6656848260024,24.6915346834782,24.7587137017957,24.6760255545029,24.6346563530609,24.6243114319154,24.6605140688826,24.9393610812787,24.8723007375455,24.7122098579989,24.6553430497988,24.6294840235847,24.6294840235847,24.6863652356057,24.7845400253874,24.6863652356057,24.5466910676864,24.5000904743927,24.6553430497988,24.313474667603,24.6294840235847,24.7432147730614,24.593270373703,24.6398284203822,24.7277134921382,24.7328808471969,24.6450002255868,24.5052693701856,24.588095945611,24.5518675968447,24.6967038696157,24.4586498313649,24.4741920473867,24.5673956078683,24.5208044790397,24.7070414568379,24.7328808471969,24.7018727940562,24.7587137017957,24.9238895190908,24.8413349715329,24.8310109648659,24.7380479408253,24.7483813439431,24.7793752829217,24.8310109648659,24.8568190268782,24.8413349715329,24.8826205758957,24.8516579356668,24.836173098535,24.8464965838976,24.7638794888426,24.7122098579989,24.6967038696157,24.7328808471969,24.8103598227198,24.7535476535085,24.7432147730614,24.6346563530609,24.6398284203822,24.6656848260024,24.8051963851263,24.7690450146872,24.7690450146872,24.7742102793675,24.7845400253874,24.7638794888426,24.7432147730614,24.6708553211965,24.7277134921382,24.7793752829217,24.8103598227198,24.593270373703,24.6605140688826,24.6553430497988,24.593270373703,24.588095945611,24.5466910676864,24.5518675968447,24.7173779975772,24.6087920833666,24.7328808471969,24.6708553211965,24.6863652356057,24.7070414568379,24.6087920833666,24.593270373703,24.7380479408253,24.7535476535085,24.8000326866343,24.8155229994525,24.8258485704877,24.8103598227198,24.8051963851263,24.7948687272058,24.7793752829217,24.86197985757,24.7793752829217,24.7432147730614,24.7638794888426,24.7380479408253,24.7380479408253,24.7793752829217,24.8413349715329,24.7483813439431,24.598444539334,24.7690450146872,24.8310109648659,24.8413349715329,24.9342041538485,24.9599861922213,25.0063774992726,24.836173098535,24.9290469664651,24.9342041538485,24.8568190268782,24.8516579356668,24.9599861922213,24.9754522977662,24.9496741564303,25.0012239478063,24.954830304227,25.0218365972651,24.9599861922213,24.8826205758957,24.9135738442187,24.8464965838976,24.8723007375455,24.9857617364743,24.8774607869049,24.8980983810354,24.86197985757,24.8413349715329,24.7948687272058,24.7483813439431,24.8723007375455,24.8723007375455,24.8568190268782,24.8464965838976,24.8464965838976,24.8774607869049,24.7587137017957,24.7845400253874,24.86197985757,24.8464965838976,24.7638794888426,24.7897045068028,24.7793752829217,24.8413349715329,24.7897045068028,24.86197985757,24.836173098535,24.9084156166453,24.8723007375455,24.9135738442187,24.8000326866343,24.8000326866343,24.8155229994525,24.7948687272058,24.8258485704877,24.8516579356668,24.8051963851263,24.8516579356668,24.836173098535,24.7845400253874,24.7742102793675,24.8000326866343,24.7483813439431,24.8103598227198,24.836173098535,24.7535476535085,24.8258485704877,24.8774607869049,24.7535476535085,24.8206859153626,24.8051963851263,24.7742102793675,24.8103598227198,24.8155229994525,24.8568190268782,25.0784999971428,25.2740055641272,25.2945634334578,25.1968768433364,25.3972910671794,25.2637250847104,25.4178242679226,25.3818884725093,25.3921571255997,25.3818884725093,25.3613480855689,25.4075581805922,25.3408035889768,25.4024247521646
24.6656848260024,24.6346563530609,24.6346563530609,24.3030970868713,24.3342266548802,24.4586498313649,24.4690115721079,24.4949113154483,24.6294840235847,24.4638308334468,24.3705324552306,24.5415142757223,24.4793722593216,24.6346563530609,24.8103598227198,24.7328808471969,24.7328808471969,24.7897045068028,24.7070414568379,24.7948687272058,24.6605140688826,24.7845400253874,24.7638794888426,24.6967038696157,24.5725710861868,24.588095945611,24.598444539334,24.5570438632356,24.4949113154483,24.3809031634257,24.4690115721079,24.4534685658236,24.4482870367845,24.235616997893,24.5000904743927,24.6036184425424,24.6087920833666,24.6243114319154,24.6501717687129,24.7793752829217,24.8000326866343,24.7432147730614,24.6553430497988,24.7070414568379,24.598444539334,24.6605140688826,24.6501717687129,24.8516579356668,24.7742102793675,24.7742102793675,24.7690450146872,24.598444539334,24.9651418204509,24.7638794888426,24.7587137017957,24.6450002255868,24.4741920473867,24.6243114319154,24.7432147730614,24.7122098579989,24.7483813439431,24.6915346834782,24.6760255545029,24.6346563530609,24.5104480028654,24.7742102793675,24.7845400253874,24.7328808471969,24.6243114319154,24.5673956078683,24.68119552596,24.68119552596,24.5829212550199,24.7070414568379,24.7122098579989,24.6863652356057,24.5777463018912,24.6501717687129,24.5208044790397,24.5208044790397,24.7742102793675,24.7638794888426,24.7070414568379,24.7225458756109,24.7948687272058,24.7793752829217,24.7742102793675,24.7897045068028,24.7173779975772,24.7380479408253,24.8774607869049,24.8258485704877,24.8413349715329,24.6605140688826,24.7638794888426,24.7535476535085,24.7587137017957,24.7070414568379,24.7742102793675,24.6191385780148,24.7173779975772,24.7535476535085,24.7380479408253,24.6863652356057,24.6294840235847,24.6087920833666,24.6553430497988,24.7122098579989,24.6760255545029,24.6501717687129,24.7483813439431,24.7587137017957,24.7587137017957,24.6656848260024,24.6656848260024,24.7380479408253,24.7173779975772,24.8723007375455,24.7173779975772,24.6139654618445,24.6346563530609,24.6398284203822,24.68119552596,24.598444539334,24.4690115721079,24.593270373703,24.6036184425424,24.68119552596,24.68119552596,24.6760255545029,24.6760255545029,24.7587137017957,24.6915346834782,24.7380479408253,24.6656848260024,24.7638794888426,24.8000326866343,24.7742102793675,24.8051963851263,24.8051963851263,24.7638794888426,24.7897045068028,24.8413349715329,24.7742102793675,24.6760255545029,24.6915346834782,24.7173779975772,24.7793752829217,24.7690450146872,24.7535476535085,24.7587137017957,24.7173779975772,24.8310109648659,24.6708553211965,24.8155229994525,24.9084156166453,24.9238895190908,24.9960701368761,25.124837657352,25.0115307913128,25.124837657352,24.9393610812787,24.9496741564303,25.0269891112523,24.9496741564303,24.9393610812787,24.9806071469274,25.0475965748176,25.0012239478063,24.9445177487934,24.8464965838976,24.9290469664651,24.9084156166453,24.8258485704877,24.9599861922213,24.8723007375455,24.9290469664651,24.9084156166453,24.7845400253874,24.8103598227198,24.8258485704877,24.9651418204509,24.86197985757,24.8516579356668,24.8723007375455,24.8516579356668,24.8258485704877,24.8206859153626,24.8206859153626,24.7845400253874,24.7690450146872,24.7328808471969,24.7897045068028,24.8826205758957,24.7897045068028,24.8980983810354,24.7225458756109,24.8723007375455,24.8980983810354,24.8774607869049,24.9135738442187,24.9084156166453,24.836173098535,24.8103598227198,24.7122098579989,24.8155229994525,24.8671404277798,24.7897045068028,24.8774607869049,24.8723007375455,24.8051963851263,24.7225458756109,24.8258485704877,24.7793752829217,24.7432147730614,24.836173098535,24.8464965838976,24.7638794888426,24.7690450146872,24.7845400253874,24.7948687272058,24.7380479408253,24.7793752829217,24.7897045068028,24.8310109648659,24.8310109648659,25.0939482126385,25.2020205629554,25.2894243522202,25.4332214756594,25.4332214756594,25.4691393236678,25.4126913524992,25.4434849990752,25.3664835674914,25.3099791333095,25.3356668224182,25.2997022573604,25.4178242679226,25.4024247521646
24.5518675968447,24.6605140688826,24.588095945611,24.3912728154683,24.396457245529,24.3912728154683,24.3549744119754,24.396457245529,24.6087920833666,24.5570438632356,24.4949113154483,24.6294840235847,24.6191385780148,24.8000326866343,24.6036184425424,24.6605140688826,24.7122098579989,24.7328808471969,24.7122098579989,24.7897045068028,24.7535476535085,24.7328808471969,24.7535476535085,24.7173779975772,24.6139654618445,24.5518675968447,24.5415142757223,24.4586498313649,24.4431052442089,24.3653467049792,24.5156263724707,24.5000904743927,24.4741920473867,24.5725710861868,24.6708553211965,24.6760255545029,24.6346563530609,24.4949113154483,24.6087920833666,24.5673956078683,24.588095945611,24.6553430497988,24.4690115721079,24.6501717687129,24.6553430497988,24.6398284203822,24.6656848260024,24.7948687272058,24.7690450146872,24.7948687272058,24.7845400253874,24.7793752829217,24.8929393729232,24.7277134921382,24.6605140688826,24.6346563530609,24.5208044790397,24.7225458756109,24.7225458756109,24.6915346834782,24.9135738442187,24.8000326866343,24.7070414568379,24.4845522079513,24.7277134921382,24.8051963851263,24.6605140688826,24.7793752829217,24.8310109648659,24.8051963851263,24.7380479408253,24.7432147730614,24.5777463018912,24.68119552596,24.6398284203822,24.6967038696157,24.5673956078683,24.6863652356057,24.6501717687129,24.6087920833666,24.68119552596,24.7380479408253,24.7380479408253,24.8000326866343,24.7587137017957,24.7793752829217,24.7483813439431,24.7277134921382,24.7535476535085,24.9032571289301,24.836173098535,24.7742102793675,24.8103598227198,24.7483813439431,24.8258485704877,24.7690450146872,24.8671404277798,24.7432147730614,24.7483813439431,24.7432147730614,24.8310109648659,24.7587137017957,24.8155229994525,24.7173779975772,24.5622198668973,24.5570438632356,24.5363372209139,24.6398284203822,24.6346563530609,24.7173779975772,24.7948687272058,24.7948687272058,24.7328808471969,24.5156263724707,24.6191385780148,24.6760255545029,24.6450002255868,24.7173779975772,24.7483813439431,24.7070414568379,24.588095945611,24.7225458756109,24.7690450146872,24.6967038696157,24.598444539334,24.6760255545029,24.7328808471969,24.7587137017957,24.7535476535085,24.6863652356057,24.68119552596,24.7535476535085,24.7018727940562,24.8723007375455,24.6553430497988,24.68119552596,24.7432147730614,24.7897045068028,24.7070414568379,24.7225458756109,24.7948687272058,24.86197985757,24.8103598227198,24.7587137017957,24.7793752829217,24.7535476535085,24.7380479408253,24.8051963851263,24.7483813439431,24.7535476535085,24.7535476535085,24.7638794888426,24.7328808471969,24.7587137017957,24.8103598227198,24.9084156166453,24.8310109648659,24.8516579356668,24.9754522977662,24.9445177487934,24.9599861922213,24.9599861922213,24.918731811688,25.0372933614365,25.0269891112523,24.9290469664651,24.9290469664651,24.9393610812787,24.9084156166453,24.9806071469274,24.9857617364743,24.836173098535,24.9084156166453,24.8310109648659,24.918731811688,24.9290469664651,24.8671404277798,24.918731811688,24.9909160664447,24.9290469664651,25.0012239478063,24.9857617364743,24.9342041538485,24.9754522977662,24.8826205758957,24.8310109648659,24.8826205758957,24.7948687272058,24.8723007375455,24.7793752829217,24.7535476535085,24.7793752829217,24.8258485704877,24.7897045068028,24.8258485704877,24.8206859153626,24.9135738442187,24.8310109648659,24.8464965838976,24.8516579356668,24.8258485704877,24.8258485704877,24.8258485704877,24.8155229994525,24.7483813439431,24.7690450146872,24.7690450146872,24.7948687272058,24.7845400253874,24.8206859153626,24.8051963851263,24.7018727940562,24.7948687272058,24.7638794888426,24.7380479408253,24.7328808471969,24.7380479408253,24.7742102793675,24.7432147730614,24.7845400253874,24.7897045068028,24.8000326866343,24.8155229994525,24.8464965838976,24.8464965838976,24.8568190268782,24.9342041538485,25.1660091054476,25.2740055641272,25.2945634334578,25.4229569268991,25.3921571255997,25.3408035889768,25.3562123467933,25.4178242679226,25.4383533655169,25.2945634334578,25.3356668224182,25.4024247521646,25.3305297988212
24.8103598227198,24.6863652356057,24.4327408682945,24.3757179413665,24.593270373703,24.4379231880585,24.4120089523324,24.588095945611,24.5363372209139,24.6243114319154,24.6605140688826,24.6398284203822,24.5829212550199,24.7070414568379,24.6863652356057,24.6863652356057,24.7122098579989,24.7018727940562,24.7638794888426,24.7483813439431,24.6398284203822,24.7173779975772,24.6243114319154,24.6967038696157,24.5725710861868,24.5518675968447,24.5518675968447,24.5415142757223,24.4431052442089,24.6656848260024,24.6605140688826,24.6450002255868,24.4793722593216,24.525982322611,24.6450002255868,24.7380479408253,24.6605140688826,24.6398284203822,24.6346563530609,24.6398284203822,24.7070414568379,24.6708553211965,24.6450002255868,24.4586498313649,24.5622198668973,24.6139654618445,24.6708553211965,24.8568190268782,24.8568190268782,24.7742102793675,24.7948687272058,24.6915346834782,24.7328808471969,24.7328808471969,24.7225458756109,24.6760255545029,24.5829212550199,24.7432147730614,24.8980983810354,24.9032571289301,24.9135738442187,24.8929393729232,24.6863652356057,24.7948687272058,24.954830304227,24.8568190268782,24.8413349715329,24.8568190268782,24.86197985757,24.7587137017957,24.6450002255868,24.5622198668973,24.7483813439431,24.6139654618445,24.593270373703,24.6243114319154,24.6243114319154,24.6656848260024,24.6553430497988,24.5104480028654,24.6450002255868,24.7173779975772,24.5777463018912,24.7380479408253,24.7225458756109,24.9393610812787,24.8774607869049,24.8671404277798,24.7897045068028,24.7742102793675,24.8051963851263,24.8103598227198,24.8051963851263,24.7742102793675,24.6398284203822,24.8516579356668,24.7587137017957,24.7587137017957,24.8155229994525,24.86197985757,24.7587137017957,24.7845400253874,24.7277134921382,24.7587137017957,24.6760255545029,24.593270373703,24.5363372209139,24.7277134921382,24.6656848260024,24.7483813439431,24.7948687272058,24.8051963851263,24.7587137017957,24.6243114319154,24.5311599032229,24.6501717687129,24.6191385780148,24.68119552596,24.6760255545029,24.6656848260024,24.6243114319154,24.7277134921382,24.7948687272058,24.6243114319154,24.7328808471969,24.7535476535085,24.7277134921382,24.7380479408253,24.7793752829217,24.7793752829217,24.7845400253874,24.8000326866343,24.8671404277798,24.7742102793675,24.5208044790397,24.6450002255868,24.6967038696157,24.7122098579989,24.7948687272058,24.7328808471969,24.836173098535,24.7638794888426,24.7328808471969,24.6553430497988,24.7070414568379,24.7122098579989,24.6863652356057,24.7122098579989,24.7845400253874,24.918731811688,24.7173779975772,24.7070414568379,24.7122098579989,24.836173098535,24.8103598227198,24.8413349715329,24.6553430497988,24.8671404277798,24.918731811688,24.8980983810354,24.9806071469274,25.0166838239645,24.9342041538485,24.8413349715329,24.954830304227,24.8929393729232,24.9754522977662,24.9702971889533,24.9238895190908,24.9651418204509,24.9238895190908,24.8206859153626,24.9342041538485,24.8413349715329,24.9238895190908,24.9290469664651,24.9290469664651,24.86197985757,24.918731811688,24.9342041538485,24.9342041538485,24.9960701368761,24.9342041538485,24.9806071469274,24.8929393729232,24.7845400253874,24.8103598227198,24.8568190268782,24.8723007375455,24.8568190268782,24.8258485704877,24.7638794888426,24.7793752829217,24.7845400253874,24.7742102793675,24.8051963851263,24.9032571289301,24.918731811688,24.8258485704877,24.918731811688,24.9599861922213,24.9342041538485,24.8568190268782,24.7845400253874,24.8516579356668,24.8206859153626,24.8929393729232,24.8826205758957,24.8413349715329,24.8000326866343,24.7793752829217,24.8206859153626,24.7845400253874,24.6915346834782,24.7845400253874,24.7225458756109,24.6863652356057,24.7793752829217,24.7432147730614,24.7432147730614,24.8206859153626,24.8206859153626,24.7380479408253,24.7277134921382,24.8413349715329,24.8671404277798,24.9032571289301,25.3099791333095,25.2842850136107,25.4332214756594,25.4383533655169,25.4691393236678,25.3510763511273,25.3664835674914,25.3305297988212,25.3562123467933,25.3048408239653,25.5563161681696,25.2791454175921,25.3818884725093
24.7018727940562,24.588095945611,24.588095945611,24.7018727940562,24.593270373703,24.5725710861868,24.4379231880585,24.5725710861868,24.7793752829217,24.6294840235847,24.7535476535085,24.6553430497988,24.7018727940562,24.7380479408253,24.7845400253874,24.7225458756109,24.7535476535085,24.8051963851263,24.8980983810354,24.8103598227198,24.6501717687129,24.7380479408253,24.6294840235847,24.6139654618445,24.6915346834782,24.593270373703,24.6501717687129,24.5777463018912,24.6398284203822,24.6915346834782,24.6656848260024,24.5104480028654,24.5052693701856,24.68119552596,24.7328808471969,24.6501717687129,24.4949113154483,24.6036184425424,24.5104480028654,24.6139654618445,24.6708553211965,24.6760255545029,24.5622198668973,24.4741920473867,24.4482870367845,24.5725710861868,24.5518675968447,24.7122098579989,24.7225458756109,24.7742102793675,24.7018727940562,24.68119552596,24.4534685658236,24.6967038696157,24.6760255545029,24.4741920473867,24.6450002255868,24.7638794888426,24.6915346834782,24.8723007375455,24.7070414568379,24.5415142757223,24.6605140688826,25.0166838239645,25.0063774992726,24.8206859153626,24.9806071469274,24.8413349715329,24.8774607869049,24.8000326866343,24.6915346834782,24.7070414568379,24.68119552596,24.6243114319154,24.6036184425424,24.5673956078683,24.7380479408253,24.8516579356668,24.6553430497988,24.7173779975772,24.6915346834782,24.6450002255868,24.68119552596,24.7483813439431,24.7793752829217,24.7742102793675,24.8774607869049,24.8826205758957,24.8826205758957,24.8723007375455,24.7948687272058,24.7225458756109,24.6863652356057,24.6915346834782,24.7587137017957,24.8774607869049,24.8723007375455,24.7690450146872,24.9032571289301,24.8310109648659,24.7948687272058,24.8103598227198,24.7225458756109,24.7432147730614,24.6967038696157,24.6605140688826,24.6294840235847,24.68119552596,24.6139654618445,24.7587137017957,24.7328808471969,24.7948687272058,24.6398284203822,24.6553430497988,24.6191385780148,24.8051963851263,24.7690450146872,24.8206859153626,24.7432147730614,24.6501717687129,24.6553430497988,24.7070414568379,24.7587137017957,24.7690450146872,24.7742102793675,24.7535476535085,24.6450002255868,24.7690450146872,24.8000326866343,24.7483813439431,24.7328808471969,24.7018727940562,24.7742102793675,24.7587137017957,24.7742102793675,24.8103598227198,24.7225458756109,24.7845400253874,24.7638794888426,24.7587137017957,24.7793752829217,24.7638794888426,24.8516579356668,24.7328808471969,24.7432147730614,24.7122098579989,24.7225458756109,24.7277134921382,24.7793752829217,24.9135738442187,24.7380479408253,24.7432147730614,24.7587137017957,24.7948687272058,24.8103598227198,24.7948687272058,24.7948687272058,24.8464965838976,24.8413349715329,24.9599861922213,24.9445177487934,24.9651418204509,24.8516579356668,24.9909160664447,24.9599861922213,25.0115307913128,25.0990971001769,24.918731811688,24.954830304227,24.9960701368761,24.9496741564303,24.9857617364743,24.9290469664651,24.9651418204509,24.9496741564303,24.9238895190908,24.918731811688,24.8877801045559,24.9032571289301,24.8929393729232,24.9445177487934,24.8206859153626,24.9084156166453,24.8516579356668,24.8464965838976,24.9135738442187,24.8310109648659,24.8516579356668,25.0115307913128,24.8723007375455,24.836173098535,24.7380479408253,24.6760255545029,24.7690450146872,24.7742102793675,24.8980983810354,24.9032571289301,24.9135738442187,24.9084156166453,25.0166838239645,24.9290469664651,24.8671404277798,24.836173098535,24.8000326866343,24.7845400253874,24.8723007375455,24.7742102793675,24.8671404277798,24.836173098535,24.8774607869049,24.8671404277798,24.8206859153626,24.8206859153626,24.8051963851263,24.7483813439431,24.8103598227198,24.8258485704877,24.8206859153626,24.7793752829217,24.8258485704877,24.8464965838976,24.7535476535085,24.8568190268782,24.7690450146872,24.8568190268782,24.8774607869049,25.1196900631945,25.2688654531791,25.325392518149,25.3510763511273,25.3459400985342,25.4332214756594,25.3562123467933,25.3099791333095,25.4178242679226,25.3972910671794,25.3972910671794,25.2945634334578,25.3818884725093,25.3151171854302
24.6501717687129,24.5415142757223,24.5518675968447,24.593270373703,24.5777463018912,24.6708553211965,24.6036184425424,24.588095945611,24.6760255545029,24.6915346834782,24.593270373703,24.6967038696157,24.7070414568379,24.6760255545029,24.7122098579989,24.6915346834782,24.7483813439431,24.8103598227198,24.7793752829217,24.7225458756109,24.7070414568379,24.6760255545029,24.6450002255868,24.5725710861868,24.5570438632356,24.6915346834782,24.5622198668973,24.6656848260024,24.6656848260024,24.68119552596,24.5208044790397,24.4741920473867,24.4275582848784,24.5000904743927,24.5104480028654,24.525982322611,24.4793722593216,24.2771485035319,24.4223754377718,24.6139654618445,24.6760255545029,24.6087920833666,24.598444539334,24.6501717687129,24.6294840235847,24.6450002255868,24.5673956078683,24.5570438632356,24.593270373703,24.5000904743927,24.4793722593216,24.4690115721079,24.417192326936,24.6863652356057,24.8310109648659,24.6450002255868,24.7587137017957,24.7742102793675,24.7225458756109,24.6450002255868,24.5415142757223,24.588095945611,24.7483813439431,24.8155229994525,24.7587137017957,24.8464965838976,24.9238895190908,24.8310109648659,24.8826205758957,24.9342041538485,24.6915346834782,24.7483813439431,24.6863652356057,24.7173779975772,24.5829212550199,24.5518675968447,24.7535476535085,24.6398284203822,24.6605140688826,24.68119552596,24.6243114319154,24.6036184425424,24.5466910676864,24.7380479408253,24.7742102793675,24.8206859153626,24.8516579356668,24.8516579356668,24.86197985757,24.8671404277798,24.7535476535085,24.8051963851263,24.7380479408253,24.8000326866343,24.8464965838976,24.8826205758957,24.8671404277798,24.8826205758957,24.8258485704877,24.8568190268782,24.8103598227198,24.7690450146872,24.6553430497988,24.7380479408253,24.6346563530609,24.8929393729232,24.7432147730614,24.7328808471969,24.7018727940562,24.7380479408253,24.7948687272058,24.7690450146872,24.7225458756109,24.7328808471969,24.7070414568379,24.7948687272058,24.8000326866343,24.6915346834782,24.7483813439431,24.68119552596,24.7483813439431,24.7793752829217,24.8155229994525,24.7173779975772,24.7070414568379,24.7122098579989,24.7432147730614,24.7742102793675,24.9393610812787,24.7173779975772,24.7122098579989,24.7173779975772,24.68119552596,24.8051963851263,24.7380479408253,24.6760255545029,24.7070414568379,24.7380479408253,24.8155229994525,24.8310109648659,24.836173098535,24.7535476535085,24.8568190268782,24.7483813439431,24.8206859153626,24.7638794888426,24.7535476535085,24.6656848260024,24.6915346834782,24.68119552596,24.836173098535,24.7638794888426,24.7380479408253,24.7432147730614,24.7432147730614,24.7380479408253,24.7587137017957,24.8723007375455,24.9135738442187,24.9909160664447,24.9342041538485,24.9909160664447,24.9651418204509,25.0012239478063,24.9857617364743,24.9290469664651,24.9754522977662,24.9238895190908,24.9084156166453,24.8929393729232,24.8774607869049,24.8929393729232,24.9651418204509,24.9651418204509,24.9599861922213,24.9135738442187,24.9290469664651,24.9032571289301,24.8826205758957,24.9599861922213,24.9135738442187,24.9960701368761,24.9032571289301,24.9599861922213,24.8980983810354,24.9238895190908,24.9135738442187,24.8103598227198,24.86197985757,24.9393610812787,24.7483813439431,24.8516579356668,24.7587137017957,24.7690450146872,24.7432147730614,24.7845400253874,24.8980983810354,24.9084156166453,24.9445177487934,24.9857617364743,24.9393610812787,24.9342041538485,24.8051963851263,24.7277134921382,24.7742102793675,24.8464965838976,24.8774607869049,24.8516579356668,24.7638794888426,24.8464965838976,24.836173098535,24.7638794888426,24.8000326866343,24.7277134921382,24.7845400253874,24.836173098535,24.7793752829217,24.7690450146872,24.7690450146872,24.8206859153626,24.7845400253874,24.8568190268782,24.918731811688,24.7225458756109,24.8877801045559,24.8929393729232,25.1762993840732,25.1917328656758,25.3459400985342,25.2277352917338,25.3510763511273,25.3510763511273,25.4434849990752,25.3099791333095,25.3921571255997,25.3972910671794,25.3459400985342,25.3664835674914,25.2945634334578,25.3716187925976
24.525982322611,24.5363372209139,24.5311599032229,24.6450002255868,24.6656848260024,24.5725710861868,24.6087920833666,24.6087920833666,24.7483813439431,24.6553430497988,24.6553430497988,24.6450002255868,24.7070414568379,24.598444539334,24.6708553211965,24.68119552596,24.6967038696157,24.7845400253874,24.68119552596,24.6915346834782,24.6656848260024,24.8155229994525,24.6863652356057,24.6191385780148,24.588095945611,24.7173779975772,24.6967038696157,24.6294840235847,24.5570438632356,24.7018727940562,24.3705324552306,24.4793722593216,24.5104480028654,24.5000904743927,24.5466910676864,24.6398284203822,24.5104480028654,24.266767216777,24.4845522079513,24.6605140688826,24.68119552596,24.68119552596,24.6863652356057,24.6760255545029,24.6294840235847,24.6501717687129,24.588095945611,24.5673956078683,24.6294840235847,24.5000904743927,24.6036184425424,24.6656848260024,24.7122098579989,24.7018727940562,24.8155229994525,24.6398284203822,24.6553430497988,24.7742102793675,24.6346563530609,24.6656848260024,24.6036184425424,24.5466910676864,24.6501717687129,24.9135738442187,24.7638794888426,24.7432147730614,24.7742102793675,24.8206859153626,24.8051963851263,24.8723007375455,24.6915346834782,24.6967038696157,24.7277134921382,24.7277134921382,24.6708553211965,24.6501717687129,24.6708553211965,24.6139654618445,24.68119552596,24.7122098579989,24.6087920833666,24.5673956078683,24.7897045068028,24.7845400253874,24.9084156166453,24.8310109648659,24.8413349715329,24.836173098535,24.7948687272058,24.7535476535085,24.7638794888426,24.7380479408253,24.7793752829217,24.8516579356668,24.9857617364743,24.8258485704877,24.8516579356668,24.9084156166453,24.8774607869049,24.9135738442187,24.8723007375455,24.7690450146872,24.8000326866343,24.8206859153626,24.8980983810354,24.7793752829217,24.7845400253874,24.7483813439431,24.6294840235847,24.7018727940562,24.7638794888426,24.7690450146872,24.7018727940562,24.6553430497988,24.6191385780148,24.6915346834782,24.7380479408253,24.86197985757,24.6863652356057,24.7638794888426,24.7070414568379,24.7018727940562,24.7225458756109,24.7638794888426,24.7690450146872,24.7432147730614,24.7535476535085,24.8051963851263,24.7535476535085,24.7018727940562,24.8103598227198,24.7122098579989,24.598444539334,24.6863652356057,24.7380479408253,24.8310109648659,24.8051963851263,24.8310109648659,24.8155229994525,24.8103598227198,24.6656848260024,24.8258485704877,24.7173779975772,24.7638794888426,24.7225458756109,24.7122098579989,24.7225458756109,24.6656848260024,24.6656848260024,24.7225458756109,24.6708553211965,24.8568190268782,24.8671404277798,24.7483813439431,24.7638794888426,24.8051963851263,24.9032571289301,24.9445177487934,24.9290469664651,24.8103598227198,24.9754522977662,24.9032571289301,24.9238895190908,24.8206859153626,24.9445177487934,24.86197985757,24.9651418204509,24.9032571289301,24.8980983810354,25.0063774992726,24.9496741564303,24.9238895190908,24.8103598227198,24.954830304227,24.9032571289301,24.9238895190908,24.9290469664651,24.86197985757,24.8464965838976,24.8929393729232,24.8980983810354,24.8774607869049,24.9857617364743,24.9754522977662,24.9599861922213,24.9238895190908,24.9342041538485,24.7483813439431,24.7793752829217,24.8000326866343,24.7948687272058,24.7690450146872,24.8774607869049,24.8155229994525,24.9393610812787,24.7793752829217,24.7742102793675,24.8877801045559,24.8929393729232,24.9651418204509,24.8258485704877,24.836173098535,24.8258485704877,24.7793752829217,24.9290469664651,24.918731811688,24.8877801045559,24.86197985757,24.8310109648659,24.8774607869049,24.8877801045559,24.7535476535085,24.7587137017957,24.7793752829217,24.7432147730614,24.7587137017957,24.6915346834782,24.8206859153626,24.8877801045559,24.8051963851263,24.8310109648659,24.7742102793675,24.7587137017957,24.8413349715329,24.8877801045559,24.9960701368761,25.1711543738743,25.2277352917338,25.2894243522202,25.3562123467933,25.3767537609245,25.3818884725093,25.3510763511273,25.3818884725093,25.3818884725093,25.3972910671794,25.3767537609245,25.3767537609245,25.3818884725093,25.3818884725093
24.5104480028654,24.5466910676864,24.5570438632356,24.6760255545029,24.6450002255868,24.5156263724707,24.6036184425424,24.598444539334,24.588095945611,24.6656848260024,24.588095945611,24.6036184425424,24.6915346834782,24.7173779975772,24.6967038696157,24.6708553211965,24.6656848260024,24.6863652356057,24.6863652356057,24.6708553211965,24.7690450146872,24.7742102793675,24.5777463018912,24.588095945611,24.6501717687129,24.5829212550199,24.6967038696157,24.6967038696157,24.6915346834782,24.6553430497988,24.5518675968447,24.4949113154483,24.3342266548802,24.6139654618445,24.5673956078683,24.4223754377718,24.2771485035319,24.2719579925803,24.3757179413665,24.8000326866343,24.7277134921382,24.6243114319154,24.7638794888426,24.6501717687129,24.4690115721079,24.5673956078683,24.6760255545029,24.7690450146872,24.4949113154483,24.5052693701856,24.6760255545029,24.6967038696157,24.7897045068028,24.7948687272058,24.8826205758957,24.8568190268782,24.7070414568379,24.6605140688826,24.5777463018912,24.6708553211965,24.6967038696157,24.7277134921382,24.6450002255868,24.7483813439431,24.7483813439431,24.8051963851263,24.8000326866343,24.8206859153626,24.7897045068028,24.8258485704877,24.8103598227198,24.7018727940562,24.6915346834782,24.7225458756109,24.68119552596,24.6243114319154,24.6605140688826,24.6346563530609,24.7122098579989,24.6915346834782,24.68119552596,24.5622198668973,24.7638794888426,24.8671404277798,24.8516579356668,24.9032571289301,24.8568190268782,24.7432147730614,24.7432147730614,24.7328808471969,24.8206859153626,24.7793752829217,24.7277134921382,24.7122098579989,24.86197985757,24.7897045068028,24.8000326866343,24.8206859153626,24.8826205758957,24.8258485704877,24.7638794888426,24.8671404277798,24.7690450146872,24.6656848260024,24.7277134921382,24.7277134921382,24.7587137017957,24.6139654618445,24.7587137017957,24.918731811688,24.7742102793675,24.9135738442187,24.9238895190908,24.6191385780148,24.7173779975772,24.7793752829217,24.7587137017957,24.7225458756109,24.8516579356668,24.7793752829217,24.8516579356668,24.7690450146872,24.8723007375455,24.8155229994525,24.7122098579989,24.7070414568379,24.7432147730614,24.6708553211965,24.7587137017957,24.8103598227198,24.8206859153626,24.7845400253874,24.7173779975772,24.6967038696157,24.836173098535,24.8103598227198,24.9032571289301,24.8980983810354,24.8568190268782,24.8155229994525,24.8310109648659,24.9651418204509,24.7742102793675,24.7432147730614,24.7173779975772,24.7483813439431,24.7225458756109,24.7018727940562,24.7277134921382,24.7432147730614,24.7380479408253,24.8516579356668,24.9032571289301,24.7535476535085,24.7432147730614,24.6501717687129,24.8206859153626,24.8206859153626,24.9290469664651,24.9702971889533,24.8413349715329,24.954830304227,24.8464965838976,24.8929393729232,24.9032571289301,24.9702971889533,24.9342041538485,24.9806071469274,24.9238895190908,24.9032571289301,24.8980983810354,24.9393610812787,24.8826205758957,24.8877801045559,24.8723007375455,24.8980983810354,24.9496741564303,24.8774607869049,24.9342041538485,24.9290469664651,24.8826205758957,24.9857617364743,24.9599861922213,24.9342041538485,24.9238895190908,24.918731811688,24.9084156166453,24.8310109648659,24.9238895190908,24.7742102793675,24.8051963851263,24.7690450146872,24.7587137017957,24.9084156166453,24.7793752829217,24.8206859153626,25.0218365972651,24.8980983810354,24.918731811688,24.9032571289301,24.9238895190908,24.836173098535,24.8413349715329,24.7483813439431,24.9238895190908,24.8980983810354,24.7638794888426,24.7845400253874,24.8051963851263,24.8877801045559,24.7587137017957,24.7328808471969,25.0063774992726,25.0063774992726,24.7793752829217,24.7380479408253,24.7380479408253,24.7535476535085,24.7380479408253,24.8464965838976,24.8568190268782,24.8258485704877,24.8723007375455,24.8516579356668,24.8929393729232,25.1505717504272,25.1660091054476,25.3099791333095,25.2483024338098,25.4024247521646,25.3562123467933,25.4486163763711,25.3767537609245,25.4486163763711,25.3818884725093,25.3818884725093,25.4383533655169,25.4896581737131,25.3767537609245,25.3870229273887
24.7277134921382,24.5104480028654,24.4949113154483,24.6501717687129,24.5725710861868,24.5363372209139,24.6346563530609,24.5673956078683,24.6398284203822,24.6294840235847,24.6553430497988,24.6139654618445,24.6553430497988,24.5363372209139,24.6863652356057,24.5570438632356,24.593270373703,24.525982322611,24.6191385780148,24.5363372209139,24.6708553211965,24.7690450146872,24.6656848260024,24.6605140688826,24.6036184425424,24.7535476535085,24.6656848260024,24.6501717687129,24.6915346834782,24.5466910676864,24.5156263724707,24.525982322611,24.4741920473867,24.598444539334,24.4586498313649,24.2823387496704,24.1369116310709,24.3290390547373,24.5725710861868,24.8155229994525,24.7690450146872,24.5777463018912,24.6708553211965,24.6605140688826,24.5104480028654,24.6450002255868,24.6553430497988,24.7897045068028,24.6398284203822,24.598444539334,24.836173098535,24.8671404277798,24.8671404277798,24.8671404277798,24.9702971889533,24.954830304227,24.8258485704877,24.7432147730614,24.5725710861868,24.7742102793675,24.7690450146872,24.7948687272058,24.7432147730614,24.86197985757,24.7483813439431,24.7690450146872,24.7483813439431,24.6967038696157,24.7845400253874,24.8051963851263,24.8258485704877,24.7225458756109,24.7173779975772,24.6967038696157,24.6191385780148,24.6191385780148,24.6915346834782,24.6760255545029,24.6243114319154,24.7380479408253,24.6036184425424,24.5777463018912,24.7483813439431,24.7742102793675,24.8774607869049,24.9342041538485,24.9290469664651,24.836173098535,24.8516579356668,24.8051963851263,24.8516579356668,24.8103598227198,24.6605140688826,24.7742102793675,24.8155229994525,24.7742102793675,24.8723007375455,24.8516579356668,24.8826205758957,24.8826205758957,24.8671404277798,24.7432147730614,24.8723007375455,24.7380479408253,24.7845400253874,24.9135738442187,24.7122098579989,24.7070414568379,24.7070414568379,24.7483813439431,24.7638794888426,24.8980983810354,24.7225458756109,24.7328808471969,24.6656848260024,24.7070414568379,24.7122098579989,24.7483813439431,24.7638794888426,24.7277134921382,24.8000326866343,24.86197985757,24.8051963851263,24.8155229994525,24.836173098535,24.6863652356057,24.8000326866343,24.8671404277798,24.8051963851263,24.8568190268782,24.7845400253874,24.6915346834782,24.6708553211965,24.6191385780148,24.6760255545029,24.7690450146872,25.0321413659635,24.9084156166453,24.7897045068028,24.6708553211965,24.8929393729232,24.8000326866343,24.68119552596,24.7483813439431,24.7690450146872,24.7277134921382,24.7225458756109,24.7018727940562,24.7483813439431,24.7225458756109,24.7225458756109,24.8464965838976,24.7225458756109,24.7380479408253,24.6863652356057,24.68119552596,24.6967038696157,24.8774607869049,24.8671404277798,24.8929393729232,24.8929393729232,24.9445177487934,24.9135738442187,24.86197985757,24.9084156166453,24.836173098535,25.0527477928007,24.8723007375455,24.9032571289301,24.8774607869049,24.8464965838976,24.9342041538485,24.8980983810354,24.8826205758957,24.8929393729232,24.8516579356668,24.9445177487934,24.8723007375455,24.8877801045559,24.8516579356668,24.9651418204509,24.8000326866343,24.9599861922213,24.9599861922213,24.8877801045559,24.9084156166453,24.954830304227,24.8155229994525,24.9135738442187,24.7690450146872,24.7948687272058,24.7690450146872,24.7845400253874,24.8826205758957,24.9238895190908,24.8723007375455,24.8310109648659,24.86197985757,24.918731811688,24.9135738442187,24.954830304227,24.8516579356668,24.8568190268782,24.86197985757,24.8568190268782,24.7638794888426,24.9032571289301,24.9342041538485,24.8929393729232,24.8258485704877,24.7742102793675,24.8516579356668,24.7897045068028,24.7535476535085,24.8516579356668,24.7483813439431,24.7380479408253,24.6605140688826,24.7483813439431,24.7380479408253,24.8155229994525,24.8516579356668,24.8568190268782,24.8723007375455,24.9857617364743,25.3151171854302,25.3151171854302,25.3048408239653,25.3818884725093,25.3562123467933,25.3767537609245,25.3818884725093,25.4588783623232,25.4332214756594,25.3921571255997,25.3818884725093,25.3356668224182,25.4537474974415,25.4434849990752,25.3562123467933
24.4897318933139,24.5466910676864,24.6139654618445,24.5725710861868,24.6191385780148,24.588095945611,24.5777463018912,24.6398284203822,24.7535476535085,24.6139654618445,24.6863652356057,24.525982322611,24.5570438632356,24.6863652356057,24.7122098579989,24.5570438632356,24.6501717687129,24.5311599032229,24.5311599032229,24.5466910676864,24.6863652356057,24.6656848260024,24.7948687272058,24.7173779975772,24.6967038696157,24.6863652356057,24.7587137017957,24.6863652356057,24.5673956078683,24.5000904743927,24.4897318933139,24.4793722593216,24.3394139906367,24.4741920473867,24.4120089523324,24.1421090408181,24.4534685658236,24.2719579925803,24.5570438632356,24.6760255545029,24.6656848260024,24.6915346834782,24.7535476535085,24.7638794888426,24.7742102793675,24.6863652356057,24.6656848260024,24.5466910676864,24.6708553211965,24.6656848260024,24.8464965838976,24.8464965838976,24.7948687272058,24.86197985757,24.8103598227198,24.8258485704877,24.8258485704877,24.836173098535,24.8310109648659,24.6450002255868,24.7277134921382,24.7225458756109,24.7845400253874,24.8000326866343,24.6501717687129,24.7432147730614,24.6863652356057,24.6553430497988,24.7380479408253,24.836173098535,24.8310109648659,24.836173098535,24.7122098579989,24.7122098579989,24.6243114319154,24.6450002255868,24.6863652356057,24.7328808471969,24.6450002255868,24.6398284203822,24.6346563530609,24.6656848260024,24.7690450146872,24.6605140688826,24.7638794888426,24.8206859153626,24.86197985757,24.8516579356668,24.8258485704877,24.7380479408253,24.7690450146872,24.7587137017957,24.7277134921382,24.7793752829217,24.7897045068028,24.7070414568379,24.8155229994525,24.8568190268782,24.8723007375455,24.7948687272058,24.86197985757,24.7432147730614,24.7432147730614,24.7432147730614,24.8051963851263,24.6967038696157,24.6553430497988,24.7483813439431,24.6656848260024,24.8516579356668,24.8051963851263,24.8103598227198,24.7328808471969,24.7897045068028,24.7432147730614,24.68119552596,24.7018727940562,24.7742102793675,24.6708553211965,24.8258485704877,24.7328808471969,24.8826205758957,24.8258485704877,24.8103598227198,24.8877801045559,24.6760255545029,24.6967038696157,24.8310109648659,24.8206859153626,24.8671404277798,24.7070414568379,24.6501717687129,24.7122098579989,24.6139654618445,24.6708553211965,24.8206859153626,24.7742102793675,24.8568190268782,24.8051963851263,24.6863652356057,24.7742102793675,24.8000326866343,24.8103598227198,24.598444539334,24.598444539334,24.6863652356057,24.7173779975772,24.6605140688826,24.6967038696157,24.7122098579989,24.7638794888426,24.7690450146872,24.7277134921382,24.7483813439431,24.7277134921382,24.6915346834782,24.8000326866343,24.7225458756109,24.7742102793675,24.9651418204509,24.8980983810354,24.9599861922213,24.9496741564303,24.9290469664651,24.8671404277798,24.9909160664447,24.9084156166453,24.954830304227,24.9135738442187,24.9496741564303,24.9135738442187,24.9290469664651,24.836173098535,24.9135738442187,24.8310109648659,24.9084156166453,24.8516579356668,24.8929393729232,24.8206859153626,24.836173098535,24.7897045068028,24.9651418204509,24.8671404277798,24.8826205758957,24.8464965838976,24.86197985757,24.8516579356668,24.836173098535,24.9032571289301,24.8258485704877,24.8980983810354,24.7948687272058,24.7897045068028,24.8103598227198,24.8723007375455,24.8671404277798,24.9290469664651,24.918731811688,24.9290469664651,24.9445177487934,24.9238895190908,24.836173098535,24.8413349715329,24.8155229994525,24.8310109648659,24.86197985757,24.8877801045559,24.7897045068028,24.7897045068028,24.8000326866343,24.7742102793675,24.8413349715329,24.7690450146872,24.7535476535085,24.7535476535085,24.7742102793675,24.86197985757,24.8568190268782,24.7638794888426,24.86197985757,24.8568190268782,24.8877801045559,24.8774607869049,24.8568190268782,25.0218365972651,25.2534435750629,25.4075581805922,25.3151171854302,25.3664835674914,25.3767537609245,25.4178242679226,25.4691393236678,25.4691393236678,25.4024247521646,25.3818884725093,25.4126913524992,25.4845288451903,25.4742694202044,25.3099791333095,25.4742694202044
24.5829212550199,24.5466910676864,24.5415142757223,24.588095945611,24.4431052442089,24.5725710861868,24.593270373703,24.7018727940562,24.6346563530609,24.6346563530609,24.6553430497988,24.598444539334,24.525982322611,24.5622198668973,24.5000904743927,24.5156263724707,24.5156263724707,24.5363372209139,24.525982322611,24.6294840235847,24.7742102793675,24.6708553211965,24.9238895190908,24.6967038696157,24.6553430497988,24.6863652356057,24.7070414568379,24.593270373703,24.6863652356057,24.5466910676864,24.588095945611,24.5000904743927,24.5208044790397,24.3238511901693,24.261576176083,24.4431052442089,24.5673956078683,24.4638308334468,24.6450002255868,24.7587137017957,24.7638794888426,24.7793752829217,24.7587137017957,24.7948687272058,24.6501717687129,24.5156263724707,24.5725710861868,24.68119552596,24.6398284203822,24.7483813439431,24.7897045068028,24.7845400253874,24.7948687272058,24.8103598227198,24.8568190268782,24.7845400253874,24.7690450146872,24.6087920833666,24.9702971889533,24.6915346834782,24.7690450146872,24.7742102793675,24.7845400253874,24.7225458756109,24.6915346834782,24.68119552596,24.7070414568379,24.7225458756109,24.6346563530609,24.6553430497988,24.8051963851263,24.7897045068028,24.7225458756109,24.8000326866343,24.7277134921382,24.6967038696157,24.7122098579989,24.6243114319154,24.7742102793675,24.6087920833666,24.6243114319154,24.6501717687129,24.7587137017957,24.8155229994525,24.7638794888426,24.7535476535085,24.8310109648659,24.836173098535,24.7948687272058,24.86197985757,24.8103598227198,24.836173098535,24.836173098535,24.7638794888426,24.7948687272058,24.8464965838976,24.8516579356668,24.8155229994525,24.8671404277798,24.8103598227198,24.86197985757,24.7328808471969,24.8568190268782,24.7432147730614,24.8464965838976,24.6915346834782,24.6863652356057,24.7690450146872,24.7122098579989,24.6605140688826,24.7225458756109,24.8310109648659,24.8155229994525,24.7690450146872,24.7173779975772,24.7070414568379,24.7225458756109,24.7897045068028,24.7845400253874,24.8103598227198,24.8516579356668,24.8568190268782,24.8826205758957,24.8568190268782,24.9496741564303,24.8206859153626,24.8206859153626,24.8103598227198,24.8568190268782,24.86197985757,24.7742102793675,24.7122098579989,24.7948687272058,24.7535476535085,24.6760255545029,24.8051963851263,24.8464965838976,24.8774607869049,24.8464965838976,24.7742102793675,24.8877801045559,24.8258485704877,24.8568190268782,24.7535476535085,24.7225458756109,24.6967038696157,24.7173779975772,24.7845400253874,24.7380479408253,24.6450002255868,24.5725710861868,24.7122098579989,24.7122098579989,24.7173779975772,24.7535476535085,24.7845400253874,24.7793752829217,24.8051963851263,24.7948687272058,24.9135738442187,24.8980983810354,24.9393610812787,25.0115307913128,24.9754522977662,24.9445177487934,24.918731811688,24.9135738442187,24.9702971889533,24.9032571289301,25.0424450977087,24.8464965838976,24.8464965838976,24.8929393729232,24.8413349715329,24.9857617364743,24.8980983810354,24.8258485704877,24.8155229994525,24.8568190268782,24.8464965838976,24.7587137017957,24.8774607869049,24.918731811688,24.8310109648659,24.9342041538485,24.8723007375455,24.86197985757,24.8516579356668,24.9135738442187,24.8877801045559,24.8051963851263,24.8671404277798,24.8310109648659,24.8155229994525,24.836173098535,24.8413349715329,24.9238895190908,24.8568190268782,24.9393610812787,24.9651418204509,24.9599861922213,24.918731811688,24.7638794888426,24.8568190268782,24.8826205758957,24.8000326866343,24.7793752829217,24.7742102793675,24.836173098535,24.7845400253874,24.7948687272058,24.8310109648659,24.7638794888426,24.7638794888426,24.86197985757,24.7845400253874,24.7845400253874,24.8258485704877,24.8568190268782,24.7328808471969,24.8155229994525,24.8464965838976,24.8671404277798,24.8723007375455,25.1351320700124,25.1608635787557,25.3664835674914,25.3716187925976,25.3099791333095,25.464008971053,25.4691393236678,25.3767537609245,25.4332214756594,25.3613480855689,25.4383533655169,25.4075581805922,25.3972910671794,25.4075581805922,25.3767537609245,25.5768176311468
24.5104480028654,24.5311599032229,24.5673956078683,24.4379231880585,24.588095945611,24.598444539334,24.598444539334,24.5415142757223,24.6087920833666,24.588095945611,24.5415142757223,24.7277134921382,24.5777463018912,24.4741920473867,24.4586498313649,24.525982322611,24.5466910676864,24.4793722593216,24.5311599032229,24.7328808471969,24.7380479408253,24.68119552596,24.7483813439431,24.6708553211965,24.7535476535085,24.588095945611,24.598444539334,24.7173779975772,24.8516579356668,24.6967038696157,24.6450002255868,24.4845522079513,24.4638308334468,24.3082860095273,24.4690115721079,24.4068253139224,24.5777463018912,24.6553430497988,24.6553430497988,24.7173779975772,24.68119552596,24.5725710861868,24.6915346834782,24.5777463018912,24.6656848260024,24.525982322611,24.6760255545029,24.5311599032229,24.588095945611,24.5104480028654,24.7018727940562,24.8413349715329,24.836173098535,24.6967038696157,24.7793752829217,24.7535476535085,24.6346563530609,24.6398284203822,24.8671404277798,24.7535476535085,24.7690450146872,24.7587137017957,24.7328808471969,24.7587137017957,24.7122098579989,24.6863652356057,24.7070414568379,24.7328808471969,24.6036184425424,24.6243114319154,24.7225458756109,24.7225458756109,24.6605140688826,24.7173779975772,24.6967038696157,24.7277134921382,24.7277134921382,24.7173779975772,24.7380479408253,24.7380479408253,24.7122098579989,24.8258485704877,24.8206859153626,24.7897045068028,24.7793752829217,24.8310109648659,24.836173098535,24.86197985757,24.8568190268782,24.7277134921382,24.8051963851263,24.8155229994525,24.8413349715329,24.8464965838976,24.7483813439431,24.8000326866343,24.6139654618445,24.7070414568379,24.7587137017957,24.8671404277798,24.86197985757,24.8568190268782,24.836173098535,24.8464965838976,24.8516579356668,24.8051963851263,24.7948687272058,24.68119552596,24.7173779975772,24.5622198668973,24.6036184425424,24.836173098535,24.7432147730614,24.7897045068028,24.7122098579989,24.6760255545029,24.7122098579989,24.7845400253874,24.7483813439431,24.8206859153626,24.9032571289301,24.8206859153626,24.86197985757,24.8258485704877,24.6605140688826,24.7897045068028,24.7277134921382,24.8464965838976,24.7587137017957,24.7690450146872,24.7122098579989,24.7742102793675,24.7845400253874,24.7277134921382,24.8155229994525,24.8310109648659,24.9032571289301,24.8774607869049,24.8413349715329,24.7948687272058,24.8723007375455,24.8413349715329,24.7483813439431,24.8206859153626,24.7277134921382,24.7587137017957,24.6967038696157,24.6915346834782,24.588095945611,24.5777463018912,24.6036184425424,24.6605140688826,24.8000326866343,24.8155229994525,24.6294840235847,24.7638794888426,24.7587137017957,24.8929393729232,24.8980983810354,24.918731811688,24.9599861922213,24.8155229994525,24.9238895190908,24.8310109648659,24.9909160664447,24.9032571289301,25.0424450977087,24.9238895190908,24.9032571289301,24.8826205758957,24.8671404277798,24.8671404277798,24.836173098535,24.836173098535,24.8826205758957,24.9806071469274,24.9445177487934,24.8258485704877,24.8516579356668,24.9032571289301,24.9496741564303,24.8310109648659,24.8671404277798,24.9032571289301,24.836173098535,24.8206859153626,24.8258485704877,24.7897045068028,24.8980983810354,24.8980983810354,24.8826205758957,24.8000326866343,24.8671404277798,24.8980983810354,24.8206859153626,24.9084156166453,24.9135738442187,24.8826205758957,24.9599861922213,24.8929393729232,24.9599861922213,24.8516579356668,24.8413349715329,24.8671404277798,24.8671404277798,24.8310109648659,24.8413349715329,24.8051963851263,24.8413349715329,24.7742102793675,24.7742102793675,24.86197985757,24.7948687272058,24.7535476535085,24.7793752829217,24.8671404277798,24.8000326866343,24.8516579356668,24.8413349715329,24.8413349715329,24.8671404277798,24.8723007375455,24.8671404277798,25.0939482126385,25.14027888859,25.3459400985342,25.3408035889768,25.3151171854302,25.4896581737131,25.325392518149,25.3099791333095,25.4178242679226,25.4024247521646,25.4229569268991,25.4332214756594,25.3613480855689,25.3921571255997,25.494787246305,25.3664835674914,25.4178242679226
24.5777463018912,24.6708553211965,24.5622198668973,24.4690115721079,24.588095945611,24.593270373703,24.6087920833666,24.4897318933139,24.5622198668973,24.6191385780148,24.6139654618445,24.5415142757223,24.6036184425424,24.4897318933139,24.4638308334468,24.3705324552306,24.5415142757223,24.5311599032229,24.5570438632356,24.6967038696157,24.6915346834782,24.6863652356057,24.7070414568379,24.6760255545029,24.7018727940562,24.6087920833666,24.5777463018912,24.598444539334,24.6760255545029,24.7122098579989,24.6863652356057,24.4534685658236,24.2408093636233,24.3082860095273,24.3653467049792,24.3809031634257,24.5777463018912,24.7948687272058,24.6553430497988,24.7122098579989,24.5673956078683,24.5777463018912,24.5829212550199,24.6036184425424,24.6191385780148,24.7070414568379,24.7432147730614,24.5518675968447,24.4845522079513,24.593270373703,24.8051963851263,24.7948687272058,24.8155229994525,24.7690450146872,24.7638794888426,24.8051963851263,24.5208044790397,24.6708553211965,24.8774607869049,24.7328808471969,24.8310109648659,24.7173779975772,24.7535476535085,24.68119552596,24.588095945611,24.5363372209139,24.6087920833666,24.6708553211965,24.7328808471969,24.6450002255868,24.7018727940562,24.6294840235847,24.6760255545029,24.7432147730614,24.6967038696157,24.6708553211965,24.7122098579989,24.7328808471969,24.8155229994525,24.8413349715329,24.7173779975772,24.8671404277798,24.8310109648659,24.8258485704877,24.6553430497988,24.8310109648659,24.7380479408253,24.8671404277798,24.9960701368761,24.8671404277798,24.8568190268782,24.8000326866343,24.7432147730614,24.7432147730614,24.8464965838976,24.6605140688826,24.6346563530609,24.6708553211965,24.7845400253874,24.8310109648659,24.8516579356668,24.7225458756109,24.7432147730614,24.8413349715329,24.7948687272058,24.8155229994525,24.6605140688826,24.7018727940562,24.6708553211965,24.6708553211965,24.7483813439431,24.7690450146872,24.7277134921382,24.7277134921382,24.8051963851263,24.7380479408253,24.7018727940562,24.7483813439431,24.8103598227198,24.8568190268782,24.8516579356668,24.8413349715329,24.8826205758957,24.9290469664651,24.7225458756109,24.7948687272058,24.7587137017957,24.8258485704877,24.8258485704877,24.7897045068028,24.8723007375455,24.8774607869049,24.7793752829217,24.7742102793675,24.8826205758957,24.8516579356668,24.9754522977662,24.8568190268782,24.7742102793675,24.8310109648659,24.8671404277798,24.8568190268782,24.7948687272058,24.7173779975772,24.8000326866343,24.7948687272058,24.7845400253874,24.7328808471969,24.6863652356057,24.6346563530609,24.7070414568379,24.6915346834782,24.8051963851263,24.8258485704877,24.7690450146872,24.86197985757,24.7845400253874,24.954830304227,24.9032571289301,24.8723007375455,25.0115307913128,24.918731811688,25.0012239478063,24.9960701368761,24.9754522977662,24.9238895190908,24.9496741564303,24.918731811688,24.9651418204509,24.8877801045559,24.9342041538485,24.918731811688,24.86197985757,24.9599861922213,24.8206859153626,24.8155229994525,24.9135738442187,24.9032571289301,24.8310109648659,24.8826205758957,24.8877801045559,24.8464965838976,24.8258485704877,24.8051963851263,24.8155229994525,24.8568190268782,24.8206859153626,24.8464965838976,24.9238895190908,24.8826205758957,24.9032571289301,24.8980983810354,24.8877801045559,24.8774607869049,24.9135738442187,24.8671404277798,24.9290469664651,24.8723007375455,24.86197985757,24.918731811688,24.9342041538485,24.836173098535,24.7277134921382,24.836173098535,24.7897045068028,24.7897045068028,24.8258485704877,24.8051963851263,24.7897045068028,24.8723007375455,24.7948687272058,24.8568190268782,24.7535476535085,24.8413349715329,24.8774607869049,24.8000326866343,24.8413349715329,24.7432147730614,24.7380479408253,24.7638794888426,24.8464965838976,24.8980983810354,24.8723007375455,25.0578987516956,25.1042457289643,25.2791454175921,25.2894243522202,25.3305297988212,25.3818884725093,25.3305297988212,25.325392518149,25.4024247521646,25.3972910671794,25.4024247521646,25.4126913524992,25.4024247521646,25.4434849990752,25.4691393236678,25.3664835674914,25.3921571255997
24.6863652356057,24.5570438632356,24.5829212550199,24.6967038696157,24.593270373703,24.4793722593216,24.525982322611,24.6139654618445,24.6346563530609,24.7173779975772,24.6605140688826,24.6708553211965,24.5363372209139,24.5466910676864,24.5673956078683,24.5466910676864,24.5466910676864,24.6450002255868,24.5570438632356,24.68119552596,24.7122098579989,24.7225458756109,24.7018727940562,24.6863652356057,24.6191385780148,24.6398284203822,24.6294840235847,24.7070414568379,24.7070414568379,24.6191385780148,24.5518675968447,24.4949113154483,24.2719579925803,24.2044572345467,24.2875287310348,24.396457245529,24.5777463018912,24.7173779975772,24.9238895190908,24.9084156166453,24.5622198668973,24.4482870367845,24.5622198668973,24.6967038696157,24.6450002255868,24.6967038696157,24.6501717687129,24.6139654618445,24.5156263724707,24.6036184425424,24.7173779975772,24.7587137017957,24.7793752829217,24.7742102793675,24.8516579356668,24.7328808471969,24.6398284203822,24.68119552596,24.86197985757,24.8413349715329,24.7277134921382,24.8155229994525,24.7535476535085,24.7018727940562,24.6915346834782,24.7018727940562,24.6450002255868,24.7070414568379,24.6294840235847,24.7328808471969,24.5570438632356,24.6450002255868,24.6036184425424,24.6398284203822,24.6863652356057,24.6708553211965,24.7225458756109,24.7535476535085,24.8206859153626,24.7277134921382,24.7432147730614,24.86197985757,24.8310109648659,24.8206859153626,24.6656848260024,24.7122098579989,24.8877801045559,24.8671404277798,24.9084156166453,25.0321413659635,24.9238895190908,24.8774607869049,24.8516579356668,24.8000326866343,24.7018727940562,24.7328808471969,24.7225458756109,24.6501717687129,24.7742102793675,24.7018727940562,24.8516579356668,24.8206859153626,24.8413349715329,24.9857617364743,24.8310109648659,24.5518675968447,24.5622198668973,24.6605140688826,24.6760255545029,24.7122098579989,24.6915346834782,24.68119552596,24.8206859153626,24.7897045068028,24.7897045068028,24.8413349715329,24.8051963851263,24.8206859153626,24.8258485704877,24.8929393729232,24.8103598227198,24.8826205758957,24.8000326866343,24.8103598227198,24.7277134921382,24.7070414568379,24.8103598227198,24.8155229994525,24.8516579356668,24.836173098535,24.7845400253874,24.7897045068028,24.7535476535085,24.8877801045559,24.8310109648659,25.0115307913128,24.8516579356668,24.8464965838976,24.8568190268782,24.8568190268782,24.954830304227,24.9599861922213,24.8051963851263,24.7277134921382,24.7845400253874,24.7587137017957,24.8413349715329,24.8258485704877,24.7432147730614,24.7173779975772,24.7070414568379,24.6863652356057,24.8103598227198,24.7742102793675,24.8051963851263,24.7587137017957,24.8516579356668,24.8155229994525,24.8929393729232,24.8929393729232,24.9032571289301,24.918731811688,25.0115307913128,24.9238895190908,25.0578987516956,24.9857617364743,24.9135738442187,24.9032571289301,24.9032571289301,24.9135738442187,24.8671404277798,24.9032571289301,24.8929393729232,24.9342041538485,24.8568190268782,24.9702971889533,24.918731811688,24.9032571289301,24.8258485704877,24.86197985757,24.8413349715329,24.9135738442187,24.836173098535,24.8980983810354,24.8310109648659,24.8929393729232,24.9496741564303,24.86197985757,24.7587137017957,24.8568190268782,24.8516579356668,24.8103598227198,24.8310109648659,24.9032571289301,24.9238895190908,24.9290469664651,24.8826205758957,24.8774607869049,24.86197985757,24.9032571289301,24.918731811688,24.954830304227,24.7328808471969,24.8516579356668,24.9032571289301,24.918731811688,24.8929393729232,24.7742102793675,24.8206859153626,24.7638794888426,24.7690450146872,24.8671404277798,24.9084156166453,24.6967038696157,24.7432147730614,24.7948687272058,24.918731811688,24.7432147730614,24.836173098535,24.8310109648659,24.7483813439431,24.8568190268782,25.0527477928007,25.1299849929454,25.2123072282184,25.2894243522202,25.3921571255997,25.2894243522202,25.325392518149,25.3664835674914,25.3151171854302,25.3151171854302,25.4742694202044,25.4229569268991,25.3972910671794,25.3767537609245,25.3870229273887,25.4075581805922,25.4024247521646,25.3870229273887
24.4431052442089,24.5570438632356,24.4793722593216,24.5777463018912,24.6760255545029,24.5777463018912,24.5466910676864,24.598444539334,24.6501717687129,24.7277134921382,24.6294840235847,24.588095945611,24.5000904743927,24.4327408682945,24.4223754377718,24.5466910676864,24.6708553211965,24.6553430497988,24.5363372209139,24.5570438632356,24.6605140688826,24.6708553211965,24.588095945611,24.4327408682945,24.4016414116675,24.4482870367845,24.4638308334468,24.6139654618445,24.5052693701856,24.5466910676864,24.6087920833666,24.4586498313649,24.313474667603,24.2044572345467,24.4120089523324,24.3705324552306,24.6605140688826,24.593270373703,24.7225458756109,24.7225458756109,24.5673956078683,24.6760255545029,24.7380479408253,24.6863652356057,24.5829212550199,24.6346563530609,24.6087920833666,24.4482870367845,24.4586498313649,24.6346563530609,24.6553430497988,24.6760255545029,24.8103598227198,24.8568190268782,24.7897045068028,24.7070414568379,24.6605140688826,24.8000326866343,24.7277134921382,24.7277134921382,24.8103598227198,24.7432147730614,24.7845400253874,24.7277134921382,24.7122098579989,24.7018727940562,24.7225458756109,24.6656848260024,24.7225458756109,24.7173779975772,24.6708553211965,24.6656848260024,24.5570438632356,24.525982322611,24.6346563530609,24.6450002255868,24.68119552596,24.6346563530609,24.7535476535085,24.7535476535085,24.7948687272058,24.8258485704877,24.8258485704877,24.7328808471969,24.8413349715329,24.7328808471969,24.8000326866343,24.9135738442187,25.0166838239645,25.0372933614365,24.954830304227,24.8929393729232,24.8464965838976,24.8568190268782,24.7793752829217,24.6605140688826,24.6450002255868,24.8051963851263,24.8051963851263,24.836173098535,24.8258485704877,24.836173098535,24.9909160664447,24.9084156166453,24.8929393729232,24.7173779975772,24.7483813439431,24.68119552596,24.6915346834782,24.7380479408253,24.7018727940562,24.7897045068028,24.6915346834782,24.7122098579989,24.7793752829217,24.8826205758957,24.8568190268782,24.8413349715329,24.8723007375455,24.8206859153626,24.7845400253874,24.7535476535085,24.7742102793675,24.9135738442187,24.8826205758957,24.7948687272058,24.8155229994525,24.8000326866343,24.7690450146872,24.86197985757,24.8103598227198,24.7897045068028,24.6760255545029,24.7587137017957,24.7948687272058,24.8103598227198,24.8826205758957,24.9702971889533,24.8000326866343,24.836173098535,24.9496741564303,24.918731811688,24.8051963851263,24.8051963851263,24.7380479408253,24.7587137017957,24.7587137017957,24.7793752829217,24.7587137017957,24.7587137017957,24.6346563530609,24.6967038696157,24.6553430497988,24.7380479408253,24.8516579356668,24.8155229994525,24.8723007375455,24.6967038696157,25.0063774992726,24.9651418204509,25.0012239478063,24.9135738442187,24.9290469664651,24.9909160664447,24.9599861922213,24.9702971889533,24.954830304227,24.9651418204509,24.9393610812787,24.9651418204509,24.9496741564303,24.9599861922213,24.8826205758957,24.9084156166453,24.8774607869049,24.9135738442187,24.9960701368761,24.9032571289301,24.9135738442187,24.7793752829217,24.8516579356668,24.8413349715329,24.8826205758957,24.86197985757,24.836173098535,24.86197985757,24.9032571289301,24.8258485704877,24.8413349715329,24.8258485704877,24.8671404277798,24.7897045068028,24.8103598227198,24.8929393729232,24.8723007375455,24.8929393729232,24.954830304227,24.9445177487934,24.8877801045559,24.8877801045559,24.8413349715329,24.8051963851263,24.7380479408253,24.836173098535,24.8206859153626,24.8206859153626,24.8103598227198,24.8000326866343,24.7277134921382,24.7225458756109,24.7845400253874,24.7018727940562,24.7690450146872,24.7793752829217,24.7897045068028,24.6915346834782,24.7742102793675,24.7380479408253,24.7225458756109,24.8258485704877,24.8464965838976,24.9084156166453,25.0527477928007,25.2277352917338,25.3202549803643,25.2483024338098,25.3356668224182,25.3151171854302,25.3151171854302,25.3202549803643,25.3305297988212,25.3305297988212,25.3870229273887,25.4178242679226,25.464008971053,25.2534435750629,25.3767537609245,25.3767537609245,25.3664835674914,25.3767537609245
24.6398284203822,24.588095945611,24.593270373703,24.4793722593216,24.5673956078683,24.6036184425424,24.6036184425424,24.5052693701856,24.6398284203822,24.6243114319154,24.598444539334,24.4897318933139,24.593270373703,24.5052693701856,24.6139654618445,24.5311599032229,24.6708553211965,24.6760255545029,24.6450002255868,24.6501717687129,24.6605140688826,24.6294840235847,24.5622198668973,24.3394139906367,24.5622198668973,24.6243114319154,24.6036184425424,24.6243114319154,24.5000904743927,24.6243114319154,24.6967038696157,24.6087920833666,24.5466910676864,24.6243114319154,24.6294840235847,24.6450002255868,24.417192326936,24.396457245529,24.6139654618445,24.6967038696157,24.525982322611,24.68119552596,24.7173779975772,24.6656848260024,24.68119552596,24.6087920833666,24.6915346834782,24.6139654618445,24.6294840235847,24.8413349715329,24.7638794888426,24.8206859153626,24.8413349715329,24.836173098535,24.7742102793675,24.6139654618445,24.7897045068028,24.6760255545029,24.836173098535,24.8000326866343,24.7793752829217,24.7845400253874,24.7070414568379,24.7328808471969,24.6605140688826,24.7380479408253,24.7070414568379,24.7122098579989,24.8258485704877,24.7173779975772,24.7742102793675,24.6398284203822,24.6708553211965,24.5518675968447,24.6501717687129,24.7793752829217,24.7587137017957,24.6605140688826,24.6243114319154,24.6760255545029,24.9599861922213,24.836173098535,24.7948687272058,24.7845400253874,24.8516579356668,24.8774607869049,24.8000326866343,25.0166838239645,25.0218365972651,24.9445177487934,24.7690450146872,24.9032571289301,24.8464965838976,24.7328808471969,24.7225458756109,24.6967038696157,24.7277134921382,24.7948687272058,24.6915346834782,24.8155229994525,24.8103598227198,24.9393610812787,24.9651418204509,24.8103598227198,24.8671404277798,24.6863652356057,24.6863652356057,24.6915346834782,24.6915346834782,24.7173779975772,24.7483813439431,24.7897045068028,24.8929393729232,24.7742102793675,24.7948687272058,24.8103598227198,24.86197985757,24.8723007375455,24.8000326866343,24.8568190268782,24.8671404277798,24.8568190268782,24.8929393729232,24.9084156166453,24.9135738442187,24.918731811688,24.8774607869049,24.9342041538485,24.8103598227198,24.8464965838976,24.8103598227198,24.9084156166453,24.8929393729232,24.9135738442187,24.8155229994525,24.8464965838976,24.918731811688,24.8723007375455,24.9135738442187,24.954830304227,24.954830304227,24.954830304227,24.9496741564303,24.8103598227198,24.7638794888426,24.7328808471969,24.8929393729232,24.7897045068028,24.7845400253874,24.6346563530609,24.6915346834782,24.7587137017957,24.7845400253874,24.8051963851263,24.7587137017957,24.7122098579989,24.7328808471969,24.8877801045559,24.9806071469274,24.8826205758957,24.8516579356668,24.9857617364743,24.9496741564303,25.0218365972651,24.9754522977662,24.9135738442187,24.9651418204509,24.9651418204509,24.9393610812787,24.8877801045559,24.8774607869049,24.9393610812787,24.8826205758957,24.8929393729232,24.954830304227,24.9342041538485,24.9032571289301,24.86197985757,24.954830304227,24.8826205758957,24.7948687272058,24.8516579356668,24.918731811688,24.86197985757,24.86197985757,24.86197985757,24.8258485704877,24.86197985757,24.8155229994525,24.8568190268782,24.7535476535085,24.7845400253874,24.8671404277798,24.8671404277798,24.9238895190908,24.9238895190908,24.8929393729232,24.9032571289301,24.8568190268782,24.7845400253874,24.7742102793675,24.7690450146872,24.8000326866343,24.7690450146872,24.8051963851263,24.7587137017957,24.7690450146872,24.7638794888426,24.7432147730614,24.7897045068028,24.7070414568379,24.7897045068028,24.8877801045559,24.7225458756109,24.7535476535085,24.7432147730614,24.7690450146872,24.6863652356057,24.7018727940562,24.8413349715329,24.8516579356668,24.8877801045559,25.0527477928007,25.2431610348875,25.3408035889768,25.4280893294658,25.4024247521646,25.3151171854302,25.4178242679226,25.3356668224182,25.4126913524992,25.2894243522202,25.3562123467933,25.3408035889768,25.3408035889768,25.3202549803643,25.3870229273887,25.3716187925976,25.3664835674914,25.3510763511273
24.6450002255868,24.4897318933139,24.5415142757223,24.598444539334,24.593270373703,24.5156263724707,24.5829212550199,24.5104480028654,24.6087920833666,24.5829212550199,24.525982322611,24.4845522079513,24.598444539334,24.598444539334,24.7070414568379,24.6450002255868,24.5311599032229,24.417192326936,24.417192326936,24.6501717687129,24.6087920833666,24.3757179413665,24.3809031634257,24.3238511901693,24.5415142757223,24.593270373703,24.6191385780148,24.5829212550199,24.6191385780148,24.598444539334,24.5000904743927,24.4845522079513,24.5466910676864,24.6450002255868,24.6346563530609,24.4586498313649,24.4431052442089,24.396457245529,24.4327408682945,24.5000904743927,24.4223754377718,24.5311599032229,24.5104480028654,24.588095945611,24.593270373703,24.7122098579989,24.6036184425424,24.6450002255868,24.6553430497988,24.6708553211965,24.7638794888426,24.8310109648659,24.7948687272058,24.8051963851263,24.6605140688826,24.6553430497988,24.8000326866343,24.8155229994525,24.7845400253874,24.6915346834782,24.7535476535085,24.7122098579989,24.7793752829217,24.7018727940562,24.7587137017957,24.7328808471969,24.7742102793675,24.6553430497988,24.6605140688826,24.6191385780148,24.6243114319154,24.6243114319154,24.7690450146872,24.7122098579989,24.5673956078683,24.6605140688826,24.7225458756109,24.6553430497988,24.8051963851263,24.7638794888426,24.9290469664651,24.7742102793675,24.9032571289301,24.8051963851263,24.8155229994525,24.8568190268782,24.7793752829217,24.8206859153626,24.9445177487934,24.7638794888426,24.7587137017957,24.7535476535085,24.7173779975772,24.6398284203822,24.7638794888426,24.7328808471969,24.8774607869049,24.8206859153626,24.8723007375455,24.6863652356057,24.8103598227198,25.0269891112523,24.7948687272058,24.8413349715329,24.7432147730614,24.6915346834782,24.7070414568379,24.6915346834782,24.6760255545029,24.7845400253874,24.6605140688826,24.8413349715329,24.7328808471969,24.6967038696157,24.7173779975772,24.7793752829217,24.8000326866343,24.7690450146872,24.7845400253874,24.7587137017957,24.8568190268782,24.9496741564303,24.8258485704877,24.86197985757,24.8051963851263,24.8000326866343,24.7948687272058,24.7535476535085,24.8103598227198,24.7587137017957,24.8516579356668,24.918731811688,24.836173098535,24.8258485704877,24.8103598227198,24.8929393729232,24.86197985757,24.8516579356668,24.8155229994525,24.9342041538485,24.9135738442187,24.9135738442187,24.918731811688,24.8980983810354,24.7793752829217,24.836173098535,24.8516579356668,24.7742102793675,24.7638794888426,24.7432147730614,24.8000326866343,24.7432147730614,24.836173098535,24.7638794888426,24.86197985757,24.7793752829217,24.7897045068028,24.8929393729232,24.9445177487934,24.8774607869049,24.8877801045559,24.8877801045559,24.9290469664651,24.8929393729232,24.9342041538485,24.9960701368761,24.9238895190908,24.9238895190908,24.9393610812787,24.9806071469274,24.954830304227,24.9290469664651,24.954830304227,24.9702971889533,24.9496741564303,24.9909160664447,24.9084156166453,24.9445177487934,24.9135738442187,24.9806071469274,24.9496741564303,24.86197985757,24.8826205758957,24.9445177487934,24.8000326866343,24.86197985757,24.8516579356668,24.7483813439431,24.7173779975772,24.8568190268782,24.7793752829217,24.7638794888426,24.8877801045559,24.8516579356668,24.8413349715329,24.8568190268782,24.8877801045559,24.9238895190908,24.8980983810354,24.8413349715329,24.7948687272058,24.8980983810354,24.8980983810354,24.8000326866343,24.7483813439431,24.7690450146872,24.7845400253874,24.8051963851263,24.7380479408253,24.7948687272058,24.7328808471969,24.8413349715329,24.7587137017957,24.7793752829217,24.7793752829217,24.7897045068028,24.8413349715329,24.8723007375455,24.7483813439431,24.9238895190908,24.8929393729232,25.0269891112523,25.2225928617629,25.3562123467933,25.4280893294658,25.3767537609245,25.4537474974415,25.4024247521646,25.4332214756594,25.3099791333095,25.2997022573604,25.3818884725093,25.3202549803643,25.4126913524992,25.4075581805922,25.4383533655169,25.3664835674914,25.3613480855689,25.2740055641272,25.4588783623232
24.4897318933139,24.4845522079513,24.6501717687129,24.5777463018912,24.5725710861868,24.5156263724707,24.5156263724707,24.5311599032229,24.6346563530609,24.5829212550199,24.6087920833666,24.4638308334468,24.4793722593216,24.6036184425424,24.6294840235847,24.6915346834782,24.6243114319154,24.5415142757223,24.4275582848784,24.6553430497988,24.4275582848784,24.3497878691456,24.3342266548802,24.3394139906367,24.5673956078683,24.6036184425424,24.6087920833666,24.7070414568379,24.6294840235847,24.6863652356057,24.4431052442089,24.3809031634257,24.5311599032229,24.4949113154483,24.4275582848784,24.4223754377718,24.3705324552306,24.2252314710217,24.2719579925803,24.396457245529,24.3809031634257,24.5570438632356,24.5673956078683,24.4275582848784,24.6243114319154,24.6398284203822,24.6605140688826,24.68119552596,24.593270373703,24.7070414568379,24.7328808471969,24.7845400253874,24.7483813439431,24.7690450146872,24.7380479408253,24.7018727940562,24.8206859153626,24.8103598227198,24.8000326866343,24.7122098579989,24.7122098579989,24.7122098579989,24.7742102793675,24.8103598227198,24.6915346834782,24.6967038696157,24.7432147730614,24.7432147730614,24.6708553211965,24.6243114319154,24.6915346834782,24.6967038696157,24.7277134921382,24.7018727940562,24.6139654618445,24.6553430497988,24.7483813439431,24.7535476535085,24.7587137017957,24.7948687272058,24.8723007375455,24.8568190268782,24.918731811688,24.7690450146872,24.7690450146872,24.7432147730614,24.8413349715329,24.836173098535,24.8206859153626,24.8310109648659,24.7277134921382,24.7328808471969,24.6191385780148,24.7225458756109,24.7483813439431,24.7225458756109,24.7432147730614,24.9857617364743,24.8516579356668,24.7277134921382,24.6191385780148,24.6708553211965,24.68119552596,24.6863652356057,24.6863652356057,24.8671404277798,24.6863652356057,24.7122098579989,24.6760255545029,24.6760255545029,24.7173779975772,24.7225458756109,24.7018727940562,24.7483813439431,24.7277134921382,24.7690450146872,24.8000326866343,24.7897045068028,24.8000326866343,24.7742102793675,24.8310109648659,24.86197985757,24.8877801045559,24.9084156166453,24.8877801045559,24.7948687272058,24.8516579356668,24.8000326866343,24.8051963851263,24.836173098535,24.9445177487934,24.8516579356668,24.836173098535,24.8258485704877,24.836173098535,24.8774607869049,24.836173098535,24.8516579356668,24.8877801045559,24.8568190268782,24.8929393729232,24.8310109648659,24.8206859153626,24.8826205758957,24.8206859153626,24.8310109648659,24.7793752829217,24.8155229994525,24.8051963851263,24.8103598227198,24.6605140688826,24.6553430497988,24.7535476535085,24.6450002255868,24.7897045068028,24.8103598227198,24.8155229994525,24.8774607869049,24.8723007375455,24.8774607869049,24.8929393729232,24.9496741564303,24.9909160664447,25.0115307913128,25.0166838239645,24.9754522977662,24.9806071469274,24.954830304227,24.8774607869049,24.8671404277798,24.9135738442187,24.954830304227,24.9445177487934,24.918731811688,24.9754522977662,24.8929393729232,25.0115307913128,24.9960701368761,25.0012239478063,24.9084156166453,24.8568190268782,24.8568190268782,24.8723007375455,24.8723007375455,24.8568190268782,24.9084156166453,24.9135738442187,24.8051963851263,24.7845400253874,24.7587137017957,24.7690450146872,24.7587137017957,24.8258485704877,24.9702971889533,24.86197985757,25.0578987516956,24.86197985757,24.9342041538485,24.9393610812787,24.8723007375455,24.8000326866343,24.8310109648659,24.8206859153626,24.7897045068028,24.7380479408253,24.86197985757,24.8206859153626,24.8051963851263,24.7122098579989,24.7018727940562,24.7793752829217,24.8155229994525,24.7690450146872,24.7845400253874,24.7173779975772,24.7690450146872,24.8568190268782,24.8774607869049,24.7948687272058,24.8568190268782,24.9290469664651,25.0527477928007,25.2071640245704,25.3972910671794,25.4280893294658,25.3870229273887,25.3870229273887,25.4537474974415,25.4896581737131,25.3921571255997,25.3459400985342,25.3202549803643,25.325392518149,25.3356668224182,25.3459400985342,25.3613480855689,25.4280893294658,25.3459400985342,25.3459400985342,25.4280893294658
24.6708553211965,24.6605140688826,24.598444539334,24.6036184425424,24.5777463018912,24.525982322611,24.5570438632356,24.5777463018912,24.6191385780148,24.588095945611,24.4690115721079,24.6036184425424,24.4793722593216,24.6398284203822,24.6553430497988,24.6346563530609,24.5777463018912,24.5725710861868,24.5673956078683,24.5622198668973,24.417192326936,24.3860881214467,24.3809031634257,24.5156263724707,24.6553430497988,24.5725710861868,24.6863652356057,24.7690450146872,24.7173779975772,24.5829212550199,24.4431052442089,24.4482870367845,24.6294840235847,24.4223754377718,24.525982322611,24.417192326936,24.4949113154483,24.3757179413665,24.3238511901693,24.2252314710217,24.6501717687129,24.7535476535085,24.593270373703,24.5000904743927,24.7070414568379,24.8568190268782,24.8671404277798,24.8103598227198,24.7793752829217,24.7018727940562,24.9445177487934,24.8464965838976,24.8051963851263,24.8155229994525,24.6967038696157,24.8258485704877,24.9754522977662,24.8310109648659,24.8000326866343,24.7897045068028,24.7173779975772,24.8516579356668,24.8877801045559,24.7122098579989,24.8051963851263,24.7432147730614,24.8155229994525,24.8000326866343,24.6967038696157,24.6656848260024,24.7793752829217,24.7587137017957,24.8051963851263,24.7793752829217,24.7535476535085,24.6450002255868,24.68119552596,24.7225458756109,24.7897045068028,24.836173098535,24.8155229994525,24.918731811688,24.8877801045559,24.836173098535,24.7793752829217,24.7638794888426,24.8258485704877,24.8671404277798,24.7432147730614,24.7845400253874,24.8310109648659,24.8774607869049,24.8103598227198,24.86197985757,24.7742102793675,24.8310109648659,24.7483813439431,24.9702971889533,24.8671404277798,24.7690450146872,24.7690450146872,24.7483813439431,24.6501717687129,24.7793752829217,24.6708553211965,24.7328808471969,24.8310109648659,24.6346563530609,24.7018727940562,24.7690450146872,24.7070414568379,24.7070414568379,24.7070414568379,24.7225458756109,24.7535476535085,24.7948687272058,24.7742102793675,24.7948687272058,24.7742102793675,24.7845400253874,24.7793752829217,24.8206859153626,24.8258485704877,24.8929393729232,24.8568190268782,24.9135738442187,24.9238895190908,24.954830304227,24.8206859153626,24.9393610812787,24.8980983810354,24.9135738442187,24.9238895190908,24.836173098535,24.8980983810354,24.8877801045559,24.8980983810354,24.8723007375455,24.8774607869049,24.8671404277798,24.9342041538485,24.7948687272058,24.9032571289301,24.8258485704877,24.8103598227198,24.8258485704877,24.8464965838976,24.7690450146872,24.7742102793675,24.68119552596,24.7380479408253,24.6863652356057,24.8000326866343,24.8000326866343,24.86197985757,24.9806071469274,24.9393610812787,24.8206859153626,24.9445177487934,24.9084156166453,24.9857617364743,24.9806071469274,24.8826205758957,24.9599861922213,24.9702971889533,24.9702971889533,24.9806071469274,24.9651418204509,25.0166838239645,24.9806071469274,25.0115307913128,24.9857617364743,25.0578987516956,24.9806071469274,24.9857617364743,24.8723007375455,24.9032571289301,25.0063774992726,24.8723007375455,24.9032571289301,24.9960701368761,24.8413349715329,24.9238895190908,24.9032571289301,24.8774607869049,24.8413349715329,24.86197985757,24.86197985757,24.7948687272058,24.8000326866343,24.7483813439431,24.7483813439431,24.836173098535,24.954830304227,24.8929393729232,24.9445177487934,24.9342041538485,25.0063774992726,24.8464965838976,24.8464965838976,24.9445177487934,24.8051963851263,24.8671404277798,24.8413349715329,24.8000326866343,24.7948687272058,24.7173779975772,24.7328808471969,24.7380479408253,24.7277134921382,24.7225458756109,24.7690450146872,24.6605140688826,24.8516579356668,24.7793752829217,24.7328808471969,24.8206859153626,24.8826205758957,24.8258485704877,24.836173098535,25.1814441360816,25.2123072282184,25.3408035889768,25.2740055641272,25.5101729288625,25.622930990963,25.4896581737131,25.4434849990752,25.3767537609245,25.3921571255997,25.2997022573604,25.3408035889768,25.4024247521646,25.4434849990752,25.3972910671794,25.4075581805922,25.3818884725093,25.4280893294658,25.4332214756594,25.4434849990752
24.4897318933139,24.6294840235847,24.6450002255868,24.68119552596,24.525982322611,24.5622198668973,24.5829212550199,24.588095945611,24.588095945611,24.5415142757223,24.593270373703,24.4690115721079,24.5208044790397,24.6760255545029,24.6398284203822,24.6915346834782,24.6553430497988,24.7173779975772,24.5777463018912,24.4379231880585,24.5311599032229,24.3238511901693,24.3497878691456,24.3601606905737,24.5777463018912,24.7690450146872,24.6863652356057,24.7432147730614,24.6967038696157,24.5311599032229,24.5466910676864,24.6294840235847,24.7225458756109,24.6450002255868,24.598444539334,24.5673956078683,24.4845522079513,24.3912728154683,24.2771485035319,24.4275582848784,24.9032571289301,24.7742102793675,24.4120089523324,24.5518675968447,24.8826205758957,25.0424450977087,25.0630494515398,24.9032571289301,24.7380479408253,24.8310109648659,24.9496741564303,24.9238895190908,24.8516579356668,24.8258485704877,24.7018727940562,24.9702971889533,24.8206859153626,24.8671404277798,24.7432147730614,24.6967038696157,24.8103598227198,24.8000326866343,24.8877801045559,24.7638794888426,24.8000326866343,24.8103598227198,24.9393610812787,24.9393610812787,24.8051963851263,24.7638794888426,24.7742102793675,24.7380479408253,24.8000326866343,24.7638794888426,24.6967038696157,24.7018727940562,24.7432147730614,24.836173098535,24.836173098535,24.8464965838976,24.8413349715329,24.8568190268782,24.7587137017957,24.8877801045559,24.7587137017957,24.7070414568379,24.8310109648659,24.7690450146872,24.8568190268782,24.86197985757,24.8206859153626,24.8516579356668,24.7432147730614,24.8413349715329,24.7328808471969,24.8877801045559,24.86197985757,24.7587137017957,24.7793752829217,24.7587137017957,24.8826205758957,24.7845400253874,24.8000326866343,24.6656848260024,24.7535476535085,24.6553430497988,24.6605140688826,24.5518675968447,24.7277134921382,24.7018727940562,24.7225458756109,24.7225458756109,24.7070414568379,24.7380479408253,24.8000326866343,24.8464965838976,24.7483813439431,24.8568190268782,24.8929393729232,24.8671404277798,24.7793752829217,24.7897045068028,24.86197985757,24.86197985757,24.9342041538485,24.8877801045559,24.9342041538485,24.9342041538485,24.8774607869049,24.8723007375455,24.8464965838976,24.9084156166453,24.8310109648659,24.8310109648659,24.9084156166453,24.8103598227198,24.8516579356668,24.8877801045559,24.9754522977662,24.8980983810354,24.8671404277798,24.8568190268782,24.8310109648659,24.8206859153626,24.9032571289301,24.8103598227198,24.8310109648659,24.8103598227198,24.8155229994525,24.68119552596,24.5777463018912,24.7225458756109,24.7380479408253,24.8723007375455,24.8826205758957,24.918731811688,24.8826205758957,25.0012239478063,24.918731811688,25.0424450977087,24.8206859153626,24.8826205758957,24.9806071469274,24.9909160664447,24.9857617364743,24.9032571289301,24.9754522977662,24.8671404277798,24.8723007375455,24.8723007375455,24.8310109648659,24.9238895190908,24.9651418204509,24.9084156166453,24.9754522977662,24.9754522977662,24.9393610812787,24.9909160664447,24.8826205758957,24.9754522977662,24.8671404277798,24.8051963851263,24.8155229994525,24.86197985757,24.7535476535085,24.7690450146872,24.8671404277798,24.7535476535085,24.7432147730614,24.8000326866343,24.7793752829217,24.8310109648659,24.9496741564303,24.9806071469274,24.9032571289301,24.8464965838976,24.9702971889533,24.9238895190908,24.9342041538485,24.9445177487934,24.9084156166453,24.8051963851263,24.8877801045559,24.6915346834782,24.7225458756109,24.7948687272058,24.7122098579989,24.836173098535,24.8155229994525,24.7742102793675,24.7742102793675,24.8413349715329,24.7948687272058,24.7638794888426,24.8000326866343,24.7742102793675,24.8051963851263,24.8206859153626,24.8516579356668,24.8826205758957,24.9651418204509,25.258584458684,25.2225928617629,25.4024247521646,25.3305297988212,25.3972910671794,25.4896581737131,25.4486163763711,25.3510763511273,25.4383533655169,25.3202549803643,25.3356668224182,25.325392518149,25.3613480855689,25.3818884725093,25.2534435750629,25.2842850136107,25.2945634334578,25.4229569268991,25.325392518149
24.6294840235847,24.6863652356057,24.6967038696157,24.68119552596,24.7018727940562,24.5673956078683,24.5673956078683,24.6087920833666,24.6087920833666,24.598444539334,24.598444539334,24.5829212550199,24.6398284203822,24.6398284203822,24.6191385780148,24.6346563530609,24.6656848260024,24.6036184425424,24.7587137017957,24.7225458756109,24.2096511916044,24.417192326936,24.5415142757223,24.7845400253874,24.7638794888426,24.8568190268782,25.0063774992726,24.7793752829217,24.68119552596,24.7587137017957,24.6656848260024,24.6501717687129,24.8516579356668,24.593270373703,24.3601606905737,24.4949113154483,24.3757179413665,24.2511932998677,24.4068253139224,24.6863652356057,24.8103598227198,24.7897045068028,24.7173779975772,24.7483813439431,24.9032571289301,24.8877801045559,24.8826205758957,24.8568190268782,24.836173098535,24.7897045068028,24.8826205758957,24.8877801045559,24.9238895190908,24.8258485704877,24.525982322611,24.8000326866343,24.9599861922213,24.9135738442187,24.6346563530609,24.68119552596,24.7690450146872,24.86197985757,24.8000326866343,24.8155229994525,24.7173779975772,24.7742102793675,24.6708553211965,24.7948687272058,24.7018727940562,24.7638794888426,24.7948687272058,24.7845400253874,24.8206859153626,24.7742102793675,24.7535476535085,24.6346563530609,24.6863652356057,24.8826205758957,24.7793752829217,24.7897045068028,24.8464965838976,24.8671404277798,24.7122098579989,24.8206859153626,24.7432147730614,24.6760255545029,24.8310109648659,24.7638794888426,24.8413349715329,24.8155229994525,24.7948687272058,24.8103598227198,24.6450002255868,24.7638794888426,24.8723007375455,24.8310109648659,24.86197985757,24.8000326866343,24.7793752829217,24.8206859153626,24.836173098535,24.8929393729232,24.8103598227198,24.86197985757,24.6967038696157,24.6760255545029,24.6398284203822,24.5156263724707,24.6760255545029,24.6760255545029,24.7277134921382,24.7173779975772,24.7638794888426,24.86197985757,24.8258485704877,24.86197985757,24.8464965838976,24.8258485704877,24.7380479408253,24.7948687272058,24.8000326866343,24.8310109648659,24.7948687272058,24.8258485704877,24.8464965838976,24.9084156166453,24.8929393729232,24.8258485704877,24.8723007375455,24.86197985757,24.9135738442187,24.8310109648659,24.9032571289301,24.8310109648659,24.8671404277798,24.8516579356668,24.8258485704877,24.836173098535,24.8826205758957,24.86197985757,24.8929393729232,24.8877801045559,24.8258485704877,24.7638794888426,24.6967038696157,24.8206859153626,24.8310109648659,24.8000326866343,24.8258485704877,24.6863652356057,24.6036184425424,24.7483813439431,24.8103598227198,24.8206859153626,24.8155229994525,24.9806071469274,24.9238895190908,24.9393610812787,24.9393610812787,25.0269891112523,24.9342041538485,24.8877801045559,25.0115307913128,24.9806071469274,24.9806071469274,24.9084156166453,24.954830304227,24.918731811688,24.9135738442187,24.9238895190908,24.9084156166453,24.9238895190908,24.8103598227198,24.9445177487934,24.9909160664447,24.8980983810354,25.0166838239645,24.9702971889533,24.9496741564303,24.8877801045559,24.9238895190908,24.8774607869049,24.8929393729232,24.8103598227198,24.918731811688,24.8103598227198,24.8980983810354,24.8000326866343,24.8877801045559,24.7483813439431,24.7638794888426,24.8206859153626,24.836173098535,24.8723007375455,24.9445177487934,24.9238895190908,24.9342041538485,25.0115307913128,24.9342041538485,24.954830304227,24.9393610812787,24.9032571289301,24.8310109648659,24.7845400253874,24.8051963851263,24.8206859153626,24.86197985757,24.8051963851263,24.7122098579989,24.8103598227198,24.6967038696157,24.7897045068028,24.7742102793675,24.8206859153626,24.8103598227198,24.8103598227198,24.8258485704877,24.8051963851263,24.8258485704877,24.9857617364743,24.8980983810354,25.2123072282184,25.2328774638867,25.2688654531791,25.2328774638867,25.3664835674914,25.3818884725093,25.4793992606996,25.4229569268991,25.3562123467933,25.4280893294658,25.3818884725093,25.3972910671794,25.3818884725093,25.3870229273887,25.3664835674914,25.3716187925976,25.4178242679226,25.4229569268991,25.3305297988212
24.4534685658236,24.5415142757223,24.5622198668973,24.6760255545029,24.5673956078683,24.5673956078683,24.5725710861868,24.6191385780148,24.5829212550199,24.6087920833666,24.593270373703,24.593270373703,24.6450002255868,24.6967038696157,24.7587137017957,24.7793752829217,24.8516579356668,24.8568190268782,24.8980983810354,24.5725710861868,24.1732879183289,24.588095945611,24.5725710861868,24.7638794888426,24.8155229994525,24.7587137017957,24.8464965838976,24.4897318933139,24.4482870367845,24.6294840235847,24.6450002255868,24.8103598227198,24.8206859153626,24.6087920833666,24.5104480028654,24.525982322611,24.261576176083,24.3549744119754,24.4793722593216,24.4845522079513,24.525982322611,24.6760255545029,24.6967038696157,24.8155229994525,24.6967038696157,24.6915346834782,24.6450002255868,24.6501717687129,24.7070414568379,24.6450002255868,24.7948687272058,24.8826205758957,24.9342041538485,24.7070414568379,24.6863652356057,24.8155229994525,24.86197985757,24.9135738442187,24.6760255545029,24.6398284203822,24.7432147730614,24.7225458756109,24.7845400253874,24.6863652356057,24.6656848260024,24.7587137017957,24.7277134921382,24.7535476535085,24.7432147730614,24.7483813439431,24.8000326866343,24.8103598227198,24.7793752829217,24.7638794888426,24.8413349715329,24.7173779975772,24.6139654618445,24.6967038696157,24.7793752829217,24.7535476535085,24.8568190268782,24.7638794888426,24.7690450146872,24.7638794888426,24.7483813439431,24.8155229994525,24.7793752829217,24.8103598227198,24.7432147730614,24.8206859153626,24.8877801045559,24.8155229994525,24.8258485704877,24.8310109648659,24.86197985757,24.8413349715329,24.7328808471969,24.8000326866343,24.6760255545029,24.7328808471969,24.8516579356668,24.8723007375455,24.7225458756109,24.7948687272058,24.6191385780148,24.7122098579989,24.6191385780148,24.5622198668973,24.6139654618445,24.7845400253874,24.8051963851263,24.7845400253874,24.9290469664651,24.8000326866343,24.8568190268782,24.8206859153626,24.7587137017957,24.8206859153626,24.8413349715329,24.8774607869049,24.8671404277798,24.8051963851263,24.7845400253874,24.9032571289301,24.8826205758957,24.9238895190908,24.8516579356668,24.9238895190908,24.8723007375455,24.9084156166453,24.9393610812787,24.9135738442187,24.8413349715329,24.8464965838976,24.86197985757,24.8774607869049,24.8671404277798,24.836173098535,24.8413349715329,24.8980983810354,24.8877801045559,24.8206859153626,24.9393610812787,24.8671404277798,24.8206859153626,24.8568190268782,24.8000326866343,24.8155229994525,24.6915346834782,24.6760255545029,24.5829212550199,24.7122098579989,24.7432147730614,24.8671404277798,24.7638794888426,24.9342041538485,24.918731811688,24.9135738442187,24.9393610812787,24.836173098535,24.8671404277798,24.9857617364743,24.9599861922213,24.9754522977662,24.9960701368761,24.9909160664447,24.9393610812787,24.9135738442187,24.9599861922213,24.9393610812787,25.0115307913128,24.9960701368761,25.0012239478063,24.9445177487934,24.9960701368761,25.0681998923707,25.0166838239645,25.0166838239645,24.9238895190908,24.9342041538485,24.9960701368761,24.9599861922213,24.9960701368761,24.9135738442187,24.9084156166453,24.8103598227198,24.836173098535,24.8671404277798,24.8774607869049,24.7277134921382,24.7277134921382,24.8051963851263,24.8103598227198,24.836173098535,24.8929393729232,24.9238895190908,24.9342041538485,24.9445177487934,24.9445177487934,24.9032571289301,24.9290469664651,24.8258485704877,24.8206859153626,24.8258485704877,24.8000326866343,24.8464965838976,24.7742102793675,24.8206859153626,24.8155229994525,24.8413349715329,24.8103598227198,24.7897045068028,24.8000326866343,24.7328808471969,24.8258485704877,24.7948687272058,24.8155229994525,24.7638794888426,24.7742102793675,24.9599861922213,24.9135738442187,25.0115307913128,24.9857617364743,25.0012239478063,25.1042457289643,25.3099791333095,25.4178242679226,25.3356668224182,25.4024247521646,25.3202549803643,25.3048408239653,25.3972910671794,25.4126913524992,25.4126913524992,25.4126913524992,25.3767537609245,25.3818884725093,25.3151171854302,25.3099791333095,25.3202549803643
24.6398284203822,24.593270373703,24.525982322611,24.6501717687129,24.6760255545029,24.6191385780148,24.6191385780148,24.7328808471969,24.6087920833666,24.7070414568379,24.7277134921382,24.7897045068028,24.6191385780148,24.7122098579989,24.7018727940562,24.7793752829217,24.8310109648659,24.8310109648659,24.8723007375455,24.4482870367845,24.588095945611,24.5673956078683,24.7225458756109,24.6656848260024,24.7432147730614,24.5415142757223,24.6605140688826,24.4016414116675,24.417192326936,24.4845522079513,24.6294840235847,24.6191385780148,24.6656848260024,24.5104480028654,24.5104480028654,24.5208044790397,24.3497878691456,24.2563848704595,24.5104480028654,24.525982322611,24.5415142757223,24.5777463018912,24.6656848260024,24.7070414568379,24.4741920473867,24.5208044790397,24.5052693701856,24.4897318933139,24.5104480028654,24.6656848260024,24.6450002255868,24.5570438632356,24.6294840235847,24.6501717687129,24.7277134921382,24.7225458756109,24.8568190268782,24.8516579356668,24.7277134921382,24.7328808471969,24.7690450146872,24.7638794888426,24.6863652356057,24.6656848260024,24.7122098579989,24.7742102793675,24.7845400253874,24.6967038696157,24.8000326866343,24.7793752829217,24.7742102793675,24.7070414568379,24.7432147730614,24.8000326866343,24.8000326866343,24.7122098579989,24.7277134921382,24.7122098579989,24.6708553211965,24.7535476535085,24.7483813439431,24.7587137017957,24.6191385780148,24.7380479408253,24.8051963851263,24.7948687272058,24.9238895190908,24.8051963851263,24.7587137017957,24.7070414568379,24.8413349715329,24.7742102793675,24.8206859153626,24.7948687272058,24.836173098535,24.8877801045559,24.8826205758957,24.7742102793675,24.7277134921382,24.7690450146872,24.7638794888426,24.8000326866343,24.9496741564303,24.7277134921382,24.7690450146872,24.8413349715329,24.6087920833666,24.5673956078683,24.7690450146872,24.7948687272058,24.7845400253874,24.836173098535,24.9342041538485,24.8929393729232,24.8877801045559,24.836173098535,24.8155229994525,24.836173098535,24.7277134921382,24.9599861922213,24.8103598227198,24.8310109648659,24.9393610812787,24.9135738442187,24.9135738442187,24.9342041538485,24.86197985757,24.8980983810354,24.86197985757,24.8826205758957,24.86197985757,24.8929393729232,24.8206859153626,24.8826205758957,24.8516579356668,24.9238895190908,24.8723007375455,24.8723007375455,24.8568190268782,24.8413349715329,24.8774607869049,24.7897045068028,24.8103598227198,24.9032571289301,24.9084156166453,24.8671404277798,24.918731811688,24.9032571289301,24.8671404277798,24.7793752829217,24.6915346834782,24.7535476535085,24.8413349715329,24.8516579356668,24.8774607869049,24.9032571289301,24.8826205758957,24.8413349715329,24.8413349715329,24.836173098535,24.8877801045559,24.8464965838976,24.8877801045559,24.9651418204509,24.9702971889533,24.9960701368761,24.9806071469274,24.918731811688,24.9238895190908,24.9238895190908,24.9754522977662,24.9238895190908,24.918731811688,25.0372933614365,24.9445177487934,25.0063774992726,25.0681998923707,24.9599861922213,24.9651418204509,24.918731811688,24.9806071469274,24.9445177487934,24.9806071469274,24.9960701368761,24.9084156166453,24.9135738442187,24.8929393729232,24.8206859153626,24.8258485704877,24.8051963851263,24.8000326866343,24.8103598227198,24.8671404277798,24.9238895190908,24.8000326866343,24.86197985757,24.8929393729232,24.9290469664651,24.8155229994525,24.954830304227,24.9393610812787,24.9496741564303,24.9651418204509,24.8671404277798,24.8258485704877,24.7845400253874,24.8568190268782,24.8413349715329,24.8568190268782,24.8103598227198,24.8258485704877,24.8155229994525,24.8206859153626,24.7483813439431,24.8516579356668,24.8310109648659,24.8413349715329,24.86197985757,24.9857617364743,24.9290469664651,25.0372933614365,24.9238895190908,24.9806071469274,25.0527477928007,25.0887990663117,25.2637250847104,25.3972910671794,25.4178242679226,25.3048408239653,25.4229569268991,25.3305297988212,25.3664835674914,25.4229569268991,25.4126913524992,25.3099791333095,25.3613480855689,25.3202549803643,25.4126913524992,25.3716187925976,25.4075581805922
24.7018727940562,24.68119552596,24.5725710861868,24.6087920833666,24.7070414568379,24.6191385780148,24.6294840235847,24.6346563530609,24.6863652356057,24.6294840235847,24.7018727940562,24.6139654618445,24.7587137017957,24.6450002255868,24.6450002255868,24.8000326866343,24.7793752829217,24.8413349715329,24.6553430497988,24.7328808471969,24.6656848260024,24.588095945611,24.7070414568379,24.6294840235847,24.6553430497988,24.6708553211965,24.6708553211965,24.5518675968447,24.4379231880585,24.5208044790397,24.6243114319154,24.6087920833666,24.6553430497988,24.6605140688826,24.68119552596,24.5466910676864,24.5000904743927,24.4897318933139,24.5156263724707,24.5104480028654,24.5725710861868,24.4638308334468,24.4741920473867,24.4897318933139,24.5052693701856,24.5208044790397,24.5208044790397,24.598444539334,24.598444539334,24.593270373703,24.6967038696157,24.6605140688826,24.6501717687129,24.6553430497988,24.6863652356057,24.6450002255868,24.593270373703,24.7328808471969,24.7897045068028,24.7380479408253,24.7535476535085,24.7742102793675,24.68119552596,24.6191385780148,24.6708553211965,24.7380479408253,24.7328808471969,24.8000326866343,24.7638794888426,24.8774607869049,24.7948687272058,24.7122098579989,24.7483813439431,24.7173779975772,24.7225458756109,24.7380479408253,24.6760255545029,24.6139654618445,24.68119552596,24.7173779975772,24.7690450146872,24.8103598227198,24.598444539334,24.8103598227198,24.7535476535085,24.8103598227198,24.8103598227198,24.8464965838976,24.7018727940562,24.7690450146872,24.8413349715329,24.8723007375455,24.7793752829217,24.7638794888426,24.8258485704877,24.8826205758957,24.8774607869049,24.8206859153626,24.7587137017957,24.6760255545029,24.8103598227198,24.7070414568379,24.9342041538485,24.7742102793675,24.7690450146872,24.6243114319154,24.7070414568379,24.7173779975772,24.7948687272058,24.7793752829217,24.7948687272058,24.8516579356668,24.9238895190908,24.86197985757,24.8310109648659,24.8980983810354,24.8464965838976,24.8155229994525,24.8413349715329,24.8568190268782,24.86197985757,24.9032571289301,24.8774607869049,24.8774607869049,24.9084156166453,24.9496741564303,24.918731811688,24.9290469664651,24.9496741564303,24.8826205758957,24.9238895190908,24.9393610812787,24.8671404277798,24.8929393729232,24.8980983810354,24.86197985757,24.8464965838976,24.8723007375455,24.86197985757,24.8568190268782,24.8826205758957,24.8206859153626,24.7587137017957,24.9084156166453,24.7948687272058,24.918731811688,24.9290469664651,25.0012239478063,24.8568190268782,24.7380479408253,24.6656848260024,24.8774607869049,24.7793752829217,24.7793752829217,24.7638794888426,24.8413349715329,24.8774607869049,24.8464965838976,24.8413349715329,24.8206859153626,24.836173098535,24.8568190268782,24.8723007375455,24.86197985757,24.9702971889533,24.9496741564303,24.954830304227,25.0115307913128,25.0012239478063,24.9135738442187,24.9135738442187,24.9032571289301,24.9909160664447,24.9702971889533,25.0475965748176,24.918731811688,24.9754522977662,24.9135738442187,24.9857617364743,25.0630494515398,24.9857617364743,25.0475965748176,24.9496741564303,24.9135738442187,24.954830304227,24.9290469664651,24.8826205758957,24.8826205758957,24.8464965838976,24.8000326866343,24.8826205758957,24.9393610812787,24.9238895190908,24.9135738442187,24.9084156166453,24.8671404277798,24.954830304227,25.0166838239645,24.9651418204509,24.9445177487934,25.0012239478063,24.8413349715329,24.9290469664651,24.8206859153626,24.7793752829217,24.7535476535085,24.8413349715329,24.8568190268782,24.7948687272058,24.8258485704877,24.8206859153626,24.8413349715329,24.7690450146872,24.8413349715329,24.86197985757,24.9032571289301,25.0012239478063,25.0733500742259,24.9909160664447,25.1042457289643,25.0887990663117,25.0063774992726,25.0372933614365,25.0218365972651,25.0578987516956,25.1454254487159,25.4434849990752,25.4793992606996,25.464008971053,25.4383533655169,25.4280893294658,25.4024247521646,25.4024247521646,25.4588783623232,25.622930990963,25.3921571255997,25.3972910671794,25.4024247521646,25.3972910671794,25.3972910671794
24.7328808471969,24.6191385780148,24.6191385780148,24.68119552596,24.6915346834782,24.7122098579989,24.6398284203822,24.6450002255868,24.6398284203822,24.6294840235847,24.6450002255868,24.6294840235847,24.6191385780148,24.6243114319154,24.6398284203822,24.6915346834782,24.6346563530609,24.6553430497988,24.525982322611,24.6450002255868,24.6346563530609,24.6553430497988,24.5829212550199,24.6398284203822,24.5673956078683,24.6760255545029,24.6708553211965,24.593270373703,24.6087920833666,24.4793722593216,24.5466910676864,24.7535476535085,24.836173098535,24.525982322611,24.6605140688826,24.5570438632356,24.6294840235847,24.5104480028654,24.4275582848784,24.3238511901693,24.5363372209139,24.3290390547373,24.4068253139224,24.525982322611,24.5466910676864,24.5156263724707,24.6605140688826,24.5466910676864,24.6036184425424,24.5415142757223,24.5363372209139,24.5570438632356,24.68119552596,24.7897045068028,24.6760255545029,24.5570438632356,24.6708553211965,24.8413349715329,24.8155229994525,24.7277134921382,24.8103598227198,24.7897045068028,24.7742102793675,24.7587137017957,24.6501717687129,24.7535476535085,24.7277134921382,24.7742102793675,24.7277134921382,24.7535476535085,24.7897045068028,24.7432147730614,24.5725710861868,24.7122098579989,24.8155229994525,24.7173779975772,24.6087920833666,24.6087920833666,24.6294840235847,24.6139654618445,24.7432147730614,24.7845400253874,24.7690450146872,24.8051963851263,24.7897045068028,24.86197985757,24.68119552596,24.7018727940562,24.6915346834782,24.6863652356057,24.7070414568379,24.7742102793675,24.7845400253874,24.8155229994525,24.8000326866343,24.8051963851263,24.8000326866343,24.7638794888426,24.6760255545029,24.7535476535085,24.7432147730614,24.8103598227198,24.6863652356057,24.7328808471969,24.7122098579989,24.7225458756109,24.6501717687129,24.8103598227198,24.7845400253874,24.8000326866343,24.9238895190908,24.836173098535,24.918731811688,24.9135738442187,24.8671404277798,24.9135738442187,24.8929393729232,24.8516579356668,24.8206859153626,24.8516579356668,24.7638794888426,24.9238895190908,24.8929393729232,24.8980983810354,24.8310109648659,24.8464965838976,24.8516579356668,24.9342041538485,24.8568190268782,24.8258485704877,24.8826205758957,24.7948687272058,24.7793752829217,24.7742102793675,24.7793752829217,24.7535476535085,24.7380479408253,24.8723007375455,24.9032571289301,24.8671404277798,24.8568190268782,24.9238895190908,24.8155229994525,24.8000326866343,24.8206859153626,24.8774607869049,24.8051963851263,24.9806071469274,24.8774607869049,24.7483813439431,24.5104480028654,24.7742102793675,24.6656848260024,24.7948687272058,24.7432147730614,24.8826205758957,24.8877801045559,24.9032571289301,24.8980983810354,24.8000326866343,24.8413349715329,24.8413349715329,24.8671404277798,24.8155229994525,24.9342041538485,24.9445177487934,24.9135738442187,24.9032571289301,24.9960701368761,24.9084156166453,24.9135738442187,24.9806071469274,24.9032571289301,24.9651418204509,24.9702971889533,25.0012239478063,24.9342041538485,24.9342041538485,24.9599861922213,24.9702971889533,24.8980983810354,24.9290469664651,25.0681998923707,24.9238895190908,24.8929393729232,24.9445177487934,24.9084156166453,24.8516579356668,24.8516579356668,24.7897045068028,24.7742102793675,24.8671404277798,24.9599861922213,24.836173098535,24.9238895190908,24.9032571289301,24.9445177487934,24.9135738442187,24.954830304227,24.8877801045559,24.9135738442187,24.8671404277798,24.8568190268782,24.7948687272058,24.8000326866343,24.6346563530609,24.8516579356668,24.8155229994525,24.7690450146872,24.8206859153626,24.8258485704877,24.7690450146872,24.7277134921382,24.8413349715329,24.8774607869049,24.9393610812787,24.954830304227,25.0475965748176,25.0063774992726,25.0578987516956,25.0166838239645,24.9393610812787,24.9084156166453,24.9084156166453,25.0578987516956,25.2483024338098,25.1968768433364,25.4383533655169,25.4229569268991,25.4383533655169,25.4024247521646,25.3818884725093,25.3921571255997,25.3921571255997,25.4126913524992,25.3716187925976,25.3870229273887,25.4486163763711,25.3870229273887,25.3870229273887
24.6036184425424,24.6087920833666,24.6036184425424,24.6967038696157,24.6553430497988,24.7122098579989,24.6243114319154,24.6708553211965,24.6398284203822,24.6915346834782,24.6708553211965,24.6294840235847,24.6501717687129,24.6036184425424,24.5673956078683,24.4949113154483,24.5673956078683,24.5311599032229,24.525982322611,24.6191385780148,24.6346563530609,24.5363372209139,24.6294840235847,24.7018727940562,24.5673956078683,24.5208044790397,24.6450002255868,24.5518675968447,24.6087920833666,24.5518675968447,24.7328808471969,24.7225458756109,24.6036184425424,24.6346563530609,24.6191385780148,24.5466910676864,24.5777463018912,24.525982322611,24.5104480028654,24.2771485035319,24.4275582848784,24.3238511901693,24.4482870367845,24.6553430497988,24.6398284203822,24.6036184425424,24.6553430497988,24.6243114319154,24.6191385780148,24.6450002255868,24.4897318933139,24.3809031634257,24.588095945611,24.6139654618445,24.6708553211965,24.6708553211965,24.8671404277798,24.8464965838976,24.8103598227198,24.7070414568379,24.8568190268782,24.7948687272058,24.6760255545029,24.6036184425424,24.7328808471969,24.7122098579989,24.7483813439431,24.7380479408253,24.7122098579989,24.7173779975772,24.7638794888426,24.7638794888426,24.7432147730614,24.8103598227198,24.6501717687129,24.7380479408253,24.68119552596,24.6346563530609,24.6398284203822,24.6450002255868,24.7742102793675,24.7948687272058,24.8051963851263,24.836173098535,24.7793752829217,24.7742102793675,24.6967038696157,24.7587137017957,24.7173779975772,24.7535476535085,24.7587137017957,24.7742102793675,24.7483813439431,24.8103598227198,24.6967038696157,24.6656848260024,24.7638794888426,24.6708553211965,24.7845400253874,24.6605140688826,24.8155229994525,24.8310109648659,24.7742102793675,24.6967038696157,24.6915346834782,24.7535476535085,24.7638794888426,24.7897045068028,24.7948687272058,24.8929393729232,24.8929393729232,24.8723007375455,24.9393610812787,24.8568190268782,24.8671404277798,24.7897045068028,24.7793752829217,24.7948687272058,24.8103598227198,24.7587137017957,24.7793752829217,24.8877801045559,24.7742102793675,24.8980983810354,24.8516579356668,24.9135738442187,24.8464965838976,24.9290469664651,24.8929393729232,24.9445177487934,24.918731811688,24.6863652356057,24.9032571289301,24.8877801045559,24.7690450146872,24.7483813439431,24.7432147730614,24.8671404277798,24.8774607869049,24.8929393729232,24.8980983810354,24.8051963851263,24.8929393729232,24.8103598227198,24.8774607869049,24.8155229994525,24.8000326866343,24.9393610812787,24.86197985757,24.7587137017957,24.6605140688826,24.68119552596,24.6450002255868,24.8000326866343,24.7948687272058,24.8000326866343,24.8723007375455,24.8826205758957,24.8310109648659,24.8723007375455,24.7897045068028,24.836173098535,24.8310109648659,24.8568190268782,24.8929393729232,24.9806071469274,24.9342041538485,24.9393610812787,24.9238895190908,24.9135738442187,24.8310109648659,24.9857617364743,24.8877801045559,24.9032571289301,24.9445177487934,24.9084156166453,24.9032571289301,24.9084156166453,24.9393610812787,24.9238895190908,25.0630494515398,24.9393610812787,24.9496741564303,24.7897045068028,24.9393610812787,24.8877801045559,24.9290469664651,24.7793752829217,24.7742102793675,24.6398284203822,24.8774607869049,24.8568190268782,24.8877801045559,24.8929393729232,24.8051963851263,24.7897045068028,24.9496741564303,24.9496741564303,24.9857617364743,24.8826205758957,24.7742102793675,24.8258485704877,24.7845400253874,24.6915346834782,24.7380479408253,24.8568190268782,24.7638794888426,24.7380479408253,24.7845400253874,24.8671404277798,24.7793752829217,24.8155229994525,24.7948687272058,24.9599861922213,24.9651418204509,24.9960701368761,25.0424450977087,25.0321413659635,25.0218365972651,25.0372933614365,25.0218365972651,25.0424450977087,24.918731811688,24.9496741564303,25.0939482126385,25.1917328656758,25.2534435750629,25.3408035889768,25.3151171854302,25.3972910671794,25.3921571255997,25.3716187925976,25.3048408239653,25.3870229273887,25.464008971053,25.3818884725093,25.4588783623232,25.4024247521646,25.4280893294658,25.3972910671794
24.6087920833666,24.6294840235847,24.68119552596,24.6346563530609,24.6501717687129,24.6656848260024,24.6863652356057,24.6398284203822,24.68119552596,24.6346563530609,24.6760255545029,24.6398284203822,24.6346563530609,24.5518675968447,24.5570438632356,24.7328808471969,24.525982322611,24.5208044790397,24.5311599032229,24.4897318933139,24.4275582848784,24.588095945611,24.4534685658236,24.6863652356057,24.6191385780148,24.6191385780148,24.6087920833666,24.6398284203822,24.5052693701856,24.5673956078683,24.7380479408253,24.8051963851263,24.7328808471969,24.6915346834782,24.5673956078683,24.5673956078683,24.5415142757223,24.5363372209139,24.3238511901693,24.313474667603,24.3238511901693,24.4379231880585,24.5208044790397,24.6501717687129,24.593270373703,24.6863652356057,24.6915346834782,24.6605140688826,24.598444539334,24.6760255545029,24.5570438632356,24.5518675968447,24.5208044790397,24.525982322611,24.6708553211965,24.6553430497988,24.6450002255868,24.6501717687129,24.7277134921382,24.7277134921382,24.8310109648659,24.7948687272058,24.8206859153626,24.6294840235847,24.7328808471969,24.598444539334,24.7122098579989,24.7277134921382,24.6605140688826,24.7122098579989,24.7742102793675,24.8051963851263,24.6036184425424,24.6915346834782,24.7277134921382,24.6915346834782,24.6656848260024,24.7225458756109,24.7380479408253,24.7225458756109,24.7742102793675,24.8155229994525,24.7845400253874,24.7793752829217,24.7535476535085,24.7690450146872,24.7277134921382,24.7742102793675,24.7380479408253,24.6294840235847,24.7483813439431,24.7793752829217,24.7793752829217,24.6863652356057,24.7793752829217,24.7587137017957,24.6656848260024,24.8258485704877,24.8826205758957,24.6605140688826,24.6450002255868,24.6605140688826,24.7845400253874,24.6398284203822,24.68119552596,24.7742102793675,24.7535476535085,24.7897045068028,24.7845400253874,24.6553430497988,24.7742102793675,24.8774607869049,24.836173098535,24.7690450146872,24.7535476535085,24.8826205758957,24.8258485704877,24.7535476535085,24.7948687272058,24.8000326866343,24.8516579356668,24.8258485704877,24.836173098535,24.8929393729232,24.8000326866343,24.8155229994525,24.7380479408253,24.836173098535,24.8310109648659,24.9342041538485,24.8774607869049,24.7948687272058,24.7897045068028,24.9032571289301,24.7845400253874,24.8568190268782,24.8568190268782,24.7432147730614,24.7328808471969,24.7845400253874,24.7328808471969,24.7793752829217,24.8155229994525,24.8051963851263,24.8051963851263,24.8258485704877,24.9599861922213,24.86197985757,24.8000326866343,24.7793752829217,24.7948687272058,24.6501717687129,24.7328808471969,24.6915346834782,24.68119552596,24.8103598227198,24.8929393729232,24.9342041538485,24.7793752829217,24.8774607869049,24.8671404277798,24.8723007375455,24.7793752829217,24.918731811688,24.918731811688,24.918731811688,24.954830304227,24.9599861922213,24.8723007375455,24.9290469664651,24.9496741564303,24.9084156166453,24.9032571289301,24.9342041538485,24.86197985757,24.9806071469274,24.9135738442187,24.86197985757,24.8929393729232,24.9032571289301,24.9084156166453,24.9960701368761,24.9702971889533,24.9238895190908,24.9290469664651,24.9806071469274,24.8258485704877,24.8051963851263,24.7948687272058,24.6398284203822,24.8206859153626,24.9342041538485,24.9599861922213,24.8723007375455,24.8413349715329,24.8826205758957,24.7948687272058,24.8980983810354,24.86197985757,24.8877801045559,24.836173098535,24.8000326866343,24.86197985757,24.86197985757,24.7690450146872,24.7070414568379,24.6553430497988,24.7948687272058,24.8000326866343,24.8774607869049,24.8103598227198,24.8000326866343,24.8516579356668,24.9032571289301,24.9238895190908,24.9599861922213,24.8877801045559,25.0321413659635,24.9238895190908,24.9238895190908,24.9702971889533,24.8980983810354,24.9393610812787,24.9135738442187,25.0578987516956,25.2380193782588,25.3664835674914,25.4691393236678,25.4178242679226,25.3099791333095,25.3767537609245,25.3767537609245,25.3870229273887,25.3921571255997,25.4793992606996,25.3459400985342,25.3870229273887,25.3305297988212,25.4075581805922,25.3305297988212
24.6139654618445,24.6501717687129,24.6708553211965,24.525982322611,24.6398284203822,24.6605140688826,24.598444539334,24.6863652356057,24.5777463018912,24.6708553211965,24.6605140688826,24.6553430497988,24.6553430497988,24.5415142757223,24.5363372209139,24.5518675968447,24.5052693701856,24.5363372209139,24.5311599032229,24.313474667603,24.417192326936,24.3601606905737,24.3601606905737,24.5311599032229,24.588095945611,24.6294840235847,24.6501717687129,24.7690450146872,24.6191385780148,24.5829212550199,24.5725710861868,24.6708553211965,24.7070414568379,24.7328808471969,24.5518675968447,24.5052693701856,24.4949113154483,24.3653467049792,24.3082860095273,24.3186630611374,24.4949113154483,24.4845522079513,24.6656848260024,24.8206859153626,24.5518675968447,24.68119552596,24.6708553211965,24.6967038696157,24.68119552596,24.525982322611,24.5777463018912,24.5725710861868,24.4016414116675,24.7018727940562,24.5156263724707,24.5363372209139,24.6708553211965,24.7638794888426,24.7948687272058,24.6243114319154,24.598444539334,24.7380479408253,24.8206859153626,24.7432147730614,24.7122098579989,24.6863652356057,24.7122098579989,24.6036184425424,24.6605140688826,24.7897045068028,24.7587137017957,24.7897045068028,24.6501717687129,24.6087920833666,24.6398284203822,24.7380479408253,24.6863652356057,24.7535476535085,24.68119552596,24.6501717687129,24.6087920833666,24.6656848260024,24.8516579356668,24.8103598227198,24.8671404277798,24.7070414568379,24.6863652356057,24.7690450146872,24.6450002255868,24.6656848260024,24.7432147730614,24.7690450146872,24.6760255545029,24.6863652356057,24.6863652356057,24.7070414568379,24.7535476535085,24.8516579356668,24.8051963851263,24.8000326866343,24.6243114319154,24.6863652356057,24.7638794888426,24.7535476535085,24.7328808471969,24.7122098579989,24.8000326866343,24.8000326866343,24.86197985757,24.7690450146872,24.86197985757,24.8723007375455,24.8516579356668,24.7432147730614,24.8051963851263,24.8103598227198,24.7380479408253,24.7587137017957,24.7535476535085,24.7587137017957,24.8516579356668,24.8155229994525,24.8929393729232,24.836173098535,24.8723007375455,24.9238895190908,24.9342041538485,24.8413349715329,24.9032571289301,24.9342041538485,24.9084156166453,24.9084156166453,24.8413349715329,24.7948687272058,24.836173098535,24.7742102793675,24.7483813439431,24.7432147730614,24.7070414568379,24.7432147730614,24.8206859153626,24.8000326866343,24.7845400253874,24.6915346834782,24.7380479408253,24.7845400253874,24.8206859153626,24.8051963851263,24.836173098535,24.8568190268782,24.7897045068028,24.7277134921382,24.7328808471969,24.7173779975772,24.7432147730614,24.7483813439431,24.8051963851263,24.8980983810354,24.9238895190908,24.8464965838976,24.9084156166453,24.9342041538485,24.8980983810354,24.7845400253874,24.9393610812787,24.9496741564303,24.9032571289301,24.9651418204509,24.954830304227,25.0012239478063,24.9084156166453,24.918731811688,24.8877801045559,24.8774607869049,25.0115307913128,24.8826205758957,24.918731811688,24.86197985757,24.9032571289301,24.8568190268782,24.918731811688,24.9960701368761,24.9496741564303,24.9754522977662,24.8258485704877,24.8051963851263,24.9135738442187,24.8310109648659,24.9084156166453,24.8206859153626,24.8000326866343,24.9032571289301,24.8929393729232,24.9135738442187,24.9806071469274,24.8516579356668,24.7742102793675,24.8980983810354,24.7793752829217,24.86197985757,24.7793752829217,24.8671404277798,24.6553430497988,24.7483813439431,24.7483813439431,24.7690450146872,24.7587137017957,24.8206859153626,24.7535476535085,24.7948687272058,24.7742102793675,24.8568190268782,24.8103598227198,24.9135738442187,24.9599861922213,24.9806071469274,25.0681998923707,25.0012239478063,24.9909160664447,24.9857617364743,24.9342041538485,24.918731811688,24.9238895190908,24.918731811688,24.9238895190908,25.1968768433364,25.258584458684,25.3921571255997,25.3459400985342,25.3408035889768,25.3459400985342,25.3099791333095,25.3870229273887,25.3921571255997,25.3818884725093,25.4434849990752,25.5101729288625,25.3767537609245,25.4024247521646,25.4126913524992
24.6656848260024,24.5208044790397,24.5725710861868,24.593270373703,24.525982322611,24.593270373703,24.5363372209139,24.5363372209139,24.6708553211965,24.4068253139224,24.6656848260024,24.6191385780148,24.5466910676864,24.6553430497988,24.5622198668973,24.5518675968447,24.5415142757223,24.5466910676864,24.5363372209139,24.396457245529,24.4327408682945,24.4016414116675,24.396457245529,24.5156263724707,24.6294840235847,24.6294840235847,24.5208044790397,24.588095945611,24.5673956078683,24.5363372209139,24.4275582848784,24.6760255545029,24.593270373703,24.5622198668973,24.5725710861868,24.4120089523324,24.3030970868713,24.2927184476639,24.2875287310348,24.4223754377718,24.4845522079513,24.6501717687129,24.6139654618445,24.68119552596,24.588095945611,24.6294840235847,24.6346563530609,24.6191385780148,24.6915346834782,24.6087920833666,24.7070414568379,24.7018727940562,24.5777463018912,24.6656848260024,24.396457245529,24.4379231880585,24.7483813439431,24.7070414568379,24.7122098579989,24.7173779975772,24.598444539334,24.7483813439431,24.7638794888426,24.6191385780148,24.6760255545029,24.6398284203822,24.7173779975772,24.7070414568379,24.7587137017957,24.7897045068028,24.7793752829217,24.7793752829217,24.7793752829217,24.6036184425424,24.6967038696157,24.6863652356057,24.68119552596,24.6708553211965,24.5829212550199,24.6708553211965,24.6501717687129,24.7535476535085,24.7328808471969,24.8206859153626,24.6967038696157,24.8413349715329,24.7432147730614,24.8671404277798,24.7897045068028,24.6760255545029,24.7173779975772,24.6915346834782,24.7845400253874,24.7845400253874,24.7845400253874,24.7587137017957,24.6656848260024,24.8413349715329,24.7587137017957,24.7535476535085,24.6501717687129,24.7690450146872,24.7845400253874,24.7535476535085,24.7277134921382,24.836173098535,24.8103598227198,24.836173098535,24.9238895190908,24.8000326866343,24.8826205758957,24.8723007375455,24.7948687272058,24.8568190268782,24.8877801045559,24.7948687272058,24.8103598227198,24.8051963851263,24.7948687272058,24.7535476535085,24.7897045068028,24.8413349715329,24.8774607869049,24.9290469664651,24.7948687272058,24.9290469664651,24.918731811688,24.9393610812787,24.9342041538485,24.9393610812787,24.9393610812787,24.9238895190908,24.8826205758957,24.9135738442187,24.8826205758957,24.836173098535,24.6450002255868,24.7535476535085,24.7070414568379,24.7948687272058,24.7897045068028,24.8206859153626,24.7948687272058,24.7948687272058,24.7380479408253,24.6967038696157,24.8980983810354,24.8413349715329,24.86197985757,24.8258485704877,24.8516579356668,24.7845400253874,24.7173779975772,24.7845400253874,24.6915346834782,24.8258485704877,24.8258485704877,24.8464965838976,24.8826205758957,24.7845400253874,24.8310109648659,24.8980983810354,24.8980983810354,24.7742102793675,24.9290469664651,24.9342041538485,24.9496741564303,24.918731811688,24.9909160664447,24.9032571289301,24.9806071469274,24.918731811688,24.8980983810354,24.9135738442187,24.918731811688,24.9135738442187,24.8774607869049,24.8774607869049,24.9032571289301,24.8723007375455,24.9651418204509,24.8826205758957,24.9084156166453,25.0063774992726,25.0166838239645,24.8929393729232,24.9342041538485,24.9290469664651,24.9857617364743,24.8206859153626,24.836173098535,24.9290469664651,24.8413349715329,25.0063774992726,24.9960701368761,24.918731811688,24.8310109648659,24.8310109648659,24.7845400253874,24.7742102793675,24.8310109648659,24.8000326866343,24.7948687272058,24.7380479408253,24.8723007375455,24.7638794888426,24.8310109648659,24.7328808471969,24.7535476535085,24.7897045068028,24.8826205758957,24.8103598227198,24.8310109648659,24.8774607869049,25.0218365972651,25.0578987516956,24.9857617364743,25.0115307913128,24.9445177487934,24.9290469664651,24.9290469664651,24.9857617364743,24.8155229994525,24.9135738442187,25.0372933614365,25.1660091054476,25.2894243522202,25.3510763511273,25.2997022573604,25.3613480855689,25.325392518149,25.2945634334578,25.3664835674914,25.3716187925976,25.3716187925976,25.3767537609245,25.4332214756594,25.4999160630027,25.3562123467933,25.4383533655169
24.6967038696157,24.6863652356057,24.6967038696157,24.6915346834782,24.6243114319154,24.7070414568379,24.588095945611,24.6760255545029,24.5829212550199,24.5000904743927,24.6656848260024,24.6243114319154,24.6294840235847,24.525982322611,24.525982322611,24.525982322611,24.5208044790397,24.5104480028654,24.4638308334468,24.4638308334468,24.4638308334468,24.5311599032229,24.4482870367845,24.5000904743927,24.4327408682945,24.5777463018912,24.5622198668973,24.588095945611,24.5570438632356,24.5104480028654,24.5000904743927,24.5570438632356,24.5156263724707,24.5208044790397,24.4120089523324,24.2823387496704,24.2927184476639,24.2979078995965,24.2927184476639,24.3497878691456,24.417192326936,24.598444539334,24.6346563530609,24.7122098579989,24.6656848260024,24.6139654618445,24.6398284203822,24.6708553211965,24.68119552596,24.6863652356057,24.6967038696157,24.6450002255868,24.6863652356057,24.6346563530609,24.5156263724707,24.593270373703,24.7587137017957,24.918731811688,24.7638794888426,24.588095945611,24.5622198668973,24.8155229994525,24.6915346834782,24.6915346834782,24.6605140688826,24.6708553211965,24.6398284203822,24.6967038696157,24.7173779975772,24.7225458756109,24.7587137017957,24.7328808471969,24.68119552596,24.5415142757223,24.6450002255868,24.6243114319154,24.6398284203822,24.6501717687129,24.593270373703,24.7793752829217,24.6708553211965,24.6605140688826,24.7328808471969,24.8464965838976,24.7380479408253,24.8206859153626,24.8155229994525,24.7948687272058,24.6967038696157,24.8206859153626,24.6967038696157,24.7483813439431,24.7018727940562,24.7225458756109,24.7638794888426,24.8516579356668,24.7638794888426,24.8568190268782,24.7070414568379,24.7277134921382,24.6036184425424,24.7793752829217,24.7793752829217,24.9032571289301,24.7225458756109,24.9032571289301,24.8826205758957,24.9135738442187,24.8723007375455,24.8103598227198,24.7535476535085,24.7587137017957,24.8413349715329,24.8516579356668,24.8155229994525,24.7948687272058,24.7328808471969,24.8103598227198,24.7793752829217,24.7897045068028,24.7587137017957,24.8516579356668,24.8310109648659,24.8000326866343,24.8980983810354,24.9342041538485,24.9599861922213,24.9445177487934,24.9290469664651,24.9290469664651,24.836173098535,24.8671404277798,24.8826205758957,24.9496741564303,24.7948687272058,24.7690450146872,24.7638794888426,24.7380479408253,24.7535476535085,24.7638794888426,24.8568190268782,24.8103598227198,24.8103598227198,24.8774607869049,24.7948687272058,24.7380479408253,24.6967038696157,24.7742102793675,24.7070414568379,24.8051963851263,24.8826205758957,24.7897045068028,24.7535476535085,24.7587137017957,24.8258485704877,24.7845400253874,24.8464965838976,24.8516579356668,24.7070414568379,24.8671404277798,24.8155229994525,24.8413349715329,24.8464965838976,24.9084156166453,24.9290469664651,24.9496741564303,24.9754522977662,25.0269891112523,24.9702971889533,24.9032571289301,24.8568190268782,24.918731811688,24.9445177487934,25.0115307913128,24.9032571289301,24.9032571289301,24.8980983810354,24.9135738442187,24.9496741564303,24.9238895190908,24.9445177487934,24.86197985757,24.8980983810354,24.9702971889533,24.954830304227,24.9084156166453,24.8774607869049,24.8568190268782,24.9032571289301,24.86197985757,24.836173098535,24.954830304227,24.8413349715329,24.9032571289301,25.0681998923707,24.9651418204509,24.86197985757,24.8310109648659,24.8516579356668,24.8774607869049,24.7690450146872,24.8826205758957,24.7742102793675,24.7690450146872,24.7948687272058,24.7948687272058,24.8051963851263,24.8206859153626,24.8310109648659,24.7897045068028,24.7845400253874,24.8310109648659,24.8000326866343,24.8155229994525,24.8929393729232,25.0424450977087,25.0321413659635,24.9393610812787,24.9599861922213,24.9857617364743,25.1557177937613,24.9290469664651,24.9238895190908,24.9238895190908,25.1454254487159,25.2791454175921,25.3459400985342,25.325392518149,25.4383533655169,25.3305297988212,25.3048408239653,25.3972910671794,25.3716187925976,25.3921571255997,25.3818884725093,25.4178242679226,25.3921571255997,25.3870229273887,25.3767537609245,25.3356668224182
24.5156263724707,24.6915346834782,24.7070414568379,24.6243114319154,24.6294840235847,24.5673956078683,24.6294840235847,24.5777463018912,24.6036184425424,24.68119552596,24.5725710861868,24.6708553211965,24.6708553211965,24.5466910676864,24.5311599032229,24.4482870367845,24.5518675968447,24.5622198668973,24.5415142757223,24.417192326936,24.4068253139224,24.4223754377718,24.4897318933139,24.5570438632356,24.6139654618445,24.6191385780148,24.4586498313649,24.5000904743927,24.5104480028654,24.5208044790397,24.5673956078683,24.4690115721079,24.3497878691456,24.3757179413665,24.417192326936,24.3757179413665,24.417192326936,24.2823387496704,24.4120089523324,24.417192326936,24.4482870367845,24.6191385780148,24.6501717687129,24.5622198668973,24.6553430497988,24.593270373703,24.6346563530609,24.5673956078683,24.6243114319154,24.6708553211965,24.6967038696157,24.7225458756109,24.68119552596,24.6139654618445,24.588095945611,24.6915346834782,24.7018727940562,24.9135738442187,24.6605140688826,24.7535476535085,24.4690115721079,24.7328808471969,24.7018727940562,24.6967038696157,24.7173779975772,24.6605140688826,24.68119552596,24.6243114319154,24.7122098579989,24.7173779975772,24.7742102793675,24.7587137017957,24.7535476535085,24.6605140688826,24.6605140688826,24.593270373703,24.6605140688826,24.6346563530609,24.6501717687129,24.7535476535085,24.6294840235847,24.6501717687129,24.7793752829217,24.8310109648659,24.836173098535,24.6915346834782,24.8258485704877,24.8103598227198,24.7948687272058,24.7277134921382,24.7070414568379,24.6501717687129,24.8310109648659,24.7483813439431,24.7328808471969,24.7845400253874,24.8206859153626,24.8464965838976,24.7587137017957,24.836173098535,24.7948687272058,24.8051963851263,24.7483813439431,24.7225458756109,24.8671404277798,24.8155229994525,24.8000326866343,24.86197985757,24.7587137017957,24.7742102793675,24.6967038696157,24.7328808471969,24.8258485704877,24.8258485704877,24.8516579356668,24.7897045068028,24.7638794888426,24.7948687272058,24.7483813439431,24.7897045068028,24.7432147730614,24.8671404277798,24.8516579356668,24.7587137017957,24.8516579356668,24.8929393729232,24.8206859153626,24.86197985757,24.8310109648659,24.8671404277798,24.954830304227,24.8206859153626,24.7845400253874,24.8000326866343,24.8413349715329,24.7690450146872,24.7018727940562,24.7225458756109,24.7587137017957,24.7328808471969,24.7277134921382,24.7380479408253,24.7690450146872,24.7845400253874,24.6036184425424,24.7380479408253,24.7690450146872,24.7638794888426,24.6967038696157,24.6967038696157,24.7122098579989,24.7277134921382,24.6553430497988,24.7380479408253,24.6863652356057,24.6760255545029,24.8929393729232,24.836173098535,24.8258485704877,24.8413349715329,24.8310109648659,24.836173098535,24.836173098535,24.8000326866343,24.8980983810354,24.9135738442187,24.918731811688,24.9754522977662,24.9651418204509,24.9238895190908,24.9084156166453,24.9135738442187,24.8826205758957,24.8980983810354,24.8464965838976,24.8826205758957,24.8310109648659,24.9290469664651,24.8568190268782,24.7380479408253,24.8464965838976,24.8929393729232,24.8568190268782,24.8568190268782,24.9290469664651,24.9393610812787,24.8516579356668,24.8929393729232,24.9238895190908,24.8774607869049,24.9238895190908,24.8310109648659,24.8877801045559,24.8413349715329,24.9857617364743,24.9754522977662,24.86197985757,24.7742102793675,24.7742102793675,24.7897045068028,24.8000326866343,24.7638794888426,24.7690450146872,24.7535476535085,24.7432147730614,24.7638794888426,24.7535476535085,24.7690450146872,24.8310109648659,24.8929393729232,24.8103598227198,24.8206859153626,24.8413349715329,24.8258485704877,25.0475965748176,25.0372933614365,24.9960701368761,24.9754522977662,24.9393610812787,24.9342041538485,24.9290469664651,24.8206859153626,24.8464965838976,24.9342041538485,25.1660091054476,25.1660091054476,25.3510763511273,25.2945634334578,25.325392518149,25.4332214756594,25.3510763511273,25.3356668224182,25.2997022573604,25.3972910671794,25.4075581805922,25.3921571255997,25.3972910671794,25.4178242679226,25.3767537609245,25.4229569268991
24.6450002255868,24.6501717687129,24.7122098579989,24.7122098579989,24.6036184425424,24.6863652356057,24.4949113154483,24.6139654618445,24.6036184425424,24.6087920833666,24.6605140688826,24.6450002255868,24.5363372209139,24.598444539334,24.5622198668973,24.5363372209139,24.5052693701856,24.598444539334,24.4793722593216,24.4379231880585,24.4275582848784,24.525982322611,24.4586498313649,24.6708553211965,24.6863652356057,24.5415142757223,24.6139654618445,24.5518675968447,24.5518675968447,24.6139654618445,24.4690115721079,24.4431052442089,24.2304243670388,24.5000904743927,24.2771485035319,24.4534685658236,24.4223754377718,24.266767216777,24.3912728154683,24.4690115721079,24.5052693701856,24.5208044790397,24.5000904743927,24.7122098579989,24.5466910676864,24.6294840235847,24.5466910676864,24.6191385780148,24.6656848260024,24.5518675968447,24.6605140688826,24.6553430497988,24.6243114319154,24.4431052442089,24.5518675968447,24.5777463018912,24.7018727940562,24.918731811688,24.918731811688,24.598444539334,24.68119552596,24.7122098579989,24.8258485704877,24.6553430497988,24.5777463018912,24.6863652356057,24.6346563530609,24.6708553211965,24.6243114319154,24.7225458756109,24.7380479408253,24.8206859153626,24.7897045068028,24.6553430497988,24.6656848260024,24.7483813439431,24.6450002255868,24.6243114319154,24.7173779975772,24.7690450146872,24.7277134921382,24.8103598227198,24.7535476535085,24.7380479408253,24.7432147730614,24.7535476535085,24.7897045068028,24.8000326866343,24.7845400253874,24.7742102793675,24.6915346834782,24.7070414568379,24.6967038696157,24.7690450146872,24.8206859153626,24.6656848260024,24.8516579356668,24.7690450146872,24.836173098535,24.8155229994525,24.8155229994525,24.8206859153626,24.7380479408253,24.6139654618445,24.7432147730614,24.6087920833666,24.8000326866343,24.7897045068028,24.7845400253874,24.6656848260024,24.7587137017957,24.7897045068028,24.8464965838976,24.6967038696157,24.7690450146872,24.6760255545029,24.68119552596,24.7638794888426,24.7018727940562,24.8000326866343,24.8155229994525,24.7897045068028,24.8568190268782,24.7535476535085,24.8051963851263,24.7742102793675,24.9084156166453,24.8103598227198,24.8464965838976,24.8206859153626,24.8310109648659,24.8258485704877,24.7793752829217,24.7845400253874,24.7742102793675,24.7742102793675,24.7587137017957,24.6915346834782,24.7483813439431,24.7690450146872,24.7328808471969,24.7432147730614,24.7432147730614,24.6398284203822,24.5311599032229,24.5415142757223,24.593270373703,24.7432147730614,24.7793752829217,24.6450002255868,24.7018727940562,24.6915346834782,24.5415142757223,24.5518675968447,24.6760255545029,24.6708553211965,24.8671404277798,24.8826205758957,24.8413349715329,24.7225458756109,24.8464965838976,24.836173098535,24.8310109648659,24.8258485704877,24.8310109648659,24.8723007375455,24.9032571289301,24.954830304227,24.8980983810354,24.9857617364743,24.8464965838976,24.8774607869049,24.8258485704877,24.9084156166453,24.9445177487934,24.8774607869049,24.8980983810354,24.8929393729232,24.9599861922213,24.9496741564303,24.8516579356668,24.8568190268782,24.8464965838976,24.8516579356668,24.9342041538485,24.9238895190908,24.8826205758957,24.9342041538485,24.8774607869049,24.9702971889533,24.8929393729232,24.8206859153626,24.954830304227,24.8877801045559,24.8464965838976,24.8929393729232,24.9290469664651,24.8000326866343,24.8155229994525,24.8258485704877,24.8258485704877,24.7948687272058,24.7742102793675,24.7225458756109,24.7380479408253,24.8413349715329,24.7587137017957,24.7793752829217,24.8929393729232,24.7948687272058,24.8929393729232,24.7380479408253,24.8929393729232,24.8723007375455,24.954830304227,25.0372933614365,24.9342041538485,24.954830304227,24.9445177487934,24.8929393729232,24.9393610812787,24.9445177487934,25.0578987516956,25.1608635787557,25.325392518149,25.4332214756594,25.4486163763711,25.464008971053,25.3459400985342,25.3767537609245,25.3716187925976,25.3664835674914,25.3767537609245,25.4178242679226,25.2534435750629,25.4280893294658,25.494787246305,25.4434849990752,25.3459400985342,25.4075581805922
24.5052693701856,24.7070414568379,24.7587137017957,24.7018727940562,24.5777463018912,24.598444539334,24.3809031634257,24.4741920473867,24.6294840235847,24.6139654618445,24.6915346834782,24.6553430497988,24.5415142757223,24.5208044790397,24.525982322611,24.5570438632356,24.6294840235847,24.598444539334,24.4586498313649,24.4534685658236,24.5415142757223,24.4534685658236,24.4741920473867,24.4586498313649,24.5777463018912,24.5570438632356,24.6087920833666,24.6191385780148,24.5829212550199,24.5104480028654,24.4690115721079,24.3757179413665,24.3653467049792,24.5829212550199,24.2979078995965,24.2511932998677,24.2719579925803,24.4223754377718,24.4845522079513,24.4793722593216,24.5000904743927,24.4120089523324,24.2304243670388,24.396457245529,24.5104480028654,24.6656848260024,24.6346563530609,24.5518675968447,24.5622198668973,24.4379231880585,24.5466910676864,24.6501717687129,24.6760255545029,24.593270373703,24.68119552596,24.8155229994525,24.9084156166453,24.9135738442187,24.7897045068028,24.8000326866343,24.6605140688826,24.7018727940562,24.7225458756109,24.8051963851263,24.7535476535085,24.6760255545029,24.68119552596,24.7277134921382,24.7483813439431,24.6191385780148,24.7328808471969,24.7690450146872,24.7483813439431,24.7277134921382,24.6605140688826,24.6501717687129,24.6450002255868,24.7380479408253,24.7277134921382,24.6243114319154,24.7638794888426,24.7225458756109,24.7328808471969,24.7432147730614,24.7483813439431,24.7845400253874,24.8103598227198,24.8310109648659,24.9238895190908,24.7225458756109,24.7018727940562,24.8000326866343,24.8103598227198,24.7897045068028,24.6605140688826,24.7638794888426,24.86197985757,24.8464965838976,24.8980983810354,24.8051963851263,24.7277134921382,24.6139654618445,24.7225458756109,24.7225458756109,24.6915346834782,24.6760255545029,24.7793752829217,24.6915346834782,24.8310109648659,24.8051963851263,24.7742102793675,24.7328808471969,24.8051963851263,24.8310109648659,24.8310109648659,24.8413349715329,24.7845400253874,24.8206859153626,24.836173098535,24.7897045068028,24.7897045068028,24.7328808471969,24.836173098535,24.836173098535,24.8000326866343,24.8206859153626,24.7897045068028,24.8671404277798,24.7948687272058,24.8155229994525,24.8464965838976,24.8413349715329,24.8310109648659,24.7948687272058,24.7948687272058,24.7690450146872,24.836173098535,24.8103598227198,24.836173098535,24.7432147730614,24.7793752829217,24.7535476535085,24.6967038696157,24.6346563530609,24.6191385780148,24.6191385780148,24.6346563530609,24.5622198668973,24.7225458756109,24.598444539334,24.5208044790397,24.5777463018912,24.5777463018912,24.6605140688826,24.7122098579989,24.7122098579989,24.7173779975772,24.6501717687129,24.7432147730614,24.7018727940562,24.8258485704877,24.8413349715329,24.8206859153626,24.8103598227198,24.86197985757,24.9702971889533,24.9084156166453,24.9290469664651,24.8774607869049,24.9238895190908,24.86197985757,24.9238895190908,24.8310109648659,24.8877801045559,24.8671404277798,24.8774607869049,24.8929393729232,24.8464965838976,24.8877801045559,24.9290469664651,24.8464965838976,24.8671404277798,24.918731811688,24.9290469664651,24.9342041538485,24.9290469664651,24.9445177487934,24.8877801045559,24.9702971889533,24.9084156166453,24.8671404277798,24.9702971889533,24.836173098535,24.8774607869049,24.8980983810354,24.8877801045559,24.9084156166453,24.8877801045559,24.8206859153626,24.8000326866343,24.8671404277798,24.86197985757,24.7277134921382,24.7535476535085,24.7380479408253,24.8206859153626,24.7690450146872,24.7742102793675,24.7638794888426,24.8877801045559,24.8206859153626,24.8929393729232,24.8826205758957,24.8826205758957,25.0115307913128,25.0321413659635,24.9445177487934,24.9445177487934,24.9960701368761,24.9909160664447,24.9032571289301,24.8877801045559,25.0578987516956,25.2380193782588,25.3818884725093,25.4537474974415,25.4691393236678,25.4434849990752,25.3921571255997,25.3664835674914,25.325392518149,25.3562123467933,25.3408035889768,25.4845288451903,25.3972910671794,25.2483024338098,25.4075581805922,25.4126913524992,25.4332214756594,25.4126913524992
24.3186630611374,24.5104480028654,24.68119552596,24.6708553211965,24.6605140688826,24.4845522079513,24.4534685658236,24.5570438632356,24.4793722593216,24.5104480028654,24.5777463018912,24.6760255545029,24.5777463018912,24.5415142757223,24.5363372209139,24.5518675968447,24.5570438632356,24.5415142757223,24.4431052442089,24.4741920473867,24.5000904743927,24.4431052442089,24.4534685658236,24.4690115721079,24.4482870367845,24.5104480028654,24.5156263724707,24.6036184425424,24.6605140688826,24.6346563530609,24.4482870367845,24.4431052442089,24.4586498313649,24.4431052442089,24.1836787523513,24.1369116310709,24.261576176083,24.3549744119754,24.4845522079513,24.5415142757223,24.4741920473867,24.4223754377718,24.3653467049792,24.4482870367845,24.525982322611,24.6656848260024,24.5466910676864,24.5208044790397,24.6346563530609,24.5570438632356,24.525982322611,24.4327408682945,24.5000904743927,24.8155229994525,24.8568190268782,24.8258485704877,24.9084156166453,24.8413349715329,24.9084156166453,24.7948687272058,24.7897045068028,24.6605140688826,24.7173779975772,24.7070414568379,24.7793752829217,24.7122098579989,24.6760255545029,24.7122098579989,24.6967038696157,24.6863652356057,24.7690450146872,24.7122098579989,24.7483813439431,24.68119552596,24.8258485704877,24.6760255545029,24.6501717687129,24.6450002255868,24.6398284203822,24.7277134921382,24.7948687272058,24.7122098579989,24.6863652356057,24.7483813439431,24.8516579356668,24.836173098535,24.836173098535,24.7535476535085,24.7587137017957,24.7277134921382,24.7845400253874,24.7638794888426,24.7070414568379,24.7535476535085,24.86197985757,24.836173098535,24.8413349715329,24.8310109648659,24.8980983810354,24.8051963851263,24.6863652356057,24.5518675968447,24.5363372209139,24.6915346834782,24.86197985757,24.7483813439431,24.7432147730614,24.7690450146872,24.7948687272058,24.7638794888426,24.7948687272058,24.7845400253874,24.7690450146872,24.836173098535,24.7793752829217,24.7948687272058,24.8206859153626,24.8413349715329,24.8568190268782,24.7638794888426,24.8413349715329,24.8671404277798,24.8464965838976,24.8826205758957,24.8774607869049,24.8310109648659,24.8413349715329,24.8877801045559,24.836173098535,24.7793752829217,24.8258485704877,24.8103598227198,24.9857617364743,24.8464965838976,24.8310109648659,24.7793752829217,24.8000326866343,24.7897045068028,24.8413349715329,24.6863652356057,24.7845400253874,24.68119552596,24.7690450146872,24.6450002255868,24.5518675968447,24.5570438632356,24.6087920833666,24.5518675968447,24.593270373703,24.5725710861868,24.5518675968447,24.6553430497988,24.6398284203822,24.6605140688826,24.68119552596,24.6605140688826,24.6553430497988,24.598444539334,24.6967038696157,24.6708553211965,24.7122098579989,24.8413349715329,24.8155229994525,24.7070414568379,24.7432147730614,24.8723007375455,24.8774607869049,24.8671404277798,24.86197985757,24.8568190268782,24.8568190268782,24.7742102793675,24.9496741564303,24.7793752829217,24.9857617364743,24.8000326866343,24.86197985757,24.9342041538485,24.9032571289301,24.8568190268782,24.9084156166453,24.9238895190908,24.9290469664651,24.8723007375455,24.8877801045559,24.8826205758957,24.9135738442187,24.8929393729232,24.9393610812787,24.9496741564303,24.8568190268782,24.9342041538485,24.8568190268782,24.9754522977662,24.8258485704877,24.8929393729232,24.8155229994525,24.8155229994525,24.8568190268782,24.8000326866343,24.8516579356668,24.8155229994525,24.8413349715329,24.7328808471969,24.7897045068028,24.7587137017957,24.8929393729232,24.836173098535,24.8980983810354,24.8413349715329,24.8980983810354,24.8723007375455,24.9702971889533,24.8568190268782,24.9909160664447,24.9290469664651,24.9496741564303,24.9445177487934,24.9496741564303,25.0836496611589,24.9599861922213,25.0733500742259,25.1196900631945,25.3459400985342,25.3613480855689,25.4691393236678,25.4332214756594,25.3767537609245,25.3664835674914,25.3818884725093,25.3664835674914,25.3356668224182,25.4229569268991,25.4075581805922,25.4588783623232,25.4486163763711,25.494787246305,25.4229569268991,25.4229569268991,25.4537474974415
24.1369116310709,24.313474667603,24.6501717687129,24.6656848260024,24.5673956078683,24.4690115721079,24.3757179413665,24.4638308334468,24.4690115721079,24.5156263724707,24.5104480028654,24.6708553211965,24.6450002255868,24.6294840235847,24.5466910676864,24.6398284203822,24.4638308334468,24.5518675968447,24.4741920473867,24.4845522079513,24.6708553211965,24.5415142757223,24.6760255545029,24.525982322611,24.5829212550199,24.5363372209139,24.6243114319154,24.588095945611,24.5829212550199,24.593270373703,24.525982322611,24.4379231880585,24.4586498313649,24.261576176083,24.3394139906367,24.2408093636233,24.3757179413665,24.4068253139224,24.5415142757223,24.5466910676864,24.6346563530609,24.5000904743927,24.417192326936,24.525982322611,24.6294840235847,24.8206859153626,24.6656848260024,24.6450002255868,24.8000326866343,24.6036184425424,24.6915346834782,24.5570438632356,24.5415142757223,24.8155229994525,24.8206859153626,24.8206859153626,24.8155229994525,24.9135738442187,24.9032571289301,24.86197985757,24.7173779975772,24.7328808471969,24.8206859153626,24.8155229994525,24.7070414568379,24.7535476535085,24.7070414568379,24.7277134921382,24.7328808471969,24.6863652356057,24.6760255545029,24.6967038696157,24.7122098579989,24.7173779975772,24.6863652356057,24.7225458756109,24.7328808471969,24.7070414568379,24.6915346834782,24.7070414568379,24.7225458756109,24.593270373703,24.6760255545029,24.7742102793675,24.7277134921382,24.8103598227198,24.8155229994525,24.7432147730614,24.7328808471969,24.7793752829217,24.7483813439431,24.7897045068028,24.7018727940562,24.8826205758957,24.7587137017957,24.7793752829217,24.8051963851263,24.9238895190908,24.8155229994525,24.7225458756109,24.7535476535085,24.6501717687129,24.6398284203822,24.8103598227198,24.8051963851263,24.8464965838976,24.7897045068028,24.7225458756109,24.7638794888426,24.8000326866343,24.7018727940562,24.7638794888426,24.7690450146872,24.7432147730614,24.8051963851263,24.8310109648659,24.8206859153626,24.8413349715329,24.8774607869049,24.8051963851263,24.8516579356668,24.8516579356668,24.8258485704877,24.8826205758957,24.86197985757,24.8516579356668,24.836173098535,24.8103598227198,24.8310109648659,24.7948687272058,24.8516579356668,24.8464965838976,24.7380479408253,24.8568190268782,24.7793752829217,24.7793752829217,24.7793752829217,24.7897045068028,24.8155229994525,24.86197985757,24.7638794888426,24.7845400253874,24.836173098535,24.8258485704877,24.7380479408253,24.6036184425424,24.7018727940562,24.5466910676864,24.6398284203822,24.5673956078683,24.6139654618445,24.6191385780148,24.7328808471969,24.6967038696157,24.6915346834782,24.7173779975772,24.6450002255868,24.6346563530609,24.6087920833666,24.6967038696157,24.6863652356057,24.8258485704877,24.7018727940562,24.7018727940562,24.8000326866343,24.8671404277798,24.8568190268782,24.8671404277798,24.8413349715329,24.8568190268782,24.8723007375455,24.8723007375455,24.8516579356668,24.8568190268782,24.8723007375455,24.8723007375455,24.7793752829217,24.9342041538485,24.918731811688,24.9290469664651,24.8464965838976,24.8413349715329,24.8516579356668,24.8929393729232,24.8671404277798,24.8980983810354,24.8464965838976,24.9445177487934,24.9290469664651,24.9393610812787,25.0372933614365,25.0424450977087,24.9084156166453,24.9393610812787,24.8671404277798,24.8877801045559,24.8723007375455,24.8826205758957,24.86197985757,24.8464965838976,24.7845400253874,24.8464965838976,24.8000326866343,24.7793752829217,24.8155229994525,24.7845400253874,24.7897045068028,24.8310109648659,24.8516579356668,24.9238895190908,24.9290469664651,24.9135738442187,24.9342041538485,24.8155229994525,24.86197985757,25.0115307913128,24.9445177487934,24.9496741564303,25.0269891112523,24.9599861922213,24.8826205758957,24.9651418204509,25.0887990663117,25.1865886299367,25.464008971053,25.4486163763711,25.4383533655169,25.4537474974415,25.3870229273887,25.3818884725093,25.3870229273887,25.3716187925976,25.4896581737131,25.4075581805922,25.5255563093646,25.3767537609245,25.4178242679226,25.4434849990752,25.4229569268991,25.4486163763711
24.1317139554589,24.3238511901693,24.5829212550199,24.6139654618445,24.4897318933139,24.3601606905737,24.4431052442089,24.4845522079513,24.5000904743927,24.5104480028654,24.5415142757223,24.4741920473867,24.5466910676864,24.6605140688826,24.5415142757223,24.5725710861868,24.5000904743927,24.4793722593216,24.4327408682945,24.6553430497988,24.5363372209139,24.4534685658236,24.5570438632356,24.5725710861868,24.6139654618445,24.6036184425424,24.588095945611,24.7277134921382,24.5208044790397,24.4793722593216,24.5518675968447,24.4431052442089,24.266767216777,24.1836787523513,24.266767216777,24.3342266548802,24.266767216777,24.4223754377718,24.5311599032229,24.4586498313649,24.6191385780148,24.4534685658236,24.4379231880585,24.5570438632356,24.8310109648659,24.593270373703,24.8155229994525,24.8051963851263,24.7483813439431,24.6087920833666,24.6450002255868,24.5000904743927,24.6346563530609,24.7897045068028,24.7173779975772,24.8000326866343,24.8051963851263,24.7897045068028,24.8103598227198,24.8155229994525,24.6708553211965,24.7948687272058,24.7380479408253,24.836173098535,24.8051963851263,24.8826205758957,24.7690450146872,24.8051963851263,24.6760255545029,24.5622198668973,24.6501717687129,24.7328808471969,24.6760255545029,24.8051963851263,24.7897045068028,24.6760255545029,24.7483813439431,24.6501717687129,24.6605140688826,24.5052693701856,24.5208044790397,24.5104480028654,24.593270373703,24.6398284203822,24.588095945611,24.6967038696157,24.7587137017957,24.7742102793675,24.7535476535085,24.7742102793675,24.7225458756109,24.7380479408253,24.7690450146872,24.7432147730614,24.7070414568379,24.7587137017957,24.6967038696157,24.8980983810354,24.8723007375455,24.8206859153626,24.7018727940562,24.7122098579989,24.6553430497988,24.8000326866343,24.7948687272058,24.7328808471969,24.68119552596,24.68119552596,24.7690450146872,24.8206859153626,24.6708553211965,24.6708553211965,24.6398284203822,24.7432147730614,24.8310109648659,24.8155229994525,24.7742102793675,24.6915346834782,24.7070414568379,24.8516579356668,24.8464965838976,24.836173098535,24.8568190268782,24.8826205758957,24.8568190268782,24.9342041538485,24.8464965838976,24.9496741564303,24.8103598227198,24.8310109648659,24.7638794888426,24.7328808471969,24.7587137017957,24.7173779975772,24.7948687272058,24.86197985757,24.7845400253874,24.7483813439431,24.8155229994525,24.8826205758957,24.9084156166453,24.8413349715329,24.7690450146872,24.7897045068028,24.7380479408253,24.5622198668973,24.5518675968447,24.5570438632356,24.5622198668973,24.5570438632356,24.5518675968447,24.593270373703,24.6087920833666,24.7018727940562,24.7018727940562,24.6863652356057,24.6501717687129,24.6501717687129,24.6398284203822,24.6656848260024,24.6967038696157,24.7070414568379,24.8000326866343,24.7793752829217,24.7173779975772,24.6967038696157,24.8103598227198,24.8413349715329,25.0372933614365,24.8723007375455,24.8258485704877,24.918731811688,24.8877801045559,24.8516579356668,24.7742102793675,24.8464965838976,24.8258485704877,24.8310109648659,24.836173098535,24.8568190268782,24.8413349715329,24.86197985757,24.9032571289301,24.8103598227198,24.8723007375455,24.8103598227198,24.8000326866343,24.9599861922213,25.0166838239645,25.1042457289643,25.0424450977087,24.9857617364743,24.8568190268782,24.918731811688,24.7948687272058,24.8774607869049,24.7948687272058,24.8103598227198,24.8103598227198,24.8413349715329,24.836173098535,24.7277134921382,24.6450002255868,24.7173779975772,24.7948687272058,24.7380479408253,24.7638794888426,24.8413349715329,24.7690450146872,24.9084156166453,24.9032571289301,24.9599861922213,24.8826205758957,24.7225458756109,24.8671404277798,24.9290469664651,24.9393610812787,24.954830304227,24.954830304227,24.9342041538485,24.9857617364743,25.0527477928007,25.14027888859,25.4024247521646,25.4845288451903,25.4229569268991,25.4383533655169,25.6075621671384,25.4075581805922,25.3921571255997,25.3664835674914,25.3716187925976,25.3818884725093,25.4332214756594,25.4691393236678,25.4691393236678,25.4229569268991,25.4793992606996,25.4537474974415,25.4024247521646
24.1213178064842,24.3290390547373,24.5725710861868,24.5052693701856,24.4482870367845,24.4327408682945,24.4327408682945,24.5156263724707,24.4016414116675,24.5052693701856,24.4897318933139,24.5415142757223,24.5725710861868,24.7122098579989,24.6139654618445,24.5725710861868,24.5622198668973,24.5052693701856,24.6605140688826,24.5725710861868,24.6605140688826,24.6553430497988,24.3601606905737,24.4949113154483,24.6501717687129,24.6346563530609,24.6915346834782,24.7122098579989,24.6191385780148,24.5311599032229,24.6087920833666,24.5466910676864,24.2771485035319,24.16809210295,24.1369116310709,24.3394139906367,24.4068253139224,24.5000904743927,24.6139654618445,24.5104480028654,24.6087920833666,24.6139654618445,24.4431052442089,24.7328808471969,24.8000326866343,24.6605140688826,24.8051963851263,24.918731811688,24.7018727940562,24.7122098579989,24.6036184425424,24.5518675968447,24.6398284203822,24.6398284203822,24.7742102793675,24.8723007375455,24.8929393729232,24.8980983810354,24.7432147730614,24.7225458756109,24.6605140688826,24.8723007375455,24.8103598227198,24.7638794888426,24.7638794888426,24.8155229994525,24.7845400253874,24.8568190268782,24.6863652356057,24.6398284203822,24.7535476535085,24.6605140688826,24.6656848260024,24.6398284203822,24.7277134921382,24.7793752829217,24.7742102793675,24.7638794888426,24.6863652356057,24.6501717687129,24.6553430497988,24.6450002255868,24.7122098579989,24.68119552596,24.6450002255868,24.7432147730614,24.7018727940562,24.7897045068028,24.7483813439431,24.8051963851263,24.7328808471969,24.7380479408253,24.7328808471969,24.7277134921382,24.7483813439431,24.7483813439431,24.7122098579989,24.918731811688,24.9135738442187,24.8310109648659,24.6501717687129,24.7277134921382,24.7018727940562,24.7690450146872,24.6967038696157,24.6967038696157,24.6915346834782,24.8413349715329,24.836173098535,24.7897045068028,24.8310109648659,24.6967038696157,24.6967038696157,24.7225458756109,24.7432147730614,24.6708553211965,24.7742102793675,24.7793752829217,24.7277134921382,24.7793752829217,24.8155229994525,24.8464965838976,24.8568190268782,24.8413349715329,24.8206859153626,24.6863652356057,24.8206859153626,24.7793752829217,24.7638794888426,24.8413349715329,24.7793752829217,24.86197985757,24.8155229994525,24.7277134921382,24.7845400253874,24.6760255545029,24.7535476535085,24.7793752829217,24.7483813439431,24.8723007375455,24.86197985757,24.8000326866343,24.7845400253874,24.7535476535085,24.6501717687129,24.5829212550199,24.598444539334,24.4275582848784,24.5415142757223,24.5415142757223,24.5518675968447,24.6243114319154,24.598444539334,24.7225458756109,24.6605140688826,24.6915346834782,24.5829212550199,24.6294840235847,24.6036184425424,24.5104480028654,24.593270373703,24.7018727940562,24.7070414568379,24.8103598227198,24.7328808471969,24.7897045068028,24.8155229994525,24.8258485704877,24.8413349715329,24.8155229994525,24.7845400253874,24.7845400253874,24.8464965838976,24.86197985757,24.8671404277798,24.8206859153626,24.7897045068028,24.8310109648659,24.8206859153626,24.8516579356668,24.8310109648659,24.8929393729232,24.8516579356668,24.8258485704877,24.8206859153626,24.8000326866343,24.9857617364743,24.9135738442187,24.8774607869049,24.9342041538485,24.9393610812787,24.9238895190908,24.9651418204509,24.8826205758957,24.8826205758957,24.8051963851263,24.8051963851263,24.9445177487934,24.8103598227198,24.8568190268782,24.7587137017957,24.8516579356668,24.6501717687129,24.7070414568379,24.7225458756109,24.8671404277798,24.8258485704877,24.7638794888426,24.9084156166453,24.9084156166453,24.9084156166453,24.86197985757,24.8206859153626,24.8568190268782,24.86197985757,24.9496741564303,24.8980983810354,24.9806071469274,25.0166838239645,25.0166838239645,25.0063774992726,24.9960701368761,25.0887990663117,25.2740055641272,25.1814441360816,25.3459400985342,25.4588783623232,25.4383533655169,25.3972910671794,25.4280893294658,25.4126913524992,25.3613480855689,25.4075581805922,25.4383533655169,25.3716187925976,25.3767537609245,25.3870229273887,25.3972910671794,25.4229569268991,25.3459400985342
24.1265160139431,24.4223754377718,24.417192326936,24.598444539334,24.4275582848784,24.2771485035319,24.396457245529,24.396457245529,24.3601606905737,24.4741920473867,24.4897318933139,24.6501717687129,24.5725710861868,24.6139654618445,24.5518675968447,24.4897318933139,24.6450002255868,24.5570438632356,24.6760255545029,24.5570438632356,24.6863652356057,24.6398284203822,24.396457245529,24.4845522079513,24.593270373703,24.6605140688826,24.6915346834782,24.7225458756109,24.6036184425424,24.6294840235847,24.6243114319154,24.2096511916044,24.4120089523324,24.2927184476639,24.02250128355,24.3705324552306,24.396457245529,24.2304243670388,24.3082860095273,24.4379231880585,24.6191385780148,24.7638794888426,24.6967038696157,24.8206859153626,24.8103598227198,24.8155229994525,24.8980983810354,24.8051963851263,24.7018727940562,24.7328808471969,24.5777463018912,24.588095945611,24.7173779975772,24.6760255545029,24.7897045068028,24.8155229994525,24.8877801045559,24.8826205758957,24.7483813439431,24.6760255545029,24.6553430497988,24.7432147730614,24.7948687272058,24.7948687272058,24.68119552596,24.6967038696157,24.68119552596,24.7225458756109,24.6708553211965,24.6605140688826,24.7793752829217,24.6708553211965,24.6708553211965,24.6553430497988,24.7122098579989,24.6191385780148,24.7742102793675,24.7742102793675,24.7277134921382,24.7690450146872,24.6605140688826,24.4949113154483,24.7742102793675,24.6501717687129,24.6967038696157,24.7070414568379,24.7277134921382,24.7432147730614,24.7897045068028,24.7225458756109,24.7897045068028,24.8826205758957,24.7328808471969,24.7483813439431,24.7328808471969,24.7122098579989,24.7070414568379,24.8413349715329,24.8671404277798,24.8723007375455,24.7587137017957,24.7380479408253,24.7380479408253,24.8568190268782,24.6863652356057,24.7793752829217,24.7845400253874,24.8516579356668,24.836173098535,24.7070414568379,24.6760255545029,24.6656848260024,24.6863652356057,24.7122098579989,24.7173779975772,24.8516579356668,24.8413349715329,24.8000326866343,24.7793752829217,24.7122098579989,24.7587137017957,24.9032571289301,24.9857617364743,24.8464965838976,24.8000326866343,24.7535476535085,24.7380479408253,24.7070414568379,24.8051963851263,24.7587137017957,24.8413349715329,24.8568190268782,24.8723007375455,24.7587137017957,24.86197985757,24.8310109648659,24.7277134921382,24.7483813439431,24.7535476535085,24.7587137017957,24.7380479408253,24.7897045068028,24.7845400253874,24.7122098579989,24.593270373703,24.6087920833666,24.5311599032229,24.6139654618445,24.4275582848784,24.5311599032229,24.5673956078683,24.6139654618445,24.7483813439431,24.6243114319154,24.6294840235847,24.7328808471969,24.6656848260024,24.6656848260024,24.5829212550199,24.5156263724707,24.5156263724707,24.6967038696157,24.7225458756109,24.8206859153626,24.7535476535085,24.8464965838976,24.7897045068028,24.8103598227198,24.8877801045559,24.8206859153626,24.8671404277798,24.8929393729232,24.9084156166453,24.8155229994525,24.9342041538485,24.8464965838976,24.836173098535,24.8155229994525,24.8310109648659,24.8723007375455,24.8413349715329,24.7432147730614,24.7948687272058,24.7277134921382,24.8051963851263,24.836173098535,24.8051963851263,24.8413349715329,24.9290469664651,24.9599861922213,24.8877801045559,24.8877801045559,24.9754522977662,24.8516579356668,24.7897045068028,24.7845400253874,24.7742102793675,24.8051963851263,24.836173098535,24.7328808471969,24.8103598227198,24.7432147730614,24.7535476535085,24.6967038696157,24.6760255545029,24.8568190268782,24.8206859153626,24.8258485704877,24.8413349715329,24.9032571289301,24.9084156166453,24.8671404277798,24.8877801045559,24.8774607869049,24.836173098535,24.8980983810354,24.9393610812787,24.9702971889533,24.9445177487934,24.9651418204509,24.9909160664447,24.9599861922213,25.1814441360816,25.2174501739369,25.2688654531791,25.4383533655169,25.3972910671794,25.3664835674914,25.3613480855689,25.3716187925976,25.4229569268991,25.4178242679226,25.4588783623232,25.494787246305,25.4075581805922,25.3767537609245,25.3972910671794,25.4229569268991,25.4383533655169,25.4845288451903
24.3549744119754,24.5000904743927,24.5052693701856,24.5466910676864,24.2823387496704,24.2511932998677,24.4379231880585,24.4223754377718,24.4482870367845,24.5156263724707,24.3394139906367,24.4897318933139,24.5673956078683,24.5415142757223,24.3549744119754,24.598444539334,24.6191385780148,24.6036184425424,24.6656848260024,24.5622198668973,24.5829212550199,24.6915346834782,24.4897318933139,24.4949113154483,24.5829212550199,24.6553430497988,24.6191385780148,24.5466910676864,24.5570438632356,24.5777463018912,24.5622198668973,24.4586498313649,24.3912728154683,24.266767216777,24.3809031634257,24.4379231880585,24.3549744119754,24.220038309803,24.2563848704595,24.4275582848784,24.3030970868713,24.8155229994525,24.8155229994525,24.8155229994525,24.8103598227198,24.7897045068028,24.8000326866343,24.6656848260024,24.5156263724707,24.6656848260024,24.5622198668973,24.5518675968447,24.5725710861868,24.5673956078683,24.68119552596,24.8206859153626,24.8774607869049,24.8774607869049,24.6708553211965,24.7380479408253,24.7793752829217,24.7948687272058,24.8877801045559,24.7793752829217,24.6760255545029,24.6863652356057,24.68119552596,24.8051963851263,24.7225458756109,24.7483813439431,24.6553430497988,24.6553430497988,24.6553430497988,24.7948687272058,24.6760255545029,24.6243114319154,24.7690450146872,24.7587137017957,24.68119552596,24.7277134921382,24.7742102793675,24.6708553211965,24.6139654618445,24.8258485704877,24.7173779975772,24.6915346834782,24.6656848260024,24.7535476535085,24.7742102793675,24.7690450146872,24.8877801045559,24.8051963851263,24.7432147730614,24.7328808471969,24.7277134921382,24.7380479408253,24.8258485704877,24.7690450146872,24.8000326866343,24.9084156166453,24.86197985757,24.8516579356668,24.8877801045559,24.8206859153626,24.7380479408253,24.8413349715329,24.8155229994525,24.7070414568379,24.7225458756109,24.7432147730614,24.8413349715329,24.7070414568379,24.7018727940562,24.6708553211965,24.7225458756109,24.7277134921382,24.836173098535,24.8206859153626,24.8877801045559,24.8206859153626,25.0269891112523,24.9496741564303,24.9806071469274,24.7897045068028,24.8000326866343,24.7535476535085,24.7277134921382,24.7690450146872,24.7897045068028,24.8051963851263,24.8671404277798,24.8464965838976,24.8103598227198,24.7793752829217,24.8671404277798,24.7587137017957,24.7535476535085,24.7483813439431,24.8723007375455,24.7690450146872,24.8051963851263,24.7225458756109,24.7845400253874,24.7122098579989,24.7122098579989,24.7277134921382,24.6605140688826,24.5829212550199,24.5363372209139,24.5518675968447,24.7018727940562,24.6036184425424,24.7070414568379,24.6087920833666,24.7483813439431,24.7845400253874,24.6450002255868,24.6398284203822,24.6553430497988,24.5466910676864,24.525982322611,24.6087920833666,24.7173779975772,24.8206859153626,24.7742102793675,24.8413349715329,24.8877801045559,24.8929393729232,24.8000326866343,24.8774607869049,24.8671404277798,24.8516579356668,24.8568190268782,24.8877801045559,24.8774607869049,24.8671404277798,24.86197985757,24.8206859153626,24.8671404277798,25.0063774992726,24.8516579356668,24.8464965838976,24.7793752829217,24.8103598227198,24.8258485704877,24.7845400253874,24.7845400253874,24.8516579356668,24.9135738442187,24.9084156166453,24.9084156166453,24.8723007375455,24.9599861922213,24.8206859153626,24.7845400253874,24.7380479408253,24.8877801045559,24.7587137017957,24.8000326866343,24.7328808471969,24.7897045068028,24.7483813439431,24.7483813439431,24.7380479408253,24.7225458756109,24.7638794888426,24.7483813439431,24.8464965838976,24.9084156166453,24.9032571289301,24.9496741564303,24.8929393729232,24.8929393729232,24.7070414568379,24.7018727940562,24.8103598227198,24.9445177487934,24.9084156166453,24.918731811688,24.9806071469274,25.0939482126385,25.1917328656758,25.1762993840732,25.3818884725093,25.3818884725093,25.4024247521646,25.4075581805922,25.4691393236678,25.3818884725093,25.3767537609245,25.3972910671794,25.4024247521646,25.3818884725093,25.4742694202044,25.4691393236678,25.3510763511273,25.4434849990752,25.5050446238429,25.3818884725093,25.3202549803643
24.220038309803,24.3290390547373,24.4275582848784,24.525982322611,24.3446010620456,24.2511932998677,24.235616997893,24.5208044790397,24.5156263724707,24.417192326936,24.3394139906367,24.3809031634257,24.4482870367845,24.3394139906367,24.3860881214467,24.3601606905737,24.5000904743927,24.5156263724707,24.4327408682945,24.6708553211965,24.6191385780148,24.6139654618445,24.5311599032229,24.4327408682945,24.6605140688826,24.5829212550199,24.5466910676864,24.5208044790397,24.6501717687129,24.5518675968447,24.5311599032229,24.3757179413665,24.525982322611,24.3860881214467,24.3186630611374,24.3549744119754,24.1992630121316,24.1213178064842,24.3446010620456,24.2044572345467,24.4120089523324,24.6036184425424,24.8413349715329,24.7845400253874,24.7793752829217,24.8000326866343,24.7897045068028,24.7535476535085,24.5208044790397,24.6967038696157,24.598444539334,24.4845522079513,24.588095945611,24.6915346834782,24.68119552596,24.7742102793675,24.7845400253874,24.8258485704877,24.6243114319154,24.5363372209139,24.7535476535085,24.7897045068028,24.8155229994525,24.6656848260024,24.7483813439431,24.6915346834782,24.7483813439431,24.7742102793675,24.7483813439431,24.6863652356057,24.5777463018912,24.68119552596,24.7483813439431,24.8000326866343,24.7587137017957,24.7380479408253,24.7380479408253,24.7742102793675,24.7742102793675,24.7690450146872,24.7638794888426,24.7483813439431,24.6656848260024,24.7173779975772,24.6139654618445,24.7277134921382,24.7380479408253,24.7328808471969,24.836173098535,24.7483813439431,24.8413349715329,24.7483813439431,24.8206859153626,24.8103598227198,24.68119552596,24.7483813439431,24.7380479408253,24.7277134921382,24.7845400253874,24.8929393729232,24.7742102793675,24.8516579356668,24.6760255545029,24.7483813439431,24.86197985757,24.8103598227198,24.7277134921382,24.836173098535,24.8258485704877,24.7948687272058,24.7070414568379,24.6915346834782,24.6915346834782,24.7380479408253,24.598444539334,24.7483813439431,24.8516579356668,24.7225458756109,24.9445177487934,25.0836496611589,24.9290469664651,24.8155229994525,24.8723007375455,24.86197985757,24.8413349715329,24.7845400253874,24.8103598227198,24.7122098579989,24.8568190268782,24.8826205758957,24.8464965838976,24.8516579356668,24.7845400253874,24.7690450146872,24.7328808471969,24.7742102793675,24.8051963851263,24.8155229994525,24.8516579356668,24.8000326866343,24.7742102793675,24.7897045068028,24.7845400253874,24.7070414568379,24.7018727940562,24.6139654618445,24.5156263724707,24.525982322611,24.5104480028654,24.6087920833666,24.6139654618445,24.7380479408253,24.7380479408253,24.7070414568379,24.7432147730614,24.6708553211965,24.6191385780148,24.6346563530609,24.4949113154483,24.4534685658236,24.525982322611,24.7122098579989,24.7432147730614,24.7432147730614,24.7380479408253,24.836173098535,24.836173098535,24.8103598227198,24.8929393729232,24.8826205758957,24.7793752829217,24.8516579356668,24.8206859153626,24.86197985757,24.8103598227198,24.8568190268782,24.8155229994525,24.8103598227198,24.7380479408253,24.7380479408253,24.7380479408253,24.8000326866343,24.8310109648659,24.7690450146872,24.7535476535085,24.7948687272058,24.8051963851263,24.7948687272058,24.8000326866343,24.954830304227,24.8206859153626,24.7587137017957,24.8155229994525,24.8568190268782,24.836173098535,24.9238895190908,24.7587137017957,24.7173779975772,24.7638794888426,24.7122098579989,24.8258485704877,24.7742102793675,24.7638794888426,24.7535476535085,24.7380479408253,24.7742102793675,24.836173098535,24.8051963851263,24.8413349715329,24.918731811688,24.9032571289301,24.9599861922213,24.8413349715329,24.8877801045559,24.9238895190908,24.8774607869049,24.9084156166453,24.7845400253874,24.9084156166453,24.9702971889533,25.1968768433364,25.2225928617629,25.4383533655169,25.3870229273887,25.4126913524992,25.4075581805922,25.4486163763711,25.3818884725093,25.4434849990752,25.4486163763711,25.464008971053,25.4486163763711,25.4434849990752,25.4845288451903,25.3716187925976,25.3767537609245,25.3664835674914,25.2894243522202,25.4024247521646,25.3562123467933
24.1473061847397,24.3082860095273,24.3446010620456,24.5156263724707,24.3497878691456,24.2252314710217,24.2875287310348,24.4638308334468,24.4949113154483,24.4586498313649,24.4120089523324,24.4431052442089,24.4327408682945,24.3705324552306,24.4586498313649,24.3757179413665,24.4638308334468,24.5104480028654,24.5518675968447,24.5725710861868,24.7070414568379,24.7018727940562,24.7070414568379,24.7018727940562,24.6553430497988,24.4741920473867,24.588095945611,24.593270373703,24.6501717687129,24.5829212550199,24.5104480028654,24.5052693701856,24.3705324552306,24.4586498313649,24.3860881214467,24.16809210295,24.0745219654683,24.4068253139224,24.3809031634257,24.2511932998677,24.2875287310348,24.5415142757223,24.8206859153626,24.8155229994525,24.8413349715329,24.8206859153626,24.7793752829217,24.6450002255868,24.6294840235847,24.593270373703,24.5777463018912,24.6967038696157,24.5518675968447,24.6243114319154,24.6863652356057,24.68119552596,24.8464965838976,24.7587137017957,24.6708553211965,24.5725710861868,24.7587137017957,24.8826205758957,24.7845400253874,24.7638794888426,24.7742102793675,24.7845400253874,24.8051963851263,24.7948687272058,24.7432147730614,24.68119552596,24.6553430497988,24.6915346834782,24.6863652356057,24.7432147730614,24.8155229994525,24.7587137017957,24.7432147730614,24.8310109648659,24.8155229994525,24.8051963851263,24.7070414568379,24.7535476535085,24.6553430497988,24.598444539334,24.6191385780148,24.6139654618445,24.7432147730614,24.7173779975772,24.7690450146872,24.8516579356668,24.6450002255868,24.7483813439431,24.8671404277798,24.7432147730614,24.6708553211965,24.8155229994525,24.7690450146872,24.7483813439431,24.7483813439431,24.8516579356668,24.8051963851263,24.7483813439431,24.6863652356057,24.5725710861868,24.7277134921382,24.7018727940562,24.7122098579989,24.7122098579989,24.8206859153626,24.7793752829217,24.7380479408253,24.6346563530609,24.7432147730614,24.9032571289301,24.8568190268782,24.8413349715329,24.8568190268782,24.8929393729232,24.8516579356668,24.9032571289301,24.9754522977662,24.8103598227198,24.8464965838976,24.7535476535085,24.7587137017957,24.8000326866343,24.7793752829217,24.7897045068028,24.8877801045559,24.86197985757,24.8464965838976,24.86197985757,24.8413349715329,24.7948687272058,24.86197985757,24.8516579356668,24.7535476535085,24.8258485704877,24.8310109648659,24.8877801045559,24.7897045068028,24.7948687272058,24.7948687272058,24.7173779975772,24.6346563530609,24.7070414568379,24.6191385780148,24.6191385780148,24.598444539334,24.6191385780148,24.7432147730614,24.7122098579989,24.68119552596,24.7432147730614,24.7535476535085,24.7845400253874,24.6398284203822,24.6553430497988,24.6398284203822,24.4845522079513,24.5415142757223,24.4845522079513,24.7483813439431,24.8000326866343,24.9032571289301,24.9135738442187,24.8980983810354,24.9238895190908,24.8826205758957,24.8568190268782,24.8568190268782,24.8103598227198,24.7845400253874,24.8826205758957,24.836173098535,24.8310109648659,24.7690450146872,24.7793752829217,24.8826205758957,24.7380479408253,24.7277134921382,24.7225458756109,24.7277134921382,24.7225458756109,24.836173098535,24.8258485704877,24.8103598227198,24.7845400253874,24.8774607869049,24.7793752829217,24.8258485704877,24.7690450146872,24.7483813439431,24.7483813439431,24.7122098579989,24.6967038696157,24.7638794888426,24.7173779975772,24.8258485704877,24.8258485704877,24.7690450146872,24.8258485704877,24.836173098535,24.7483813439431,24.7277134921382,24.8464965838976,24.8671404277798,24.8310109648659,24.954830304227,24.9806071469274,24.9496741564303,24.9651418204509,24.8980983810354,24.918731811688,24.8929393729232,24.918731811688,24.9032571289301,24.9342041538485,24.918731811688,25.0063774992726,25.1865886299367,25.4126913524992,25.4486163763711,25.3716187925976,25.4024247521646,25.4075581805922,25.464008971053,25.4434849990752,25.4280893294658,25.3921571255997,25.4075581805922,25.3972910671794,25.3562123467933,25.3870229273887,25.4434849990752,25.3099791333095,25.4024247521646,25.3459400985342,25.3151171854302,25.4229569268991
24.1836787523513,24.4690115721079,24.5208044790397,24.4275582848784,24.4016414116675,24.2304243670388,24.235616997893,24.2563848704595,24.417192326936,24.3912728154683,24.5622198668973,24.3705324552306,24.3912728154683,24.3757179413665,24.4068253139224,24.4275582848784,24.4016414116675,24.1888737710728,24.5518675968447,24.5673956078683,24.5725710861868,24.7328808471969,24.7793752829217,24.6760255545029,24.7380479408253,24.417192326936,24.5208044790397,24.6243114319154,24.6294840235847,24.598444539334,24.5000904743927,24.5673956078683,24.3860881214467,24.4690115721079,24.3912728154683,24.1265160139431,24.1317139554589,24.3186630611374,24.3290390547373,24.2096511916044,24.3601606905737,24.3290390547373,24.7948687272058,24.6656848260024,24.6450002255868,24.8671404277798,24.7793752829217,24.6863652356057,24.7587137017957,24.6967038696157,24.6708553211965,24.5570438632356,24.5777463018912,24.6243114319154,24.6036184425424,24.7432147730614,24.6863652356057,24.7535476535085,24.6087920833666,24.6243114319154,24.6708553211965,24.7587137017957,24.7380479408253,24.7535476535085,24.7897045068028,24.7897045068028,24.7122098579989,24.8155229994525,24.7070414568379,24.7638794888426,24.6501717687129,24.7070414568379,24.8000326866343,24.7897045068028,24.9135738442187,24.7225458756109,24.7742102793675,24.9496741564303,24.8103598227198,24.8103598227198,24.6863652356057,24.7535476535085,24.593270373703,24.6294840235847,24.593270373703,24.6863652356057,24.7380479408253,24.6605140688826,24.8464965838976,24.7742102793675,24.7380479408253,24.8413349715329,24.7432147730614,24.8051963851263,24.7535476535085,24.7535476535085,24.7742102793675,24.6863652356057,24.8516579356668,24.7380479408253,24.7845400253874,24.598444539334,24.5622198668973,24.5622198668973,24.7122098579989,24.7742102793675,24.7122098579989,24.6863652356057,24.7587137017957,24.6915346834782,24.7122098579989,24.6346563530609,24.6915346834782,24.9032571289301,25.0063774992726,24.8774607869049,24.86197985757,24.8980983810354,24.8568190268782,24.9342041538485,24.9084156166453,24.8723007375455,24.7845400253874,24.6863652356057,24.6863652356057,24.836173098535,24.8310109648659,24.8206859153626,24.9496741564303,24.8413349715329,24.8516579356668,24.9238895190908,24.8464965838976,24.8464965838976,24.8413349715329,24.8516579356668,24.8723007375455,24.8568190268782,24.8051963851263,24.7948687272058,24.8464965838976,24.8774607869049,24.8103598227198,24.7122098579989,24.7122098579989,24.6967038696157,24.6087920833666,24.598444539334,24.5415142757223,24.5363372209139,24.7225458756109,24.6605140688826,24.5466910676864,24.5466910676864,24.6346563530609,24.6450002255868,24.6036184425424,24.6036184425424,24.5725710861868,24.598444539334,24.5518675968447,24.6087920833666,24.7380479408253,24.8671404277798,24.8258485704877,24.8826205758957,24.7587137017957,24.8516579356668,24.8516579356668,24.8310109648659,24.8206859153626,24.8671404277798,24.836173098535,24.8103598227198,24.8671404277798,24.8310109648659,24.8723007375455,24.8723007375455,24.7638794888426,24.7380479408253,24.6501717687129,24.6294840235847,24.7432147730614,24.7742102793675,24.7742102793675,24.7328808471969,24.7742102793675,24.7742102793675,24.7690450146872,24.8723007375455,24.7638794888426,24.7690450146872,24.7587137017957,24.7432147730614,24.6863652356057,24.7638794888426,24.7690450146872,24.6760255545029,24.6656848260024,24.7897045068028,24.8206859153626,24.8258485704877,24.8155229994525,24.7535476535085,24.7328808471969,24.7483813439431,24.7535476535085,24.7380479408253,24.9135738442187,24.9806071469274,24.9806071469274,24.954830304227,24.9702971889533,24.8464965838976,24.8929393729232,24.9238895190908,24.9290469664651,24.9290469664651,25.0012239478063,25.1608635787557,25.3305297988212,25.3459400985342,25.494787246305,25.3870229273887,25.3613480855689,25.5050446238429,25.4075581805922,25.4486163763711,25.4845288451903,25.4383533655169,25.3305297988212,25.4332214756594,25.4434849990752,25.4229569268991,25.4383533655169,25.4178242679226,25.4434849990752,25.3818884725093,25.4280893294658,25.4178242679226
24.4845522079513,24.5363372209139,24.5208044790397,24.7018727940562,24.6036184425424,24.4275582848784,24.3860881214467,24.3290390547373,24.4275582848784,24.417192326936,24.5466910676864,24.593270373703,24.4638308334468,24.4845522079513,24.3601606905737,24.3653467049792,24.2408093636233,24.032907552491,24.3342266548802,24.5622198668973,24.5777463018912,24.7793752829217,24.7587137017957,24.7742102793675,24.5052693701856,24.6036184425424,24.588095945611,24.6191385780148,24.6243114319154,24.6346563530609,24.525982322611,24.598444539334,24.4016414116675,24.4845522079513,24.417192326936,24.19406852432,24.1888737710728,24.5000904743927,24.4897318933139,24.5673956078683,24.5725710861868,24.4793722593216,24.5622198668973,24.4793722593216,24.5000904743927,24.8723007375455,24.7535476535085,24.7793752829217,24.6967038696157,24.7173779975772,24.6656848260024,24.6863652356057,24.6191385780148,24.5725710861868,24.6191385780148,24.5156263724707,24.6760255545029,24.8000326866343,24.7018727940562,24.7380479408253,24.6863652356057,24.7742102793675,24.8051963851263,24.7793752829217,24.7173779975772,24.6863652356057,24.7380479408253,24.7483813439431,24.7587137017957,24.7897045068028,24.7535476535085,24.5570438632356,24.8206859153626,24.7948687272058,24.8000326866343,24.7535476535085,24.7483813439431,24.8103598227198,24.9445177487934,24.7638794888426,24.6087920833666,24.7535476535085,24.7483813439431,24.7638794888426,24.7277134921382,24.7432147730614,24.7018727940562,24.9909160664447,24.7742102793675,24.7535476535085,24.7432147730614,24.9342041538485,24.7638794888426,24.7587137017957,24.7535476535085,24.7070414568379,24.6450002255868,24.7845400253874,24.8413349715329,24.8310109648659,24.6450002255868,24.598444539334,24.5466910676864,24.5570438632356,24.7018727940562,24.7638794888426,24.7225458756109,24.7587137017957,24.6450002255868,24.6346563530609,24.6915346834782,24.6863652356057,24.7122098579989,24.8877801045559,24.9960701368761,25.0063774992726,24.8826205758957,24.8516579356668,24.8877801045559,24.8877801045559,24.8051963851263,24.7897045068028,24.7742102793675,24.7690450146872,24.7845400253874,24.8206859153626,24.8258485704877,24.8051963851263,24.8723007375455,24.8206859153626,24.8464965838976,24.7638794888426,24.8464965838976,24.8516579356668,24.8568190268782,24.8464965838976,24.7690450146872,24.8516579356668,24.8671404277798,24.8413349715329,24.8051963851263,24.8774607869049,24.8258485704877,24.7173779975772,24.7070414568379,24.7173779975772,24.6863652356057,24.7277134921382,24.6036184425424,24.5725710861868,24.7483813439431,24.7070414568379,24.7018727940562,24.6243114319154,24.6553430497988,24.6450002255868,24.6294840235847,24.6605140688826,24.7277134921382,24.6398284203822,24.598444539334,24.5518675968447,24.7432147730614,24.8103598227198,24.9135738442187,24.8568190268782,24.7897045068028,24.8206859153626,24.8516579356668,24.7742102793675,24.836173098535,24.8413349715329,24.8671404277798,24.8103598227198,24.8464965838976,24.8000326866343,24.9084156166453,24.8516579356668,24.8155229994525,24.7845400253874,24.7587137017957,24.7328808471969,24.7432147730614,24.6191385780148,24.7483813439431,24.7690450146872,24.7690450146872,24.6967038696157,24.7638794888426,24.8103598227198,24.7793752829217,24.7742102793675,24.7432147730614,24.8103598227198,24.7018727940562,24.6656848260024,24.7587137017957,24.7225458756109,24.8155229994525,24.7535476535085,24.8155229994525,24.7535476535085,24.8103598227198,24.8206859153626,24.8310109648659,24.9702971889533,24.7070414568379,24.7587137017957,24.9599861922213,24.954830304227,24.9806071469274,24.954830304227,24.9702971889533,24.9496741564303,24.8155229994525,24.9084156166453,24.9599861922213,25.0269891112523,25.0166838239645,25.0372933614365,25.1454254487159,25.3459400985342,25.4024247521646,25.5153009780981,25.4896581737131,25.4486163763711,25.2945634334578,25.3870229273887,25.4434849990752,25.4280893294658,25.4383533655169,25.3510763511273,25.4486163763711,25.4383533655169,25.4229569268991,25.4126913524992,25.4024247521646,25.4280893294658,25.4075581805922,25.4024247521646
24.2304243670388,24.5570438632356,24.6294840235847,24.5673956078683,24.417192326936,24.3186630611374,24.2719579925803,24.0745219654683,24.4275582848784,24.5466910676864,24.4638308334468,24.525982322611,24.5000904743927,24.3446010620456,24.1421090408181,24.3549744119754,24.1784834681163,23.9808655355738,24.4068253139224,24.6243114319154,24.7742102793675,24.7587137017957,24.7690450146872,24.7587137017957,24.6243114319154,24.6294840235847,24.6450002255868,24.5622198668973,24.5000904743927,24.5415142757223,24.5208044790397,24.5052693701856,24.3705324552306,24.3860881214467,24.3912728154683,24.3342266548802,24.4223754377718,24.4845522079513,24.6656848260024,24.6346563530609,24.5415142757223,24.5104480028654,24.4741920473867,24.4431052442089,24.3186630611374,24.5673956078683,24.8051963851263,24.7535476535085,24.6967038696157,24.6760255545029,24.7793752829217,24.8155229994525,24.7173779975772,24.6139654618445,24.3912728154683,24.68119552596,24.7173779975772,24.68119552596,24.6708553211965,24.7122098579989,24.6967038696157,24.7690450146872,24.7173779975772,24.6915346834782,24.7225458756109,24.8155229994525,24.7897045068028,24.8000326866343,24.8051963851263,24.7638794888426,24.6656848260024,24.6087920833666,24.6398284203822,24.8723007375455,24.8000326866343,24.7845400253874,24.6656848260024,24.7948687272058,24.6191385780148,24.6605140688826,24.6346563530609,24.6967038696157,24.6294840235847,24.588095945611,24.7225458756109,24.7173779975772,24.7070414568379,24.8103598227198,24.7587137017957,24.6760255545029,24.7173779975772,24.8051963851263,24.7793752829217,24.7122098579989,24.7845400253874,24.7793752829217,24.6863652356057,24.8103598227198,24.6346563530609,24.5052693701856,24.6087920833666,24.7225458756109,24.5622198668973,24.5570438632356,24.7018727940562,24.7690450146872,24.7122098579989,24.7380479408253,24.6760255545029,24.68119552596,24.7277134921382,24.6501717687129,24.7483813439431,24.7845400253874,24.8877801045559,24.8826205758957,24.7328808471969,24.8877801045559,24.9496741564303,24.8877801045559,24.7587137017957,24.7535476535085,24.836173098535,24.8980983810354,24.7845400253874,24.7948687272058,24.7793752829217,24.9084156166453,24.918731811688,24.8877801045559,24.8929393729232,24.7793752829217,24.836173098535,24.6760255545029,24.7483813439431,24.8310109648659,24.7018727940562,24.7277134921382,24.7690450146872,24.7845400253874,24.836173098535,24.8516579356668,24.8516579356668,24.8258485704877,24.7173779975772,24.7070414568379,24.5673956078683,24.6398284203822,24.6656848260024,24.6967038696157,24.7948687272058,24.7380479408253,24.7328808471969,24.6191385780148,24.6139654618445,24.6294840235847,24.6294840235847,24.7122098579989,24.7225458756109,24.6139654618445,24.5466910676864,24.5518675968447,24.68119552596,24.7690450146872,24.8103598227198,24.9084156166453,24.8929393729232,24.8568190268782,24.918731811688,24.9084156166453,24.836173098535,24.8103598227198,24.8568190268782,24.8980983810354,24.8258485704877,24.8413349715329,24.7793752829217,24.6656848260024,24.7173779975772,24.7328808471969,24.7638794888426,24.6915346834782,24.7793752829217,24.6346563530609,24.7277134921382,24.7328808471969,24.7638794888426,24.7897045068028,24.7380479408253,24.7277134921382,24.7587137017957,24.7380479408253,24.7432147730614,24.7535476535085,24.7638794888426,24.7638794888426,24.7638794888426,24.8051963851263,24.6553430497988,24.7587137017957,24.7742102793675,24.8103598227198,24.8000326866343,24.8103598227198,24.6398284203822,24.7277134921382,24.7587137017957,24.8723007375455,24.954830304227,24.9496741564303,24.9342041538485,24.9393610812787,24.9084156166453,24.9290469664651,24.9135738442187,24.9393610812787,24.8929393729232,24.9084156166453,24.954830304227,24.9857617364743,25.0218365972651,25.2842850136107,25.3921571255997,25.4024247521646,25.494787246305,25.325392518149,25.3048408239653,25.4126913524992,25.2945634334578,25.3972910671794,25.4332214756594,25.3459400985342,25.3818884725093,25.3099791333095,25.4383533655169,25.3870229273887,25.4332214756594,25.3972910671794,25.4537474974415,25.4332214756594
24.4016414116675,24.4068253139224,24.5829212550199,24.4223754377718,24.598444539334,24.3030970868713,24.220038309803,24.2044572345467,24.5466910676864,24.6294840235847,24.5156263724707,24.5466910676864,24.5725710861868,24.2771485035319,24.0381102869696,24.220038309803,24.017297749009,24.1732879183289,24.1732879183289,24.6139654618445,24.6346563530609,24.7638794888426,24.6191385780148,24.6191385780148,24.6243114319154,24.7225458756109,24.6915346834782,24.5363372209139,24.3705324552306,24.3705324552306,24.3238511901693,24.4741920473867,24.4897318933139,24.417192326936,24.4275582848784,24.3705324552306,24.4741920473867,24.5363372209139,24.7173779975772,24.6398284203822,24.6760255545029,24.4482870367845,24.5622198668973,24.4741920473867,24.4431052442089,24.5104480028654,24.7380479408253,24.6036184425424,24.5415142757223,24.6450002255868,24.6967038696157,24.68119552596,24.68119552596,24.5000904743927,24.5311599032229,24.598444539334,24.7122098579989,24.7638794888426,24.6760255545029,24.8000326866343,24.7897045068028,24.7793752829217,24.7793752829217,24.6967038696157,24.7225458756109,24.6760255545029,24.6656848260024,24.6967038696157,24.8310109648659,24.7948687272058,24.8155229994525,24.6553430497988,24.8516579356668,24.7845400253874,24.7897045068028,24.6915346834782,24.5777463018912,24.8051963851263,24.6294840235847,24.6967038696157,24.6967038696157,24.7483813439431,24.7122098579989,24.5777463018912,24.7225458756109,24.6191385780148,24.7070414568379,24.7587137017957,24.6760255545029,24.7225458756109,24.7380479408253,24.68119552596,24.7948687272058,24.7638794888426,24.7897045068028,24.7793752829217,24.7638794888426,24.6243114319154,24.6346563530609,24.6346563530609,24.6294840235847,24.5052693701856,24.7328808471969,24.7483813439431,24.7328808471969,24.7845400253874,24.8929393729232,24.8051963851263,24.7173779975772,24.6967038696157,24.7897045068028,24.7225458756109,24.836173098535,24.8000326866343,24.8155229994525,24.8929393729232,24.8929393729232,24.8774607869049,24.8877801045559,24.918731811688,24.8723007375455,24.7638794888426,24.8774607869049,24.7535476535085,24.8310109648659,24.836173098535,24.8258485704877,24.9857617364743,24.9032571289301,24.8980983810354,24.8671404277798,24.9238895190908,24.7897045068028,24.8051963851263,24.8568190268782,24.8155229994525,24.7277134921382,24.7122098579989,24.8051963851263,24.8877801045559,24.9084156166453,24.86197985757,24.8413349715329,24.8103598227198,24.7173779975772,24.7173779975772,24.6708553211965,24.5622198668973,24.5570438632356,24.6760255545029,24.7690450146872,24.7793752829217,24.7225458756109,24.6708553211965,24.6346563530609,24.6036184425424,24.5829212550199,24.4741920473867,24.7328808471969,24.6346563530609,24.7173779975772,24.7432147730614,24.8206859153626,24.8929393729232,24.8774607869049,24.8155229994525,24.9445177487934,24.918731811688,24.9290469664651,24.8516579356668,24.9290469664651,24.8258485704877,24.9238895190908,24.9032571289301,24.9135738442187,24.9084156166453,24.8155229994525,24.86197985757,24.86197985757,24.7742102793675,24.7897045068028,24.8826205758957,24.9599861922213,24.836173098535,24.7535476535085,24.7793752829217,24.8464965838976,24.7845400253874,24.7432147730614,24.8413349715329,24.7432147730614,24.7742102793675,24.7793752829217,24.7380479408253,24.8155229994525,24.8516579356668,24.7535476535085,24.7948687272058,24.86197985757,24.8413349715329,24.7897045068028,24.7070414568379,24.8155229994525,24.8000326866343,24.7948687272058,24.7845400253874,24.8516579356668,24.954830304227,24.9290469664651,24.9290469664651,24.9806071469274,25.0218365972651,24.9806071469274,24.9651418204509,24.9084156166453,25.0269891112523,25.0218365972651,25.0012239478063,25.0012239478063,24.9806071469274,25.0424450977087,25.1454254487159,25.2894243522202,25.3972910671794,25.5153009780981,25.3921571255997,25.4024247521646,25.5204287715866,25.4486163763711,25.4486163763711,25.4280893294658,25.4486163763711,25.4383533655169,25.3972910671794,25.4691393236678,25.3716187925976,25.3870229273887,25.4024247521646,25.4229569268991,25.4332214756594
24.4793722593216,24.4275582848784,24.5673956078683,24.6553430497988,24.4586498313649,24.4690115721079,24.2875287310348,24.2979078995965,24.4223754377718,24.5518675968447,24.5104480028654,24.417192326936,24.3497878691456,24.3394139906367,24.2148448833435,24.3705324552306,24.2719579925803,24.1317139554589,24.1992630121316,24.5311599032229,24.6243114319154,24.6915346834782,24.5570438632356,24.5466910676864,24.6036184425424,24.836173098535,24.6501717687129,24.4949113154483,24.3809031634257,24.3705324552306,24.2875287310348,24.4586498313649,24.5208044790397,24.4223754377718,24.5415142757223,24.4068253139224,24.4949113154483,24.4586498313649,24.7432147730614,24.5415142757223,24.6191385780148,24.4690115721079,24.5415142757223,24.525982322611,24.4638308334468,24.5673956078683,24.6294840235847,24.4534685658236,24.5156263724707,24.525982322611,24.5829212550199,24.6294840235847,24.6243114319154,24.6243114319154,24.6450002255868,24.7328808471969,24.7948687272058,24.8671404277798,24.8464965838976,24.8206859153626,24.8671404277798,24.8310109648659,24.8155229994525,24.8155229994525,24.7122098579989,24.6656848260024,24.7690450146872,24.8413349715329,24.8310109648659,24.8980983810354,24.8929393729232,24.6501717687129,24.8568190268782,24.9032571289301,24.68119552596,24.6863652356057,24.6708553211965,24.7122098579989,24.5622198668973,24.598444539334,24.6450002255868,24.6501717687129,24.7277134921382,24.6294840235847,24.7018727940562,24.6139654618445,24.7328808471969,24.7638794888426,24.8310109648659,24.7070414568379,24.7690450146872,24.68119552596,24.7070414568379,24.7070414568379,24.8258485704877,24.6294840235847,24.6036184425424,24.6294840235847,24.5156263724707,24.5208044790397,24.5156263724707,24.8413349715329,24.86197985757,24.8671404277798,24.86197985757,24.8723007375455,24.7432147730614,24.5725710861868,24.7483813439431,24.7587137017957,24.7948687272058,24.8516579356668,24.7432147730614,24.7638794888426,24.8310109648659,24.8774607869049,24.8929393729232,25.0269891112523,24.9032571289301,24.9290469664651,24.8671404277798,24.8413349715329,24.8464965838976,24.7277134921382,24.8000326866343,24.8723007375455,24.8929393729232,24.8516579356668,24.8051963851263,24.8103598227198,24.8877801045559,24.8568190268782,24.8929393729232,24.8413349715329,24.8413349715329,24.7897045068028,24.7897045068028,24.7690450146872,24.8000326866343,24.7793752829217,24.8568190268782,24.8774607869049,24.8413349715329,24.7483813439431,24.7638794888426,24.598444539334,24.5156263724707,24.5208044790397,24.5415142757223,24.6863652356057,24.7690450146872,24.7070414568379,24.7638794888426,24.6087920833666,24.7535476535085,24.5673956078683,24.4741920473867,24.6087920833666,24.6708553211965,24.6501717687129,24.6760255545029,24.8000326866343,24.8103598227198,24.9135738442187,24.8206859153626,24.9032571289301,24.8206859153626,24.8980983810354,24.9032571289301,24.918731811688,24.8723007375455,24.8568190268782,24.918731811688,24.8929393729232,24.9135738442187,24.8826205758957,24.8774607869049,24.8516579356668,24.7948687272058,24.8155229994525,24.8516579356668,24.8000326866343,24.8000326866343,24.918731811688,24.7587137017957,24.7483813439431,24.8000326866343,24.7793752829217,24.7742102793675,24.8310109648659,24.8000326866343,24.7948687272058,24.7897045068028,24.7483813439431,24.7638794888426,24.7948687272058,24.7690450146872,24.7897045068028,24.7328808471969,24.8413349715329,24.7638794888426,24.7845400253874,24.7432147730614,24.7793752829217,24.7122098579989,24.7638794888426,24.86197985757,24.8516579356668,24.9496741564303,25.0578987516956,24.9496741564303,25.0424450977087,25.0269891112523,24.918731811688,25.0012239478063,24.8723007375455,24.9857617364743,24.9599861922213,24.9032571289301,25.0424450977087,24.9084156166453,25.0475965748176,25.1762993840732,25.325392518149,25.494787246305,25.4999160630027,25.5050446238429,25.3716187925976,25.4537474974415,25.3613480855689,25.3664835674914,25.4024247521646,25.4588783623232,25.4793992606996,25.3921571255997,25.3921571255997,25.3562123467933,25.3767537609245,25.3870229273887,25.4537474974415
24.5104480028654,24.4690115721079,24.4379231880585,24.3394139906367,24.4741920473867,24.3601606905737,24.235616997893,24.396457245529,24.3860881214467,24.4327408682945,24.5311599032229,24.3394139906367,24.1005223164376,24.0745219654683,24.3290390547373,24.3446010620456,24.235616997893,24.1161193330435,24.396457245529,24.6191385780148,24.6501717687129,24.6139654618445,24.5777463018912,24.588095945611,24.4949113154483,24.5000904743927,24.4638308334468,24.4223754377718,24.396457245529,24.3030970868713,24.2875287310348,24.4586498313649,24.4379231880585,24.5673956078683,24.417192326936,24.2979078995965,24.4379231880585,24.4793722593216,24.8000326866343,24.4741920473867,24.6346563530609,24.6036184425424,24.5673956078683,24.5156263724707,24.4534685658236,24.5311599032229,24.5363372209139,24.3912728154683,24.3757179413665,24.4586498313649,24.6501717687129,24.6191385780148,24.6553430497988,24.6294840235847,24.6967038696157,24.6553430497988,24.6656848260024,24.7173779975772,24.7690450146872,24.86197985757,24.8258485704877,24.86197985757,24.8464965838976,24.8568190268782,24.7690450146872,24.8516579356668,24.8516579356668,24.8051963851263,24.8464965838976,24.8206859153626,24.8206859153626,24.8877801045559,24.7122098579989,24.7897045068028,24.6760255545029,24.7742102793675,24.6656848260024,24.588095945611,24.5000904743927,24.5673956078683,24.6605140688826,24.6553430497988,24.4638308334468,24.6967038696157,24.7225458756109,24.86197985757,24.7277134921382,24.6915346834782,24.6967038696157,24.8310109648659,24.6398284203822,24.6708553211965,24.8155229994525,24.6346563530609,24.8206859153626,24.6191385780148,24.6760255545029,24.6915346834782,24.6191385780148,24.5104480028654,24.5104480028654,24.8568190268782,24.8310109648659,24.86197985757,24.7277134921382,24.8568190268782,24.6967038696157,24.8516579356668,24.836173098535,24.8723007375455,24.9032571289301,24.8206859153626,24.8258485704877,24.8206859153626,24.8155229994525,24.8206859153626,24.9754522977662,24.8464965838976,24.8155229994525,24.836173098535,24.8877801045559,24.86197985757,24.8000326866343,24.8464965838976,24.7432147730614,24.8103598227198,24.8671404277798,24.9238895190908,24.9754522977662,25.0733500742259,24.8310109648659,24.9084156166453,24.8568190268782,24.8568190268782,24.86197985757,24.7535476535085,24.8103598227198,24.8155229994525,24.8568190268782,24.9290469664651,24.7793752829217,24.7793752829217,24.7122098579989,24.7122098579989,24.7122098579989,24.6605140688826,24.5725710861868,24.417192326936,24.6915346834782,24.5518675968447,24.7070414568379,24.7690450146872,24.7122098579989,24.6294840235847,24.7380479408253,24.593270373703,24.7277134921382,24.6501717687129,24.7173779975772,24.6294840235847,24.6243114319154,24.6656848260024,24.8516579356668,24.7948687272058,24.8568190268782,24.8103598227198,24.8051963851263,24.8155229994525,24.8568190268782,24.9032571289301,24.8516579356668,24.8826205758957,24.8774607869049,24.8826205758957,24.8103598227198,24.9238895190908,24.8671404277798,24.8413349715329,24.8258485704877,24.8671404277798,24.8877801045559,24.7948687272058,24.8000326866343,24.8206859153626,24.7793752829217,24.8000326866343,24.8310109648659,24.7742102793675,24.7690450146872,24.7638794888426,24.7122098579989,24.9238895190908,24.7587137017957,24.7225458756109,24.7122098579989,24.7690450146872,24.7535476535085,24.7380479408253,24.8310109648659,24.7948687272058,24.7948687272058,24.8929393729232,24.8000326866343,24.8826205758957,24.7793752829217,24.8155229994525,24.8516579356668,24.9084156166453,24.9651418204509,24.9857617364743,24.954830304227,24.9960701368761,25.0424450977087,25.0372933614365,25.0166838239645,24.9857617364743,24.954830304227,24.8980983810354,25.0836496611589,24.9702971889533,25.0578987516956,25.0063774992726,25.1660091054476,25.3151171854302,25.3921571255997,25.3870229273887,25.3818884725093,25.4845288451903,25.3972910671794,25.3664835674914,25.4588783623232,25.3510763511273,25.3613480855689,25.3870229273887,25.3099791333095,25.4896581737131,25.3818884725093,25.2688654531791,25.4486163763711,25.4178242679226
24.6863652356057,24.4482870367845,24.5829212550199,24.6036184425424,24.588095945611,24.5829212550199,24.2719579925803,24.3497878691456,24.4327408682945,24.4949113154483,24.3497878691456,24.0016855446331,23.6941560476277,23.9808655355738,24.220038309803,24.2408093636233,24.3809031634257,24.2511932998677,24.3912728154683,24.6501717687129,24.6501717687129,24.6605140688826,24.6346563530609,24.6915346834782,24.4741920473867,24.6087920833666,24.4690115721079,24.5052693701856,24.4793722593216,24.2875287310348,24.4223754377718,24.4482870367845,24.5363372209139,24.4534685658236,24.2304243670388,24.417192326936,24.5829212550199,24.8000326866343,24.8051963851263,24.7122098579989,24.6915346834782,24.7070414568379,24.6863652356057,24.7225458756109,24.6087920833666,24.5570438632356,24.5622198668973,24.588095945611,24.5000904743927,24.4845522079513,24.5000904743927,24.6294840235847,24.6243114319154,24.5208044790397,24.7018727940562,24.6863652356057,24.7070414568379,24.7122098579989,24.8258485704877,24.8671404277798,24.8671404277798,24.8568190268782,24.8516579356668,24.8464965838976,24.8568190268782,24.7793752829217,24.8723007375455,24.9238895190908,24.8877801045559,24.918731811688,24.8568190268782,24.8826205758957,24.6760255545029,24.7690450146872,24.8103598227198,24.7742102793675,24.6915346834782,24.5622198668973,24.5725710861868,24.6863652356057,24.6553430497988,24.6656848260024,24.7638794888426,24.7690450146872,24.588095945611,24.7122098579989,24.7328808471969,24.7225458756109,24.7173779975772,24.7535476535085,24.6863652356057,24.7380479408253,24.8206859153626,24.8310109648659,24.7587137017957,24.6191385780148,24.8103598227198,24.8103598227198,24.7328808471969,24.5208044790397,24.6243114319154,24.6243114319154,24.954830304227,24.8516579356668,24.8155229994525,24.7793752829217,24.6656848260024,24.7793752829217,24.954830304227,25.0321413659635,25.0475965748176,24.9393610812787,24.9702971889533,24.9238895190908,24.9342041538485,24.9084156166453,24.8826205758957,24.7483813439431,24.918731811688,24.8671404277798,24.9135738442187,24.8000326866343,24.8516579356668,24.8516579356668,24.7845400253874,24.8103598227198,24.8774607869049,24.8774607869049,24.9135738442187,24.9238895190908,24.9342041538485,24.9238895190908,24.8980983810354,24.8568190268782,24.7845400253874,24.7948687272058,24.8000326866343,24.8774607869049,24.9084156166453,24.7587137017957,24.8464965838976,24.8723007375455,24.7897045068028,24.7897045068028,24.6967038696157,24.6036184425424,24.5311599032229,24.5570438632356,24.6346563530609,24.525982322611,24.7173779975772,24.7018727940562,24.7432147730614,24.7535476535085,24.7277134921382,24.7173779975772,24.7483813439431,24.8103598227198,24.836173098535,24.7328808471969,24.6760255545029,24.7638794888426,24.8051963851263,24.9599861922213,24.9135738442187,24.8000326866343,24.8929393729232,24.8774607869049,24.8774607869049,24.8877801045559,24.8671404277798,24.8568190268782,24.9084156166453,24.86197985757,24.9135738442187,24.8929393729232,24.8000326866343,24.8464965838976,24.8051963851263,24.8103598227198,24.9135738442187,24.8774607869049,24.8000326866343,24.8258485704877,24.7948687272058,24.7742102793675,24.8051963851263,24.7793752829217,24.8413349715329,24.7483813439431,24.7742102793675,24.7380479408253,24.7173779975772,24.8051963851263,24.7018727940562,24.8103598227198,24.7948687272058,24.7845400253874,24.8464965838976,24.8464965838976,24.7173779975772,24.8774607869049,24.8206859153626,24.7793752829217,24.8206859153626,24.8258485704877,24.7328808471969,24.9702971889533,24.9754522977662,24.9702971889533,25.0218365972651,25.0166838239645,24.9393610812787,25.0321413659635,25.0424450977087,25.0784999971428,24.9909160664447,24.918731811688,24.918731811688,24.9702971889533,24.9238895190908,24.9702971889533,25.1711543738743,25.3151171854302,25.3921571255997,25.3716187925976,25.5255563093646,25.5358106179362,25.3767537609245,25.4486163763711,25.3613480855689,25.464008971053,25.4742694202044,25.4383533655169,25.4742694202044,25.4332214756594,25.3972910671794,25.3664835674914,25.3818884725093,25.4178242679226
24.588095945611,24.525982322611,24.5208044790397,24.5208044790397,24.5622198668973,24.4482870367845,24.3601606905737,24.3497878691456,24.4379231880585,24.3238511901693,24.032907552491,23.8819121009899,23.9964809427924,24.0016855446331,24.2252314710217,24.3497878691456,24.3757179413665,24.2927184476639,24.5777463018912,24.6605140688826,24.6243114319154,24.6605140688826,24.6553430497988,24.6294840235847,24.4741920473867,24.4741920473867,24.4949113154483,24.4638308334468,24.4690115721079,24.3705324552306,24.417192326936,24.3653467049792,24.5208044790397,24.4120089523324,24.2252314710217,24.3705324552306,24.7070414568379,24.7948687272058,24.7173779975772,24.7328808471969,24.7173779975772,24.6605140688826,24.593270373703,24.6967038696157,24.588095945611,24.5363372209139,24.4638308334468,24.4379231880585,24.3912728154683,24.5104480028654,24.593270373703,24.6036184425424,24.6139654618445,24.6501717687129,24.6967038696157,24.6398284203822,24.6501717687129,24.6863652356057,24.8206859153626,24.8723007375455,24.8568190268782,24.8413349715329,24.8774607869049,24.7277134921382,24.7587137017957,24.7845400253874,24.9238895190908,24.8516579356668,24.9135738442187,24.9135738442187,24.8929393729232,24.7690450146872,24.68119552596,24.7948687272058,24.7535476535085,24.8310109648659,24.68119552596,24.6708553211965,24.5622198668973,24.6863652356057,24.6553430497988,24.6501717687129,24.6605140688826,24.7070414568379,24.7483813439431,24.7122098579989,24.7277134921382,24.7793752829217,24.8310109648659,24.6967038696157,24.6760255545029,24.8310109648659,24.8310109648659,24.7483813439431,24.7690450146872,24.6967038696157,24.8413349715329,24.7845400253874,24.6501717687129,24.588095945611,24.6139654618445,24.7483813439431,24.9342041538485,24.8826205758957,24.7535476535085,24.7535476535085,24.4741920473867,24.7690450146872,24.8258485704877,24.8877801045559,24.9084156166453,24.8206859153626,24.836173098535,24.7277134921382,24.7742102793675,24.6708553211965,24.7122098579989,24.7225458756109,24.7793752829217,24.8310109648659,24.8877801045559,24.836173098535,24.8310109648659,24.8774607869049,24.7587137017957,24.8671404277798,24.8464965838976,24.8051963851263,24.7690450146872,24.8516579356668,24.8464965838976,24.8671404277798,24.8723007375455,24.8826205758957,24.8877801045559,24.8155229994525,24.9496741564303,24.8103598227198,24.7845400253874,24.8258485704877,24.7328808471969,24.8155229994525,24.7483813439431,24.7742102793675,24.6967038696157,24.6760255545029,24.5777463018912,24.6398284203822,24.6243114319154,24.6191385780148,24.7070414568379,24.7432147730614,24.7173779975772,24.7587137017957,24.7483813439431,24.7122098579989,24.7690450146872,24.8155229994525,24.7535476535085,24.7535476535085,24.7225458756109,24.8000326866343,24.8980983810354,24.8464965838976,24.8051963851263,24.8103598227198,24.9084156166453,24.8413349715329,24.8671404277798,24.836173098535,24.8774607869049,24.9393610812787,24.8774607869049,24.9393610812787,24.918731811688,24.8051963851263,24.8206859153626,24.918731811688,24.8103598227198,24.8568190268782,24.86197985757,24.8826205758957,24.7897045068028,24.7948687272058,24.8774607869049,24.7793752829217,24.8464965838976,24.8826205758957,24.8671404277798,24.7535476535085,24.7483813439431,24.8000326866343,24.7948687272058,24.7380479408253,24.7638794888426,24.6656848260024,24.7380479408253,24.7380479408253,24.7793752829217,24.7793752829217,24.8723007375455,24.8877801045559,24.8929393729232,24.7793752829217,24.8051963851263,24.8413349715329,24.8310109648659,24.86197985757,24.9445177487934,24.9806071469274,24.9599861922213,24.9496741564303,24.9496741564303,24.9393610812787,24.9599861922213,25.0012239478063,25.0115307913128,24.9084156166453,24.9290469664651,24.9393610812787,24.9702971889533,24.9651418204509,24.9599861922213,25.1608635787557,25.2740055641272,25.4075581805922,25.4024247521646,25.4024247521646,25.3870229273887,25.3972910671794,25.325392518149,25.3510763511273,25.4075581805922,25.4793992606996,25.4126913524992,25.4075581805922,25.4332214756594,25.4178242679226,25.4075581805922,25.3151171854302
24.4327408682945,24.5725710861868,24.5208044790397,24.5104480028654,24.588095945611,24.5000904743927,24.3497878691456,24.3446010620456,24.261576176083,24.1213178064842,24.1109205935815,23.9912760740285,23.9860709383021,24.1525030628745,24.220038309803,24.2823387496704,24.3497878691456,24.598444539334,24.6243114319154,24.593270373703,24.6087920833666,24.6346563530609,24.6139654618445,24.6605140688826,24.5104480028654,24.3290390547373,24.4586498313649,24.313474667603,24.4223754377718,24.4223754377718,24.5208044790397,24.4120089523324,24.5156263724707,24.4845522079513,24.5518675968447,24.5725710861868,24.6036184425424,24.8155229994525,24.8310109648659,24.6967038696157,24.7018727940562,24.7328808471969,24.6967038696157,24.7070414568379,24.5415142757223,24.417192326936,24.4068253139224,24.5156263724707,24.4638308334468,24.5622198668973,24.598444539334,24.6294840235847,24.7277134921382,24.7587137017957,24.6656848260024,24.6708553211965,24.7173779975772,24.7277134921382,24.6915346834782,24.7793752829217,24.8310109648659,24.8516579356668,24.8258485704877,24.9084156166453,24.9393610812787,24.9238895190908,24.9290469664651,24.9135738442187,24.8464965838976,24.8980983810354,24.9960701368761,24.8774607869049,24.7277134921382,24.7277134921382,24.7897045068028,24.836173098535,24.7225458756109,24.7122098579989,24.6708553211965,24.6605140688826,24.6450002255868,24.5311599032229,24.7018727940562,24.7690450146872,24.8568190268782,24.7173779975772,24.8155229994525,24.7742102793675,24.7948687272058,24.7948687272058,24.68119552596,24.8206859153626,24.9393610812787,24.7535476535085,24.7897045068028,24.8877801045559,24.836173098535,24.7018727940562,24.7483813439431,24.5829212550199,24.5622198668973,24.588095945611,24.6139654618445,24.5570438632356,24.5311599032229,24.4275582848784,24.5052693701856,24.6501717687129,24.6398284203822,24.6915346834782,24.6656848260024,24.6760255545029,24.7328808471969,24.6915346834782,24.7277134921382,24.7483813439431,24.6553430497988,24.7380479408253,24.7173779975772,24.8155229994525,24.8413349715329,24.8774607869049,24.8826205758957,24.9238895190908,24.7793752829217,24.8464965838976,24.8774607869049,24.7897045068028,24.6553430497988,24.954830304227,24.8310109648659,24.8568190268782,24.8516579356668,24.9290469664651,24.9238895190908,24.8671404277798,24.8258485704877,24.8000326866343,24.8206859153626,24.86197985757,24.8413349715329,24.8516579356668,24.7380479408253,24.7173779975772,24.7742102793675,24.6967038696157,24.7742102793675,24.6398284203822,24.598444539334,24.6346563530609,24.5725710861868,24.7277134921382,24.7225458756109,24.7587137017957,24.7277134921382,24.7225458756109,24.6656848260024,24.8258485704877,24.8413349715329,24.86197985757,24.8568190268782,24.8568190268782,24.8310109648659,24.8826205758957,24.8206859153626,24.8826205758957,24.9135738442187,24.8929393729232,24.8671404277798,24.8464965838976,24.8723007375455,24.8516579356668,24.9084156166453,24.8929393729232,24.9032571289301,24.8464965838976,24.8568190268782,24.8000326866343,24.8310109648659,24.9702971889533,24.954830304227,24.8774607869049,24.8723007375455,24.8774607869049,24.8980983810354,24.7793752829217,24.7638794888426,24.8051963851263,24.8774607869049,24.7793752829217,24.8000326866343,24.8516579356668,24.8103598227198,24.7897045068028,24.9238895190908,24.7793752829217,24.7742102793675,24.7948687272058,24.7845400253874,24.8103598227198,24.8051963851263,24.8103598227198,24.7948687272058,24.8155229994525,24.7483813439431,24.8464965838976,24.8980983810354,24.8877801045559,24.9960701368761,25.0733500742259,25.0475965748176,24.9445177487934,25.0012239478063,25.0166838239645,24.9806071469274,25.0115307913128,25.0269891112523,25.0784999971428,24.9754522977662,24.9702971889533,24.9702971889533,24.954830304227,24.9290469664651,25.0990971001769,25.2328774638867,25.3716187925976,25.4178242679226,25.4178242679226,25.3459400985342,25.3099791333095,25.3202549803643,25.4075581805922,25.3767537609245,25.6382975199907,25.3664835674914,25.5358106179362,25.4126913524992,25.4793992606996,25.4024247521646,25.4075581805922
24.4482870367845,24.4482870367845,24.5622198668973,24.4741920473867,24.5673956078683,24.4845522079513,24.4793722593216,24.3394139906367,24.4120089523324,24.2148448833435,24.1265160139431,24.0745219654683,24.0953227786774,24.2408093636233,24.396457245529,24.3549744119754,24.6087920833666,24.7587137017957,24.7638794888426,24.7070414568379,24.6191385780148,24.6605140688826,24.6243114319154,24.6036184425424,24.3394139906367,24.3342266548802,24.4741920473867,24.5156263724707,24.3290390547373,24.4016414116675,24.5052693701856,24.396457245529,24.4327408682945,24.588095945611,24.5570438632356,24.3030970868713,24.8000326866343,24.8051963851263,24.9135738442187,24.8000326866343,24.6760255545029,24.7225458756109,24.6605140688826,24.5725710861868,24.6915346834782,24.4638308334468,24.4068253139224,24.5311599032229,24.3912728154683,24.6915346834782,24.6501717687129,24.68119552596,24.6398284203822,24.7793752829217,24.7587137017957,24.7018727940562,24.8258485704877,24.6967038696157,24.8310109648659,24.7535476535085,24.836173098535,24.918731811688,24.8980983810354,24.9393610812787,25.0063774992726,24.9290469664651,24.9393610812787,24.8568190268782,24.9238895190908,24.9909160664447,24.9135738442187,24.9599861922213,24.8258485704877,24.8258485704877,24.8103598227198,24.8774607869049,24.7277134921382,24.7587137017957,24.6915346834782,24.6656848260024,24.6191385780148,24.6656848260024,24.7225458756109,24.9393610812787,24.8671404277798,24.6915346834782,24.7845400253874,24.7793752829217,24.7483813439431,24.9445177487934,24.9496741564303,24.9496741564303,24.8516579356668,24.9135738442187,24.8155229994525,24.7845400253874,24.7690450146872,24.6243114319154,24.593270373703,24.7173779975772,24.7018727940562,24.6915346834782,24.7328808471969,24.6346563530609,24.6708553211965,24.6036184425424,24.6501717687129,24.8516579356668,24.7638794888426,24.6553430497988,24.7535476535085,24.7690450146872,24.9806071469274,24.9393610812787,24.8413349715329,24.7948687272058,24.7638794888426,24.7845400253874,24.8310109648659,24.836173098535,24.8206859153626,24.8929393729232,24.8723007375455,24.836173098535,24.7742102793675,24.8568190268782,24.8000326866343,24.8000326866343,24.8051963851263,24.8464965838976,24.9393610812787,24.9599861922213,24.8723007375455,24.9290469664651,24.9135738442187,24.9135738442187,24.9290469664651,24.8568190268782,24.8103598227198,24.8464965838976,24.8258485704877,24.9342041538485,24.86197985757,24.8000326866343,24.918731811688,24.7793752829217,24.7793752829217,24.7690450146872,24.7122098579989,24.6243114319154,24.7173779975772,24.7638794888426,24.7638794888426,24.7122098579989,24.6760255545029,24.7018727940562,24.6191385780148,24.7380479408253,24.7380479408253,24.8258485704877,24.7638794888426,24.8206859153626,24.8000326866343,24.8155229994525,24.8980983810354,24.86197985757,24.8929393729232,24.8206859153626,24.8929393729232,24.8464965838976,24.9445177487934,24.8206859153626,24.8929393729232,24.9032571289301,24.9342041538485,24.9342041538485,24.8877801045559,24.8929393729232,24.8516579356668,24.9084156166453,24.8723007375455,24.86197985757,24.8671404277798,24.8980983810354,24.9084156166453,24.9135738442187,24.8723007375455,24.7845400253874,24.7587137017957,24.7432147730614,24.7432147730614,24.8051963851263,24.8929393729232,24.8000326866343,24.8413349715329,24.7845400253874,24.7277134921382,24.7793752829217,24.8155229994525,24.7690450146872,24.7742102793675,24.7845400253874,24.8206859153626,24.8310109648659,24.7897045068028,24.8774607869049,24.8723007375455,24.9393610812787,24.9857617364743,25.0321413659635,25.0166838239645,24.9702971889533,24.9754522977662,25.0218365972651,24.9857617364743,24.9342041538485,24.9909160664447,24.9702971889533,25.0681998923707,24.9599861922213,24.9599861922213,24.9496741564303,24.9135738442187,24.9754522977662,25.1814441360816,25.2277352917338,25.3356668224182,25.3921571255997,25.4075581805922,25.4024247521646,25.3921571255997,25.4434849990752,25.4537474974415,25.3818884725093,25.4588783623232,25.4793992606996,25.4126913524992,25.3818884725093,25.5409373888032,25.4075581805922
24.5466910676864,24.417192326936,24.4793722593216,24.525982322611,24.4638308334468,24.4845522079513,24.3497878691456,24.4120089523324,24.2511932998677,24.1265160139431,24.1525030628745,24.1576996752618,24.0953227786774,24.4638308334468,24.6450002255868,24.5570438632356,24.5829212550199,24.6708553211965,24.6708553211965,24.588095945611,24.5829212550199,24.3705324552306,24.5777463018912,24.5777463018912,24.3809031634257,24.396457245529,24.5673956078683,24.5104480028654,24.5156263724707,24.4068253139224,24.4949113154483,24.4068253139224,24.4482870367845,24.5570438632356,24.6087920833666,24.3549744119754,24.7070414568379,24.836173098535,24.7690450146872,24.6915346834782,24.6760255545029,24.6760255545029,24.5415142757223,24.4897318933139,24.5725710861868,24.5777463018912,24.5622198668973,24.6087920833666,24.5777463018912,24.6915346834782,24.6553430497988,24.7277134921382,24.68119552596,24.7070414568379,24.7742102793675,24.7897045068028,24.6915346834782,24.8258485704877,24.8155229994525,24.8310109648659,24.8568190268782,24.8516579356668,24.8929393729232,24.9445177487934,25.0166838239645,24.8877801045559,24.9342041538485,24.8310109648659,24.9342041538485,24.9960701368761,25.0166838239645,24.9393610812787,24.836173098535,24.8310109648659,24.8000326866343,24.7122098579989,24.7122098579989,24.6708553211965,24.6501717687129,24.5777463018912,24.6398284203822,24.7122098579989,24.6346563530609,24.8000326866343,24.6450002255868,24.6760255545029,24.7793752829217,24.6915346834782,24.7638794888426,24.8929393729232,24.918731811688,24.8051963851263,24.7742102793675,24.7897045068028,24.7897045068028,24.6708553211965,24.7328808471969,24.7122098579989,24.7638794888426,24.7638794888426,24.7173779975772,24.7587137017957,24.7638794888426,24.8206859153626,24.6915346834782,24.7070414568379,24.6915346834782,24.7225458756109,24.8723007375455,24.7018727940562,24.7277134921382,24.8258485704877,24.9702971889533,25.2174501739369,25.2380193782588,24.8723007375455,24.7638794888426,24.8310109648659,24.8258485704877,24.7793752829217,24.8516579356668,24.7897045068028,24.836173098535,24.7535476535085,24.8464965838976,24.8568190268782,24.8155229994525,24.8464965838976,24.8206859153626,24.8155229994525,24.9290469664651,24.8568190268782,24.9238895190908,24.8980983810354,24.9032571289301,24.836173098535,24.8877801045559,24.9032571289301,24.8980983810354,24.8826205758957,24.8980983810354,24.8671404277798,24.836173098535,24.8723007375455,24.8929393729232,24.8929393729232,24.7845400253874,24.7793752829217,24.7742102793675,24.7173779975772,24.6863652356057,24.7845400253874,24.7018727940562,24.6294840235847,24.6036184425424,24.5518675968447,24.6501717687129,24.6450002255868,24.6708553211965,24.7173779975772,24.7897045068028,24.7587137017957,24.8051963851263,24.8103598227198,24.8103598227198,24.8051963851263,24.9032571289301,24.8980983810354,24.8516579356668,24.8774607869049,24.8826205758957,24.9445177487934,24.9135738442187,24.8671404277798,24.9032571289301,24.8568190268782,24.8258485704877,24.8826205758957,24.8413349715329,24.8723007375455,24.8774607869049,24.9238895190908,24.8774607869049,24.9135738442187,24.836173098535,24.9084156166453,24.8000326866343,24.7587137017957,24.7225458756109,24.8310109648659,24.7380479408253,24.8877801045559,24.8103598227198,24.86197985757,24.8413349715329,24.7380479408253,24.7432147730614,24.7225458756109,24.8774607869049,24.7742102793675,24.7897045068028,24.8000326866343,24.8413349715329,24.8413349715329,24.7793752829217,24.7845400253874,24.836173098535,24.8774607869049,25.1762993840732,24.9290469664651,25.0372933614365,24.954830304227,24.9651418204509,25.0578987516956,25.0218365972651,25.0630494515398,24.9599861922213,24.9496741564303,24.9445177487934,24.9342041538485,24.918731811688,24.8929393729232,24.7483813439431,24.9909160664447,25.1865886299367,25.0063774992726,25.2380193782588,25.4075581805922,25.3716187925976,25.4024247521646,25.3356668224182,25.3408035889768,25.3921571255997,25.4486163763711,25.4845288451903,25.4178242679226,25.4075581805922,25.3818884725093,25.4075581805922,25.3870229273887
24.5208044790397,24.4586498313649,24.5673956078683,24.5052693701856,24.3653467049792,24.4845522079513,24.3705324552306,24.3342266548802,24.3446010620456,24.3238511901693,24.1525030628745,24.1732879183289,24.2511932998677,24.5518675968447,24.5518675968447,24.6605140688826,24.6915346834782,24.8413349715329,24.6553430497988,24.6915346834782,24.6346563530609,24.6087920833666,24.5570438632356,24.5518675968447,24.5518675968447,24.5000904743927,24.5208044790397,24.5052693701856,24.4690115721079,24.3497878691456,24.4068253139224,24.5466910676864,24.7173779975772,24.7483813439431,24.7535476535085,24.5725710861868,24.6294840235847,24.7845400253874,24.7122098579989,24.68119552596,24.6915346834782,24.5673956078683,24.5415142757223,24.6915346834782,24.5363372209139,24.4690115721079,24.4068253139224,24.6501717687129,24.6346563530609,24.7122098579989,24.6967038696157,24.6708553211965,24.5570438632356,24.6036184425424,24.8206859153626,24.7380479408253,24.7897045068028,24.7535476535085,24.7742102793675,24.8413349715329,24.8310109648659,24.9342041538485,24.9084156166453,24.9238895190908,24.8464965838976,24.9238895190908,24.7432147730614,24.6915346834782,24.86197985757,25.0115307913128,24.9342041538485,24.8310109648659,24.7948687272058,24.8206859153626,24.6553430497988,24.7845400253874,24.6450002255868,24.6450002255868,24.7277134921382,24.6398284203822,24.6656848260024,24.6501717687129,24.7432147730614,24.7380479408253,24.5466910676864,24.68119552596,24.7690450146872,24.7328808471969,24.6915346834782,24.7483813439431,24.8568190268782,24.7638794888426,24.8671404277798,24.6863652356057,24.6915346834782,24.7897045068028,24.8051963851263,24.7845400253874,24.7535476535085,24.7793752829217,24.6863652356057,24.7070414568379,24.7070414568379,24.7018727940562,24.7638794888426,24.7018727940562,24.7018727940562,24.6863652356057,24.7328808471969,24.7225458756109,24.68119552596,24.7483813439431,25.0012239478063,25.1660091054476,25.0166838239645,24.9857617364743,25.0733500742259,24.9806071469274,24.918731811688,24.86197985757,24.8258485704877,24.7897045068028,24.7845400253874,24.7535476535085,24.86197985757,24.8516579356668,25.0269891112523,24.9032571289301,24.9290469664651,24.7535476535085,24.8258485704877,24.9032571289301,24.918731811688,24.8516579356668,24.86197985757,24.9135738442187,24.9135738442187,24.9238895190908,24.9238895190908,24.8568190268782,24.8671404277798,24.8929393729232,24.9393610812787,24.9342041538485,24.9084156166453,24.7742102793675,24.7897045068028,24.7535476535085,24.7948687272058,24.7638794888426,24.6967038696157,24.6656848260024,24.7432147730614,24.6605140688826,24.6191385780148,24.7432147730614,24.6346563530609,24.6605140688826,24.7535476535085,24.6656848260024,24.6243114319154,24.7225458756109,24.8464965838976,24.8464965838976,24.8464965838976,24.8310109648659,24.9135738442187,24.9135738442187,24.9032571289301,24.7845400253874,24.86197985757,24.8413349715329,24.8568190268782,24.8826205758957,24.9135738442187,24.8774607869049,24.8826205758957,24.8980983810354,24.8051963851263,24.8258485704877,24.8000326866343,24.9496741564303,24.8413349715329,24.7897045068028,24.8877801045559,24.8258485704877,24.8464965838976,24.7638794888426,24.7690450146872,24.8310109648659,24.7948687272058,24.8206859153626,24.8051963851263,24.8103598227198,24.8206859153626,24.7793752829217,24.6294840235847,24.7432147730614,24.7535476535085,24.7690450146872,24.7535476535085,24.8051963851263,24.7173779975772,24.8155229994525,24.7845400253874,24.8464965838976,24.8103598227198,24.9702971889533,25.0630494515398,25.0012239478063,24.9909160664447,24.9599861922213,25.0269891112523,25.0012239478063,24.9599861922213,25.0115307913128,25.0166838239645,25.0475965748176,24.9135738442187,24.836173098535,25.0887990663117,24.9135738442187,24.9290469664651,24.9599861922213,25.0269891112523,25.0166838239645,25.2174501739369,25.3356668224182,25.3818884725093,25.3510763511273,25.3459400985342,25.4588783623232,25.4024247521646,25.4075581805922,25.4178242679226,25.3972910671794,25.3921571255997,25.3818884725093,25.464008971053,25.3972910671794
24.3757179413665,24.5000904743927,24.4741920473867,24.4897318933139,24.4949113154483,24.4741920473867,24.4327408682945,24.396457245529,24.4068253139224,24.3238511901693,24.1628960219406,24.2252314710217,24.3446010620456,24.6087920833666,24.593270373703,24.5570438632356,24.6553430497988,24.6656848260024,24.7845400253874,24.5673956078683,24.4431052442089,24.5725710861868,24.5570438632356,24.4482870367845,24.5673956078683,24.5208044790397,24.5311599032229,24.5673956078683,24.5104480028654,24.6087920833666,24.5518675968447,24.4897318933139,24.6863652356057,24.7432147730614,24.6501717687129,24.4690115721079,24.4949113154483,24.6501717687129,24.6760255545029,24.6553430497988,24.6501717687129,24.4949113154483,24.5052693701856,24.4949113154483,24.5518675968447,24.5415142757223,24.4016414116675,24.6760255545029,24.6243114319154,24.6243114319154,24.7070414568379,24.5829212550199,24.5673956078683,24.6398284203822,24.7070414568379,24.8258485704877,24.6915346834782,24.8206859153626,24.7742102793675,24.8464965838976,24.8413349715329,24.8671404277798,24.8155229994525,24.8464965838976,24.9135738442187,24.8413349715329,24.8258485704877,24.6967038696157,24.7897045068028,24.9702971889533,24.954830304227,24.8000326866343,24.7483813439431,24.7845400253874,24.8723007375455,24.8413349715329,24.5570438632356,24.7122098579989,24.7070414568379,24.7122098579989,24.6191385780148,24.6967038696157,24.7483813439431,24.7638794888426,24.6760255545029,24.6915346834782,24.7587137017957,24.7742102793675,24.8826205758957,24.7483813439431,24.7742102793675,24.8206859153626,24.7897045068028,24.7845400253874,24.6708553211965,24.7638794888426,24.8258485704877,24.8310109648659,24.7587137017957,24.7535476535085,24.7277134921382,24.7122098579989,24.7380479408253,24.7690450146872,24.8826205758957,24.8103598227198,24.6863652356057,24.7380479408253,24.8155229994525,24.6915346834782,24.86197985757,24.8000326866343,24.7535476535085,24.9857617364743,24.9393610812787,25.0321413659635,25.0990971001769,24.9857617364743,24.9960701368761,24.918731811688,24.86197985757,24.8723007375455,24.8000326866343,24.8568190268782,24.8568190268782,24.8774607869049,24.918731811688,24.8051963851263,24.86197985757,24.8155229994525,24.8258485704877,24.8774607869049,24.8826205758957,24.9032571289301,24.8568190268782,24.8516579356668,24.9135738442187,24.9290469664651,24.9032571289301,24.8516579356668,24.918731811688,24.8671404277798,24.9393610812787,24.8826205758957,24.7742102793675,24.7948687272058,24.8051963851263,24.8103598227198,24.7793752829217,24.7845400253874,24.7638794888426,24.7432147730614,24.7638794888426,24.6191385780148,24.6139654618445,24.7173779975772,24.7122098579989,24.7432147730614,24.7277134921382,24.7225458756109,24.6760255545029,24.7535476535085,24.7690450146872,24.8103598227198,24.8929393729232,24.9342041538485,24.836173098535,24.8103598227198,24.8877801045559,24.8671404277798,24.9135738442187,24.918731811688,24.9496741564303,24.8516579356668,24.8723007375455,24.7897045068028,24.8826205758957,24.8568190268782,24.8464965838976,24.7948687272058,24.8516579356668,24.8258485704877,24.86197985757,24.918731811688,24.918731811688,24.9032571289301,24.9238895190908,24.836173098535,24.8413349715329,24.7328808471969,24.7793752829217,24.7793752829217,24.7638794888426,24.8774607869049,24.8206859153626,24.7742102793675,24.7587137017957,24.7483813439431,24.7690450146872,24.8516579356668,24.7690450146872,24.68119552596,24.7638794888426,24.8103598227198,24.7742102793675,24.7638794888426,24.8568190268782,24.9754522977662,25.0321413659635,25.0372933614365,25.0475965748176,24.9393610812787,24.9806071469274,24.9960701368761,25.0115307913128,25.0527477928007,24.9702971889533,24.9496741564303,24.9290469664651,25.0424450977087,24.9342041538485,24.9445177487934,24.9754522977662,24.9857617364743,25.0321413659635,25.0063774992726,25.2328774638867,25.2791454175921,25.3818884725093,25.3716187925976,25.3510763511273,25.3408035889768,25.4075581805922,25.4126913524992,25.4126913524992,25.494787246305,25.4280893294658,25.3870229273887,25.4691393236678,25.3099791333095
24.5829212550199,24.5622198668973,24.5052693701856,24.4690115721079,24.4431052442089,24.5518675968447,24.3549744119754,24.4845522079513,24.5052693701856,24.3809031634257,24.261576176083,24.1992630121316,24.313474667603,24.4793722593216,24.6036184425424,24.7122098579989,24.8258485704877,24.7122098579989,24.836173098535,24.6760255545029,24.6760255545029,24.5466910676864,24.6139654618445,24.5518675968447,24.5000904743927,24.5570438632356,24.5156263724707,24.5466910676864,24.5829212550199,24.7173779975772,24.5052693701856,24.4897318933139,24.4949113154483,24.7380479408253,24.588095945611,24.4845522079513,24.3705324552306,24.6656848260024,24.6708553211965,24.6398284203822,24.525982322611,24.6450002255868,24.4690115721079,24.5104480028654,24.4482870367845,24.4741920473867,24.4223754377718,24.7432147730614,24.7225458756109,24.7070414568379,24.7845400253874,24.6863652356057,24.5673956078683,24.7277134921382,24.8206859153626,24.8103598227198,24.7897045068028,24.7897045068028,24.7535476535085,24.7742102793675,24.8206859153626,24.8206859153626,24.9032571289301,24.9342041538485,24.8155229994525,24.8310109648659,24.7535476535085,24.7070414568379,24.8000326866343,24.7638794888426,25.0269891112523,24.7638794888426,24.7432147730614,24.8774607869049,24.7948687272058,24.7122098579989,24.6087920833666,24.6501717687129,24.68119552596,24.6087920833666,24.7018727940562,24.7690450146872,24.7638794888426,24.6863652356057,24.7483813439431,24.7225458756109,24.836173098535,24.7328808471969,24.7483813439431,24.7535476535085,24.7535476535085,24.8826205758957,24.9342041538485,24.7793752829217,24.8155229994525,24.8671404277798,24.8310109648659,24.7587137017957,24.7638794888426,24.7483813439431,24.7380479408253,24.7277134921382,24.6139654618445,24.6967038696157,24.7018727940562,24.8103598227198,24.8103598227198,24.8155229994525,24.9806071469274,24.9651418204509,24.8774607869049,24.7328808471969,24.7328808471969,24.7638794888426,24.7432147730614,24.8103598227198,24.9290469664651,24.954830304227,24.8000326866343,24.8929393729232,24.836173098535,24.8980983810354,24.8516579356668,24.86197985757,24.9290469664651,24.8568190268782,24.9342041538485,24.8103598227198,24.7432147730614,24.8568190268782,24.8310109648659,24.8723007375455,24.9032571289301,24.9032571289301,24.8000326866343,24.7122098579989,24.8464965838976,24.8671404277798,24.8568190268782,24.8980983810354,24.836173098535,24.8826205758957,24.9290469664651,24.9135738442187,24.8671404277798,24.8051963851263,24.6863652356057,24.8206859153626,24.8258485704877,24.7845400253874,24.7690450146872,24.7897045068028,24.7432147730614,24.7483813439431,24.7432147730614,24.6967038696157,24.7328808471969,24.7483813439431,24.6967038696157,24.7173779975772,24.7018727940562,24.7277134921382,24.7690450146872,24.86197985757,24.7897045068028,24.8258485704877,24.9135738442187,24.8464965838976,24.8103598227198,24.9393610812787,24.8774607869049,24.8723007375455,24.8413349715329,24.8464965838976,24.8723007375455,24.7948687272058,24.8206859153626,24.7897045068028,24.8000326866343,24.8826205758957,24.8464965838976,24.836173098535,24.8051963851263,24.8413349715329,24.8723007375455,24.8310109648659,24.8671404277798,24.8000326866343,24.8155229994525,24.7638794888426,24.7638794888426,24.7483813439431,24.8155229994525,24.8103598227198,24.8310109648659,24.7380479408253,24.8516579356668,24.7432147730614,24.836173098535,24.7793752829217,24.7328808471969,24.7070414568379,24.7845400253874,24.6863652356057,24.7690450146872,24.7690450146872,24.7638794888426,25.0475965748176,24.9135738442187,25.0424450977087,25.0115307913128,24.9651418204509,24.9806071469274,24.9496741564303,24.9496741564303,24.918731811688,24.9238895190908,24.9135738442187,25.0166838239645,24.954830304227,24.9599861922213,24.9445177487934,25.0115307913128,24.9342041538485,25.0939482126385,25.124837657352,25.2225928617629,25.3099791333095,25.3408035889768,25.3664835674914,25.3818884725093,25.3408035889768,25.4024247521646,25.4999160630027,25.4126913524992,25.4024247521646,25.4793992606996,25.4075581805922,25.3048408239653,25.4280893294658
24.4482870367845,24.5363372209139,24.5725710861868,24.4741920473867,24.4845522079513,24.4741920473867,24.4845522079513,24.5777463018912,24.4120089523324,24.3549744119754,24.3238511901693,24.3030970868713,24.2927184476639,24.4275582848784,24.6501717687129,24.6243114319154,24.7018727940562,24.7173779975772,24.7070414568379,24.6450002255868,24.6760255545029,24.6450002255868,24.6656848260024,24.5415142757223,24.5570438632356,24.5311599032229,24.5622198668973,24.5829212550199,24.5208044790397,24.4690115721079,24.3653467049792,24.4275582848784,24.6605140688826,24.6346563530609,24.593270373703,24.6036184425424,24.3912728154683,24.6087920833666,24.6191385780148,24.6398284203822,24.6191385780148,24.4638308334468,24.4897318933139,24.4638308334468,24.4534685658236,24.5415142757223,24.7742102793675,24.7535476535085,24.7483813439431,24.7173779975772,24.6863652356057,24.7018727940562,24.7018727940562,24.6915346834782,24.7432147730614,24.7070414568379,24.6915346834782,24.7225458756109,24.7070414568379,24.7742102793675,24.8516579356668,24.8877801045559,24.9445177487934,24.8206859153626,24.6915346834782,24.7690450146872,24.5311599032229,24.5725710861868,24.7742102793675,24.7742102793675,24.7173779975772,24.7070414568379,24.7587137017957,24.6605140688826,24.7018727940562,24.6450002255868,24.6087920833666,24.4431052442089,24.6398284203822,24.7173779975772,24.6967038696157,24.7690450146872,24.8464965838976,24.7432147730614,24.6863652356057,24.9084156166453,24.7122098579989,24.6863652356057,24.6036184425424,24.7173779975772,24.7018727940562,24.8464965838976,24.8516579356668,24.7897045068028,24.8155229994525,24.8413349715329,24.8826205758957,24.8000326866343,24.7793752829217,24.7173779975772,24.7432147730614,24.7225458756109,24.7380479408253,24.6863652356057,24.7845400253874,24.7948687272058,24.8051963851263,24.8929393729232,24.9496741564303,24.9393610812787,24.9290469664651,24.86197985757,24.7690450146872,24.8516579356668,24.7638794888426,24.6915346834782,24.7948687272058,24.9393610812787,24.8516579356668,24.8258485704877,24.8980983810354,24.836173098535,25.0166838239645,24.8464965838976,24.8413349715329,24.8310109648659,24.9857617364743,24.9238895190908,24.8464965838976,24.8516579356668,24.8568190268782,24.8826205758957,24.7845400253874,24.9032571289301,24.86197985757,24.8051963851263,24.8774607869049,24.8980983810354,24.918731811688,24.9084156166453,24.8929393729232,24.9238895190908,24.86197985757,24.8103598227198,24.7897045068028,24.7948687272058,24.8877801045559,24.7638794888426,24.7328808471969,24.6863652356057,24.7845400253874,24.6760255545029,24.6553430497988,24.6036184425424,24.7225458756109,24.7432147730614,24.6501717687129,24.7173779975772,24.7277134921382,24.6139654618445,24.6967038696157,24.7277134921382,24.7897045068028,24.8155229994525,24.8206859153626,24.8155229994525,24.9084156166453,24.9290469664651,24.8671404277798,24.7948687272058,24.8258485704877,24.918731811688,24.8568190268782,24.836173098535,24.836173098535,24.7948687272058,24.7587137017957,24.8774607869049,24.8206859153626,24.836173098535,24.8310109648659,24.7845400253874,24.8000326866343,24.8206859153626,24.8206859153626,24.8464965838976,24.8516579356668,24.8103598227198,24.7897045068028,24.7587137017957,24.7742102793675,24.7690450146872,24.8000326866343,24.7742102793675,24.8413349715329,24.7380479408253,24.7535476535085,24.7587137017957,24.6036184425424,24.7535476535085,24.7432147730614,24.7225458756109,24.7535476535085,24.7742102793675,24.7432147730614,24.7173779975772,24.7483813439431,24.7845400253874,24.9651418204509,25.0012239478063,24.9806071469274,24.9342041538485,24.9702971889533,24.9857617364743,24.9135738442187,24.9342041538485,24.9599861922213,24.8929393729232,24.9393610812787,25.0475965748176,24.9084156166453,24.9084156166453,24.9342041538485,25.0372933614365,25.0424450977087,25.0166838239645,25.3099791333095,25.2277352917338,25.3099791333095,25.2740055641272,25.2945634334578,25.3921571255997,25.3459400985342,25.4024247521646,25.3870229273887,25.4332214756594,25.3664835674914,25.3972910671794,25.3921571255997,25.4024247521646
24.598444539334,24.5829212550199,24.5622198668973,24.4845522079513,24.4897318933139,24.4741920473867,24.4793722593216,24.4845522079513,24.4949113154483,24.4275582848784,24.3394139906367,24.3238511901693,24.4275582848784,24.5466910676864,24.6450002255868,24.7638794888426,24.7225458756109,24.7587137017957,24.7225458756109,24.6501717687129,24.7845400253874,24.7587137017957,24.7277134921382,24.5673956078683,24.396457245529,24.4068253139224,24.4068253139224,24.4638308334468,24.4845522079513,24.4379231880585,24.6294840235847,24.5104480028654,24.598444539334,24.7690450146872,24.593270373703,24.598444539334,24.4793722593216,24.6346563530609,24.6294840235847,24.6191385780148,24.6398284203822,24.5570438632356,24.5415142757223,24.5156263724707,24.4897318933139,24.5518675968447,24.8155229994525,24.9960701368761,24.9960701368761,24.8103598227198,24.588095945611,24.7897045068028,24.8206859153626,24.8000326866343,24.6708553211965,24.6863652356057,24.7328808471969,24.7897045068028,24.7018727940562,24.7070414568379,24.86197985757,24.8464965838976,24.8103598227198,24.7225458756109,24.8103598227198,24.8723007375455,24.8000326866343,24.7742102793675,24.7432147730614,24.7742102793675,24.7173779975772,24.6501717687129,24.6605140688826,24.7380479408253,24.6863652356057,24.6863652356057,24.6294840235847,24.588095945611,24.6294840235847,24.6139654618445,24.7070414568379,24.7483813439431,24.7277134921382,24.7742102793675,24.7845400253874,24.6501717687129,24.6398284203822,24.6139654618445,24.6967038696157,24.598444539334,24.7587137017957,24.7690450146872,24.836173098535,24.86197985757,24.8000326866343,24.9238895190908,24.8413349715329,24.8258485704877,24.8000326866343,24.5518675968447,24.5622198668973,24.6553430497988,24.5725710861868,24.6760255545029,24.6760255545029,24.86197985757,24.8000326866343,24.8206859153626,24.8568190268782,24.9290469664651,24.7845400253874,24.7690450146872,24.8516579356668,24.8103598227198,24.7638794888426,24.7432147730614,24.7535476535085,24.7638794888426,24.7793752829217,24.8413349715329,24.9135738442187,24.8310109648659,24.8464965838976,24.8000326866343,24.8310109648659,24.9290469664651,24.8206859153626,24.8929393729232,24.8413349715329,24.8155229994525,24.8826205758957,24.8258485704877,24.8774607869049,24.8258485704877,24.8980983810354,24.8464965838976,24.8464965838976,24.9599861922213,24.9238895190908,24.9238895190908,24.918731811688,24.9084156166453,24.8877801045559,24.8877801045559,24.836173098535,24.8051963851263,24.8310109648659,24.8103598227198,24.7638794888426,24.6605140688826,24.7070414568379,24.5208044790397,24.7432147730614,24.7277134921382,24.7587137017957,24.7380479408253,24.7122098579989,24.7173779975772,24.7173779975772,24.7225458756109,24.6967038696157,24.7173779975772,24.7070414568379,24.7742102793675,24.8051963851263,24.8103598227198,24.836173098535,24.86197985757,24.86197985757,24.8774607869049,24.8723007375455,24.8568190268782,24.8206859153626,24.8206859153626,24.86197985757,24.8000326866343,24.86197985757,24.7897045068028,24.9032571289301,24.8051963851263,24.8413349715329,24.8051963851263,24.836173098535,24.8155229994525,24.8568190268782,24.8051963851263,24.86197985757,24.7690450146872,24.8568190268782,24.7845400253874,24.8568190268782,24.7690450146872,24.7225458756109,24.8671404277798,24.7638794888426,24.8516579356668,24.7328808471969,24.8310109648659,24.7432147730614,24.7793752829217,24.7587137017957,24.8000326866343,24.7018727940562,24.7380479408253,24.7432147730614,24.7535476535085,24.8051963851263,24.8103598227198,24.8413349715329,24.9651418204509,24.9135738442187,24.9393610812787,25.0063774992726,25.0012239478063,24.9342041538485,24.918731811688,24.9135738442187,24.9599861922213,25.0836496611589,25.0321413659635,24.8155229994525,24.9342041538485,25.0218365972651,25.0527477928007,25.0527477928007,25.0475965748176,25.1505717504272,25.2380193782588,25.4178242679226,25.3870229273887,25.3151171854302,25.3305297988212,25.3202549803643,25.3562123467933,25.3818884725093,25.4178242679226,25.5511901638832,25.4024247521646,25.3510763511273,25.3972910671794
24.6036184425424,24.5622198668973,24.5570438632356,24.4949113154483,24.3549744119754,24.3394139906367,24.4586498313649,24.5052693701856,24.4534685658236,24.4120089523324,24.4586498313649,24.4016414116675,24.3601606905737,24.5363372209139,24.7070414568379,24.8206859153626,24.7328808471969,24.7070414568379,24.8206859153626,24.9084156166453,24.7897045068028,24.7483813439431,24.5466910676864,24.5622198668973,24.4482870367845,24.525982322611,24.5104480028654,24.5829212550199,24.5725710861868,24.5829212550199,24.6553430497988,24.593270373703,24.6294840235847,24.6087920833666,24.6243114319154,24.6708553211965,24.6087920833666,24.6243114319154,24.6553430497988,24.5415142757223,24.5156263724707,24.5156263724707,24.5208044790397,24.5415142757223,24.5415142757223,24.4431052442089,24.7587137017957,24.8258485704877,24.9960701368761,24.7690450146872,24.7018727940562,24.7070414568379,24.8155229994525,24.8206859153626,24.7173779975772,24.6656848260024,24.7018727940562,24.7535476535085,24.7845400253874,24.8000326866343,24.7535476535085,24.7793752829217,24.7587137017957,24.7277134921382,24.8774607869049,24.7793752829217,24.7587137017957,24.6760255545029,24.7742102793675,24.8000326866343,24.6760255545029,24.7535476535085,24.6708553211965,24.7122098579989,24.7018727940562,24.6501717687129,24.5518675968447,24.5518675968447,24.6398284203822,24.7122098579989,24.8413349715329,24.8206859153626,24.7587137017957,24.6863652356057,24.6398284203822,24.6656848260024,24.6967038696157,24.7742102793675,24.7225458756109,24.7380479408253,24.7587137017957,24.7793752829217,24.8310109648659,24.8206859153626,24.86197985757,24.8774607869049,24.9290469664651,24.8103598227198,24.7845400253874,24.7535476535085,24.6553430497988,24.6708553211965,24.6760255545029,24.6605140688826,24.7897045068028,24.8051963851263,24.6915346834782,24.8568190268782,24.7948687272058,24.9496741564303,24.8310109648659,24.8464965838976,24.7535476535085,24.7225458756109,24.7483813439431,24.7432147730614,24.7535476535085,24.7328808471969,24.836173098535,24.8516579356668,24.8826205758957,24.8774607869049,24.8206859153626,24.8000326866343,24.9290469664651,24.9393610812787,24.8258485704877,24.8723007375455,24.9238895190908,24.8413349715329,24.8929393729232,24.8826205758957,24.8516579356668,24.8155229994525,24.918731811688,24.9806071469274,24.8310109648659,24.9135738442187,24.8980983810354,24.8516579356668,24.8980983810354,24.9084156166453,25.0063774992726,24.8258485704877,24.8568190268782,24.7845400253874,24.7845400253874,24.8464965838976,24.8051963851263,24.8310109648659,24.6967038696157,24.68119552596,24.7173779975772,24.7535476535085,24.7380479408253,24.7742102793675,24.7122098579989,24.7845400253874,24.7122098579989,24.7225458756109,24.6294840235847,24.7277134921382,24.8258485704877,24.918731811688,24.8310109648659,24.8206859153626,24.9445177487934,25.0115307913128,24.8826205758957,24.8929393729232,24.836173098535,24.8723007375455,24.8723007375455,24.9135738442187,24.836173098535,24.8774607869049,24.8516579356668,24.9135738442187,24.86197985757,24.8516579356668,24.8568190268782,24.9032571289301,24.8258485704877,24.8464965838976,24.8000326866343,24.7897045068028,24.8464965838976,24.8774607869049,24.8516579356668,24.7742102793675,24.7690450146872,24.7845400253874,24.8774607869049,24.7483813439431,24.7483813439431,24.7535476535085,24.7018727940562,24.7018727940562,24.7432147730614,24.7690450146872,24.8258485704877,24.8000326866343,24.7587137017957,24.7742102793675,24.8877801045559,24.7277134921382,24.8516579356668,24.8980983810354,24.8774607869049,24.9496741564303,24.9496741564303,24.8877801045559,24.9806071469274,25.0527477928007,24.9238895190908,24.9496741564303,25.0836496611589,24.9393610812787,24.9909160664447,24.9445177487934,24.9754522977662,24.9084156166453,25.0578987516956,25.1093940990381,25.0630494515398,25.1145422104357,25.2894243522202,25.3151171854302,25.3767537609245,25.3510763511273,25.3870229273887,25.5153009780981,25.3510763511273,25.4999160630027,25.3664835674914,25.3870229273887,25.4229569268991,25.2894243522202,25.3459400985342,25.4588783623232
24.5363372209139,24.4638308334468,24.3446010620456,24.3497878691456,24.3446010620456,24.3394139906367,24.3446010620456,24.3549744119754,24.4120089523324,24.3653467049792,24.5311599032229,24.5466910676864,24.4482870367845,24.5415142757223,24.7225458756109,24.5415142757223,24.6398284203822,24.7432147730614,24.7483813439431,24.6605140688826,24.7793752829217,24.7483813439431,24.5570438632356,24.3290390547373,24.5415142757223,24.6087920833666,24.5000904743927,24.6294840235847,24.4793722593216,24.5363372209139,24.598444539334,24.6036184425424,24.5622198668973,24.598444539334,24.4897318933139,24.7173779975772,24.6346563530609,24.6967038696157,24.8206859153626,24.6346563530609,24.4793722593216,24.4690115721079,24.588095945611,24.5725710861868,24.4431052442089,24.4638308334468,24.5777463018912,24.7380479408253,24.7845400253874,24.7793752829217,24.7587137017957,24.7742102793675,24.8103598227198,24.7483813439431,24.6863652356057,24.7948687272058,24.7225458756109,24.7845400253874,24.7948687272058,24.8103598227198,24.8000326866343,24.8258485704877,24.7690450146872,24.6243114319154,24.6915346834782,24.7587137017957,24.7897045068028,24.7070414568379,24.7277134921382,24.7948687272058,24.7122098579989,24.7948687272058,24.7638794888426,24.6346563530609,24.6760255545029,24.6915346834782,24.5466910676864,24.5518675968447,24.7897045068028,24.8464965838976,24.7483813439431,24.7638794888426,24.7638794888426,24.6863652356057,24.6501717687129,24.6294840235847,24.6967038696157,24.7018727940562,24.7535476535085,24.7380479408253,24.7742102793675,24.8980983810354,24.6191385780148,24.8671404277798,24.9496741564303,24.9651418204509,24.86197985757,24.8723007375455,24.7122098579989,24.7070414568379,24.8413349715329,24.7277134921382,24.6967038696157,24.7277134921382,24.8051963851263,24.7587137017957,24.8826205758957,24.9084156166453,24.8464965838976,24.8568190268782,24.8413349715329,24.8051963851263,24.6967038696157,24.7535476535085,24.7742102793675,24.7380479408253,24.8051963851263,24.8413349715329,24.8723007375455,24.8464965838976,24.8258485704877,24.9290469664651,24.9032571289301,24.8103598227198,24.9393610812787,24.9084156166453,24.86197985757,24.8929393729232,24.8568190268782,24.9909160664447,24.836173098535,24.8464965838976,24.8671404277798,24.8413349715329,24.8258485704877,24.8516579356668,24.918731811688,24.8464965838976,24.8568190268782,24.8464965838976,24.8929393729232,24.8413349715329,24.9135738442187,24.8206859153626,24.8051963851263,24.8310109648659,24.8155229994525,24.8310109648659,24.8568190268782,24.6967038696157,24.7328808471969,24.7277134921382,24.8051963851263,24.7535476535085,24.7432147730614,24.6915346834782,24.7948687272058,24.6863652356057,24.7277134921382,24.7122098579989,24.6553430497988,24.7535476535085,24.7277134921382,24.8258485704877,24.8413349715329,24.9909160664447,24.8980983810354,24.9032571289301,24.8826205758957,24.8980983810354,24.8929393729232,24.86197985757,24.9496741564303,24.9909160664447,24.8516579356668,24.8568190268782,24.8774607869049,24.8464965838976,24.836173098535,24.8929393729232,24.8774607869049,24.8051963851263,24.8980983810354,24.8155229994525,24.7948687272058,24.8671404277798,24.7845400253874,24.8206859153626,24.7845400253874,24.7948687272058,24.8464965838976,24.7277134921382,24.7483813439431,24.7432147730614,24.8000326866343,24.6605140688826,24.8671404277798,24.7690450146872,24.7587137017957,24.836173098535,24.8206859153626,24.7380479408253,24.7535476535085,24.7483813439431,24.7328808471969,24.7380479408253,24.7173779975772,24.8516579356668,24.8826205758957,24.9754522977662,24.9599861922213,25.0269891112523,24.8929393729232,25.0424450977087,24.9651418204509,24.9496741564303,24.9806071469274,24.9496741564303,24.9651418204509,24.9806071469274,24.9496741564303,25.0166838239645,24.9909160664447,25.0475965748176,25.1608635787557,25.1454254487159,25.4332214756594,25.2945634334578,25.4075581805922,25.4229569268991,25.4229569268991,25.4896581737131,25.4178242679226,25.3664835674914,25.5050446238429,25.4896581737131,25.3972910671794,25.4793992606996,25.4588783623232,25.3048408239653
24.5673956078683,24.4741920473867,24.3497878691456,24.3082860095273,24.3290390547373,24.3653467049792,24.3653467049792,24.1628960219406,24.4275582848784,24.4638308334468,24.4845522079513,24.588095945611,24.5156263724707,24.5570438632356,24.4431052442089,24.5208044790397,24.6967038696157,24.7070414568379,24.6346563530609,24.7380479408253,24.6863652356057,24.6760255545029,24.5415142757223,24.3342266548802,24.4016414116675,24.6243114319154,24.5466910676864,24.6656848260024,24.5208044790397,24.4845522079513,24.598444539334,24.5725710861868,24.5052693701856,24.5570438632356,24.4897318933139,24.6553430497988,24.6967038696157,24.598444539334,24.6656848260024,24.5673956078683,24.5415142757223,24.5363372209139,24.6967038696157,24.588095945611,24.6915346834782,24.5415142757223,24.5673956078683,24.7897045068028,24.7690450146872,24.6191385780148,24.7277134921382,24.7587137017957,24.7535476535085,24.7587137017957,24.8464965838976,24.8206859153626,24.8258485704877,24.6863652356057,24.7380479408253,24.6915346834782,24.7328808471969,24.8413349715329,24.7587137017957,24.6243114319154,24.7328808471969,24.7483813439431,24.7897045068028,24.7587137017957,24.6863652356057,24.6915346834782,24.7380479408253,24.7122098579989,24.6915346834782,24.6553430497988,24.7690450146872,24.6501717687129,24.5725710861868,24.5466910676864,24.836173098535,24.8310109648659,24.8155229994525,24.8103598227198,24.8258485704877,24.6398284203822,24.6967038696157,24.6294840235847,24.7173779975772,24.6708553211965,24.6501717687129,24.6398284203822,24.8051963851263,24.7948687272058,24.8671404277798,24.9754522977662,24.8103598227198,24.8310109648659,24.8464965838976,24.8671404277798,24.7018727940562,24.6915346834782,24.7018727940562,24.7018727940562,24.7535476535085,24.7380479408253,24.7793752829217,24.8051963851263,24.8568190268782,24.9806071469274,24.8671404277798,24.8464965838976,24.8155229994525,24.8051963851263,24.7535476535085,24.7587137017957,24.7122098579989,24.9135738442187,24.7587137017957,24.9238895190908,24.8516579356668,24.9238895190908,24.8671404277798,24.9342041538485,24.8310109648659,24.8568190268782,24.8723007375455,24.8258485704877,24.9290469664651,24.8000326866343,24.86197985757,24.8826205758957,24.9599861922213,24.8413349715329,24.8413349715329,24.86197985757,24.836173098535,24.8516579356668,24.9032571289301,24.8258485704877,24.8568190268782,24.836173098535,24.8568190268782,24.836173098535,24.8929393729232,24.8258485704877,24.9754522977662,24.86197985757,24.8051963851263,24.8413349715329,24.8413349715329,24.836173098535,24.8413349715329,24.7587137017957,24.7587137017957,24.7690450146872,24.7845400253874,24.7948687272058,24.7535476535085,24.7380479408253,24.8103598227198,24.7690450146872,24.7845400253874,24.7897045068028,24.8051963851263,24.8568190268782,24.9135738442187,24.86197985757,24.86197985757,24.8774607869049,24.8723007375455,24.9754522977662,24.86197985757,24.8723007375455,24.918731811688,24.9032571289301,24.8723007375455,24.8980983810354,24.8103598227198,24.9496741564303,24.9135738442187,24.9290469664651,24.8826205758957,24.8206859153626,24.8464965838976,24.836173098535,24.7587137017957,24.7535476535085,24.8877801045559,24.7535476535085,24.7742102793675,24.8310109648659,24.86197985757,24.7432147730614,24.7277134921382,24.7277134921382,24.7328808471969,24.7535476535085,24.7328808471969,24.8051963851263,24.8155229994525,24.8516579356668,24.8258485704877,24.7483813439431,24.7742102793675,24.7535476535085,24.68119552596,24.8206859153626,24.7897045068028,24.8103598227198,24.7535476535085,24.9909160664447,24.9342041538485,25.0115307913128,24.9754522977662,25.0218365972651,24.9857617364743,24.9496741564303,24.9702971889533,24.9651418204509,24.9754522977662,24.9496741564303,24.9806071469274,24.9496741564303,24.9857617364743,24.9960701368761,25.0578987516956,25.2071640245704,25.2380193782588,25.3099791333095,25.3921571255997,25.3562123467933,25.3048408239653,25.4178242679226,25.3870229273887,25.4588783623232,25.5306835914689,25.4075581805922,25.4742694202044,25.4691393236678,25.3921571255997,25.4486163763711
24.5673956078683,24.5570438632356,24.4016414116675,24.417192326936,24.5104480028654,24.4793722593216,24.3497878691456,24.2044572345467,24.5570438632356,24.5415142757223,24.598444539334,24.588095945611,24.5570438632356,24.3705324552306,24.2823387496704,24.3549744119754,24.525982322611,24.7122098579989,24.7070414568379,24.6346563530609,24.4690115721079,24.5415142757223,24.6294840235847,24.5415142757223,24.6243114319154,24.6346563530609,24.5363372209139,24.6294840235847,24.6450002255868,24.5363372209139,24.4949113154483,24.5673956078683,24.6243114319154,24.5104480028654,24.525982322611,24.7018727940562,24.6915346834782,24.5466910676864,24.5156263724707,24.5622198668973,24.4482870367845,24.4845522079513,24.68119552596,24.6915346834782,24.6863652356057,24.5622198668973,24.5415142757223,24.6760255545029,24.6915346834782,24.5156263724707,24.7277134921382,24.7535476535085,24.7638794888426,24.8051963851263,24.7277134921382,24.7122098579989,24.7742102793675,24.8258485704877,24.8464965838976,24.836173098535,24.8464965838976,24.8310109648659,24.8051963851263,24.7483813439431,24.7587137017957,24.7587137017957,24.8051963851263,24.7483813439431,24.598444539334,24.7793752829217,24.7432147730614,24.8000326866343,24.68119552596,24.7122098579989,24.6139654618445,24.5363372209139,24.7742102793675,24.7225458756109,24.9084156166453,24.7535476535085,24.7535476535085,24.8413349715329,24.8155229994525,24.7380479408253,24.6346563530609,24.6760255545029,24.6243114319154,24.6087920833666,24.6553430497988,24.6760255545029,24.6656848260024,24.7948687272058,24.8155229994525,24.8413349715329,24.8516579356668,24.8464965838976,24.8155229994525,24.8000326866343,24.8051963851263,24.7225458756109,24.6967038696157,24.8000326866343,24.7897045068028,24.7587137017957,24.8000326866343,24.7328808471969,24.8413349715329,24.86197985757,24.7948687272058,24.7432147730614,24.8310109648659,24.7225458756109,24.7277134921382,24.7277134921382,24.7225458756109,24.7173779975772,24.6708553211965,24.7845400253874,24.8671404277798,25.0063774992726,24.8877801045559,24.7432147730614,24.7793752829217,24.8103598227198,24.8310109648659,24.8103598227198,24.7742102793675,24.7793752829217,24.8568190268782,24.9290469664651,24.8980983810354,24.9445177487934,24.8413349715329,24.8877801045559,24.8980983810354,24.7638794888426,24.8723007375455,24.8413349715329,24.8413349715329,24.8464965838976,24.8000326866343,24.8980983810354,24.8051963851263,24.8877801045559,24.9084156166453,24.7587137017957,24.8258485704877,24.7690450146872,24.836173098535,24.7897045068028,24.7173779975772,24.7483813439431,24.7638794888426,24.7638794888426,24.7845400253874,24.7483813439431,24.6967038696157,24.6863652356057,24.68119552596,24.7483813439431,24.6605140688826,24.8206859153626,24.7897045068028,24.86197985757,24.9032571289301,24.8310109648659,24.8877801045559,24.8774607869049,25.0166838239645,24.8929393729232,24.9084156166453,24.8568190268782,24.8051963851263,24.9135738442187,24.9445177487934,25.0115307913128,24.9084156166453,24.9393610812787,24.9135738442187,24.9135738442187,24.8723007375455,24.8877801045559,24.8826205758957,24.836173098535,24.7483813439431,24.8980983810354,24.7897045068028,24.8877801045559,24.7742102793675,24.8000326866343,24.8000326866343,24.8413349715329,24.7535476535085,24.7483813439431,24.7122098579989,24.8206859153626,24.8103598227198,24.7380479408253,24.7380479408253,24.7742102793675,24.7225458756109,24.7225458756109,24.7897045068028,24.7535476535085,24.6863652356057,24.8206859153626,24.8103598227198,24.8464965838976,24.86197985757,24.8723007375455,25.0063774992726,25.0012239478063,24.9960701368761,24.9651418204509,24.9806071469274,24.9754522977662,24.9393610812787,25.0115307913128,25.0115307913128,24.9393610812787,24.9496741564303,25.0012239478063,24.9806071469274,24.9857617364743,25.1608635787557,25.2791454175921,25.3099791333095,25.2894243522202,25.3459400985342,25.2945634334578,25.3151171854302,25.3151171854302,25.3099791333095,25.4383533655169,25.4280893294658,25.4537474974415,25.3921571255997,25.3921571255997,25.3870229273887,25.4742694202044
24.5829212550199,24.5777463018912,24.5622198668973,24.525982322611,24.598444539334,24.4068253139224,24.3912728154683,24.4431052442089,24.5570438632356,24.5622198668973,24.5518675968447,24.593270373703,24.6087920833666,24.3446010620456,24.3549744119754,24.4586498313649,24.5363372209139,24.396457245529,24.6915346834782,24.5777463018912,24.5104480028654,24.5208044790397,24.6294840235847,24.6036184425424,24.6087920833666,24.5777463018912,24.6139654618445,24.4949113154483,24.5052693701856,24.4223754377718,24.4431052442089,24.5622198668973,24.5725710861868,24.588095945611,24.5570438632356,24.7638794888426,24.525982322611,24.4275582848784,24.3912728154683,24.5104480028654,24.5777463018912,24.4897318933139,24.6760255545029,24.7845400253874,24.6915346834782,24.6708553211965,24.588095945611,24.68119552596,24.5156263724707,24.593270373703,24.7897045068028,24.7690450146872,24.7638794888426,24.598444539334,24.7173779975772,24.8413349715329,24.7948687272058,24.836173098535,24.8155229994525,24.8568190268782,24.8310109648659,24.7742102793675,24.836173098535,24.7277134921382,24.7742102793675,24.7638794888426,24.7277134921382,24.7742102793675,24.7380479408253,24.7690450146872,24.7690450146872,24.8258485704877,24.7122098579989,24.7070414568379,24.5570438632356,24.5518675968447,24.8723007375455,24.8516579356668,24.8155229994525,24.6915346834782,24.8051963851263,24.8568190268782,24.8155229994525,24.7277134921382,24.7277134921382,24.7328808471969,24.7328808471969,24.7225458756109,24.6501717687129,24.6760255545029,24.7793752829217,24.8774607869049,24.8413349715329,24.86197985757,24.8310109648659,24.6915346834782,24.7845400253874,24.7380479408253,24.7483813439431,24.8516579356668,24.7070414568379,24.8051963851263,24.8464965838976,24.8155229994525,24.8051963851263,24.7328808471969,24.8051963851263,24.7432147730614,24.8310109648659,24.8000326866343,24.8000326866343,24.836173098535,24.9135738442187,24.8464965838976,24.7845400253874,24.836173098535,24.7948687272058,24.8051963851263,24.9032571289301,24.9599861922213,24.8826205758957,24.8929393729232,24.9135738442187,24.7742102793675,24.9238895190908,24.8877801045559,24.8774607869049,24.9393610812787,24.8464965838976,24.9445177487934,24.8774607869049,25.0115307913128,24.8464965838976,24.8826205758957,24.9342041538485,24.8774607869049,24.8516579356668,24.8568190268782,24.8568190268782,24.8464965838976,24.9909160664447,24.8413349715329,24.7948687272058,24.8000326866343,24.8155229994525,24.8568190268782,24.836173098535,24.8516579356668,24.8568190268782,24.8000326866343,24.6191385780148,24.8103598227198,24.8516579356668,24.7742102793675,24.8568190268782,24.7587137017957,24.7483813439431,24.7380479408253,24.7638794888426,24.8258485704877,24.7122098579989,24.7897045068028,24.8464965838976,24.8103598227198,24.8826205758957,24.8980983810354,24.8774607869049,24.8980983810354,24.9135738442187,24.9342041538485,24.9445177487934,24.9754522977662,25.0784999971428,24.9496741564303,24.8929393729232,25.0012239478063,24.8671404277798,24.8929393729232,24.8826205758957,24.8980983810354,24.8877801045559,24.8774607869049,24.9445177487934,24.8774607869049,24.8826205758957,24.8980983810354,24.8000326866343,24.7793752829217,24.7948687272058,24.7483813439431,24.7328808471969,24.7483813439431,24.836173098535,24.7173779975772,24.8155229994525,24.7948687272058,24.8774607869049,24.7948687272058,24.7897045068028,24.8723007375455,24.6863652356057,24.8464965838976,24.7277134921382,24.8155229994525,24.8258485704877,24.8103598227198,24.8310109648659,24.86197985757,24.9806071469274,25.0527477928007,24.9806071469274,24.9960701368761,24.9651418204509,24.9960701368761,24.8980983810354,25.0218365972651,24.9909160664447,25.0115307913128,24.9909160664447,24.9032571289301,25.0166838239645,25.0063774992726,25.0166838239645,25.0527477928007,25.2123072282184,25.2894243522202,25.2894243522202,25.3562123467933,25.3459400985342,25.3870229273887,25.464008971053,25.4178242679226,25.4332214756594,25.5101729288625,25.4999160630027,25.4332214756594,25.5306835914689,25.5050446238429,25.5716926484544,25.494787246305
24.5725710861868,24.5673956078683,24.5311599032229,24.6139654618445,24.4897318933139,24.5466910676864,24.593270373703,24.593270373703,24.6036184425424,24.5725710861868,24.5777463018912,24.7380479408253,24.5829212550199,24.3601606905737,24.4482870367845,24.3912728154683,24.4431052442089,24.4845522079513,24.6605140688826,24.3757179413665,24.4120089523324,24.6087920833666,24.598444539334,24.593270373703,24.4793722593216,24.5518675968447,24.5622198668973,24.5518675968447,24.4275582848784,24.4949113154483,24.4379231880585,24.3497878691456,24.4845522079513,24.5052693701856,24.6553430497988,24.6294840235847,24.5311599032229,24.3290390547373,24.4068253139224,24.6036184425424,24.5777463018912,24.5518675968447,24.4534685658236,24.7638794888426,24.8000326866343,24.6087920833666,24.6760255545029,24.6863652356057,24.6553430497988,24.6760255545029,24.7845400253874,24.7793752829217,24.6863652356057,24.6553430497988,24.7173779975772,24.7793752829217,24.8980983810354,24.8413349715329,24.7948687272058,24.8155229994525,24.918731811688,24.8826205758957,24.836173098535,24.7535476535085,24.8103598227198,24.8671404277798,24.8723007375455,24.8051963851263,24.7328808471969,24.7483813439431,24.8774607869049,24.8568190268782,24.8155229994525,24.6553430497988,24.7483813439431,24.7897045068028,24.8774607869049,24.7793752829217,24.5673956078683,24.6243114319154,24.7432147730614,24.8671404277798,24.7432147730614,24.6036184425424,24.6191385780148,24.7328808471969,24.6501717687129,24.6656848260024,24.7070414568379,24.8310109648659,24.6708553211965,24.8258485704877,24.7793752829217,24.7897045068028,24.8206859153626,24.8155229994525,24.68119552596,24.7328808471969,24.7380479408253,24.7225458756109,24.68119552596,24.7535476535085,24.6501717687129,24.7122098579989,24.8000326866343,24.8310109648659,24.8155229994525,24.7845400253874,24.8155229994525,24.8568190268782,24.8671404277798,24.8877801045559,24.9496741564303,24.9496741564303,24.7535476535085,24.7845400253874,24.8000326866343,24.8206859153626,24.8568190268782,24.9909160664447,24.9238895190908,24.8826205758957,24.7638794888426,24.8516579356668,24.8671404277798,24.9238895190908,24.7845400253874,24.8671404277798,24.9135738442187,24.8464965838976,24.8568190268782,24.9393610812787,24.8464965838976,24.8980983810354,24.7018727940562,24.86197985757,24.7845400253874,24.7793752829217,24.8413349715329,24.8568190268782,24.86197985757,24.86197985757,24.9857617364743,24.8723007375455,24.8826205758957,24.7897045068028,24.7742102793675,24.8568190268782,24.8516579356668,24.8568190268782,24.8051963851263,24.7897045068028,24.7948687272058,24.7948687272058,24.7793752829217,24.7638794888426,24.8051963851263,24.8000326866343,24.7122098579989,24.8671404277798,24.8310109648659,24.7742102793675,24.8155229994525,24.8103598227198,24.8258485704877,24.8774607869049,24.8516579356668,24.8929393729232,24.9651418204509,25.0784999971428,24.9702971889533,24.9754522977662,25.0269891112523,24.9393610812787,24.8980983810354,24.8826205758957,24.8568190268782,24.8877801045559,24.9496741564303,24.954830304227,24.9135738442187,24.9032571289301,24.86197985757,24.918731811688,24.8826205758957,24.8051963851263,24.8464965838976,24.9084156166453,24.8413349715329,24.7793752829217,24.7948687272058,24.7845400253874,24.8413349715329,24.8516579356668,24.8464965838976,24.8258485704877,24.7277134921382,24.7897045068028,24.7948687272058,24.7380479408253,24.6760255545029,24.7793752829217,24.7018727940562,24.6760255545029,24.7535476535085,24.7225458756109,24.9754522977662,24.8516579356668,24.8826205758957,24.9806071469274,24.9290469664651,24.918731811688,24.9445177487934,24.9032571289301,24.9857617364743,25.0218365972651,24.9135738442187,24.9238895190908,24.9445177487934,24.9754522977662,24.9754522977662,24.9599861922213,24.9857617364743,25.0836496611589,25.2174501739369,25.2174501739369,25.2842850136107,25.3613480855689,25.3664835674914,25.4793992606996,25.4229569268991,25.4126913524992,25.4999160630027,25.4280893294658,25.4999160630027,25.4383533655169,25.4537474974415,25.5460639041067,25.464008971053,25.5255563093646
24.5311599032229,24.5208044790397,24.5570438632356,24.6139654618445,24.5104480028654,24.6087920833666,24.5673956078683,24.7380479408253,24.6191385780148,24.5466910676864,24.6967038696157,24.6036184425424,24.5208044790397,24.4379231880585,24.4690115721079,24.5104480028654,24.4223754377718,24.4534685658236,24.4690115721079,24.3238511901693,24.4793722593216,24.6346563530609,24.598444539334,24.5777463018912,24.588095945611,24.68119552596,24.6243114319154,24.598444539334,24.5104480028654,24.4897318933139,24.4431052442089,24.4120089523324,24.3809031634257,24.396457245529,24.5829212550199,24.8413349715329,24.5311599032229,24.4690115721079,24.4949113154483,24.5725710861868,24.3912728154683,24.5777463018912,24.6605140688826,24.8103598227198,24.8051963851263,24.6450002255868,24.6708553211965,24.6708553211965,24.7535476535085,24.8155229994525,24.7328808471969,24.6708553211965,24.6915346834782,24.7225458756109,24.6967038696157,24.7948687272058,24.7483813439431,24.8826205758957,24.9084156166453,24.8723007375455,24.8774607869049,24.7483813439431,24.8310109648659,24.7793752829217,24.8103598227198,24.8516579356668,24.7948687272058,24.8413349715329,24.7638794888426,24.7948687272058,24.9290469664651,24.8155229994525,24.8877801045559,24.8051963851263,24.8671404277798,24.6863652356057,24.6967038696157,24.6915346834782,24.6863652356057,24.7328808471969,24.7225458756109,24.7845400253874,24.6967038696157,24.6501717687129,24.7638794888426,24.6708553211965,24.6656848260024,24.7380479408253,24.7483813439431,24.8310109648659,24.7380479408253,24.8723007375455,24.8929393729232,24.8103598227198,24.7897045068028,24.7897045068028,24.8000326866343,24.6501717687129,24.6553430497988,24.7018727940562,24.6605140688826,24.6346563530609,24.7638794888426,24.7483813439431,24.8000326866343,24.7845400253874,24.8258485704877,24.8413349715329,24.8877801045559,24.8206859153626,24.7690450146872,24.8774607869049,24.8464965838976,24.7432147730614,24.7277134921382,24.7225458756109,24.8568190268782,24.7845400253874,24.8671404277798,24.8310109648659,24.86197985757,24.8826205758957,24.7587137017957,24.7587137017957,24.8051963851263,24.8723007375455,24.8258485704877,24.9135738442187,24.9084156166453,24.9290469664651,24.8258485704877,24.9496741564303,24.8723007375455,24.8464965838976,24.9342041538485,24.7483813439431,24.7897045068028,24.8516579356668,24.9651418204509,24.8258485704877,24.9702971889533,24.8774607869049,24.8774607869049,24.8774607869049,24.8464965838976,24.954830304227,24.8310109648659,24.8516579356668,24.86197985757,24.7948687272058,24.7380479408253,24.7742102793675,24.7535476535085,24.7897045068028,24.8310109648659,24.8206859153626,24.7845400253874,24.8206859153626,24.7897045068028,24.8310109648659,24.8516579356668,24.8000326866343,24.7897045068028,24.7948687272058,24.7173779975772,24.8051963851263,24.8671404277798,24.9702971889533,25.0012239478063,24.9806071469274,24.8568190268782,24.8980983810354,24.9754522977662,24.8826205758957,24.918731811688,24.9909160664447,24.9651418204509,24.86197985757,24.8980983810354,24.8206859153626,24.8671404277798,24.9290469664651,24.8929393729232,24.8464965838976,24.8464965838976,24.8000326866343,24.8000326866343,24.8103598227198,24.8464965838976,24.8155229994525,24.7380479408253,24.8051963851263,24.7638794888426,24.8413349715329,24.8516579356668,24.7897045068028,24.8413349715329,24.7742102793675,24.8000326866343,24.7793752829217,24.7018727940562,24.7070414568379,24.7690450146872,24.6915346834782,24.7483813439431,24.8155229994525,24.7328808471969,24.8258485704877,24.8723007375455,24.8723007375455,24.9445177487934,24.918731811688,24.9806071469274,24.918731811688,24.9084156166453,24.9393610812787,24.9084156166453,24.9806071469274,24.9960701368761,24.9290469664651,24.9496741564303,24.9909160664447,24.9857617364743,25.1865886299367,25.2740055641272,25.3408035889768,25.3613480855689,25.3408035889768,25.4126913524992,25.4024247521646,25.3972910671794,25.4229569268991,25.4434849990752,25.4486163763711,25.4383533655169,25.3767537609245,25.4742694202044,25.4178242679226,25.4588783623232,25.4537474974415
24.525982322611,24.593270373703,24.6398284203822,24.5570438632356,24.5415142757223,24.5570438632356,24.5000904743927,24.6191385780148,24.7587137017957,24.6139654618445,24.7225458756109,24.6294840235847,24.6656848260024,24.525982322611,24.4327408682945,24.4897318933139,24.4223754377718,24.4016414116675,24.3186630611374,24.2823387496704,24.4534685658236,24.6708553211965,24.6139654618445,24.4741920473867,24.4793722593216,24.5570438632356,24.4845522079513,24.5311599032229,24.6036184425424,24.4690115721079,24.4949113154483,24.3290390547373,24.3186630611374,24.4016414116675,24.5052693701856,24.4638308334468,24.3653467049792,24.3705324552306,24.4741920473867,24.4690115721079,24.6139654618445,24.5725710861868,24.5777463018912,24.6760255545029,24.6760255545029,24.6501717687129,24.6087920833666,24.593270373703,24.7225458756109,24.68119552596,24.7277134921382,24.6967038696157,24.7638794888426,24.6863652356057,24.7742102793675,24.8413349715329,24.8464965838976,24.7948687272058,24.8516579356668,24.8413349715329,24.9084156166453,24.9084156166453,24.9290469664651,24.8671404277798,24.8671404277798,24.8671404277798,24.8671404277798,24.8671404277798,24.836173098535,24.8516579356668,24.8310109648659,24.9445177487934,24.8516579356668,24.8877801045559,24.8000326866343,24.7122098579989,24.6967038696157,24.6967038696157,24.7277134921382,24.6656848260024,24.6760255545029,24.6398284203822,24.598444539334,24.6915346834782,24.7793752829217,24.7483813439431,24.7587137017957,24.7587137017957,24.7535476535085,24.7535476535085,24.7483813439431,24.7483813439431,24.7690450146872,24.8051963851263,24.9032571289301,24.7587137017957,24.7535476535085,24.6450002255868,24.7638794888426,24.7587137017957,24.7690450146872,24.8774607869049,24.8051963851263,24.8051963851263,24.8568190268782,24.7173779975772,24.7380479408253,24.86197985757,24.8258485704877,24.8155229994525,24.8826205758957,24.9084156166453,24.8877801045559,24.8413349715329,24.7535476535085,24.8051963851263,24.8103598227198,24.8051963851263,24.8206859153626,24.8568190268782,24.836173098535,24.8929393729232,24.8980983810354,24.7483813439431,24.8464965838976,24.9084156166453,24.8980983810354,24.8155229994525,24.8413349715329,24.8723007375455,24.7948687272058,24.8310109648659,24.8826205758957,24.8258485704877,24.8464965838976,24.7845400253874,24.6915346834782,24.8568190268782,24.9651418204509,24.8774607869049,24.9445177487934,24.8929393729232,24.8826205758957,24.9754522977662,24.9342041538485,24.8413349715329,24.8413349715329,24.9342041538485,24.8516579356668,24.836173098535,24.7742102793675,24.8206859153626,24.7225458756109,24.8774607869049,24.8464965838976,24.7638794888426,24.7690450146872,24.8568190268782,24.8258485704877,24.8671404277798,24.836173098535,24.7690450146872,24.7742102793675,24.7845400253874,24.7690450146872,24.8258485704877,24.9651418204509,24.8568190268782,24.8826205758957,25.0063774992726,24.9960701368761,24.9857617364743,24.9651418204509,24.9599861922213,25.0012239478063,24.9651418204509,24.9599861922213,24.8774607869049,24.9496741564303,24.86197985757,24.8877801045559,24.9084156166453,24.8877801045559,24.8464965838976,24.8464965838976,24.836173098535,24.7328808471969,24.7948687272058,24.7897045068028,24.8413349715329,24.8206859153626,24.8051963851263,24.8103598227198,24.8310109648659,24.8671404277798,24.8413349715329,24.8155229994525,24.8051963851263,24.7845400253874,24.8206859153626,24.7587137017957,24.7380479408253,24.7173779975772,24.7277134921382,24.7638794888426,24.7587137017957,24.8310109648659,24.8155229994525,24.8051963851263,24.954830304227,24.9651418204509,24.9445177487934,24.9135738442187,24.9342041538485,24.9238895190908,24.8929393729232,24.8310109648659,25.0115307913128,24.954830304227,25.0990971001769,25.0012239478063,24.9960701368761,24.9806071469274,25.0012239478063,25.2071640245704,25.3664835674914,25.3870229273887,25.3664835674914,25.4332214756594,25.2945634334578,25.4075581805922,25.4280893294658,25.3818884725093,25.3870229273887,25.4383533655169,25.5614419170025,25.4793992606996,25.4486163763711,25.4383533655169,25.4126913524992
24.525982322611,24.6191385780148,24.5156263724707,24.5363372209139,24.5673956078683,24.6243114319154,24.6450002255868,24.5725710861868,24.6294840235847,24.7328808471969,24.7432147730614,24.598444539334,24.7483813439431,24.5052693701856,24.4586498313649,24.5156263724707,24.3860881214467,24.5208044790397,24.3497878691456,24.4327408682945,24.5570438632356,24.8826205758957,24.6760255545029,24.3497878691456,24.4793722593216,24.4741920473867,24.6553430497988,24.6398284203822,24.5777463018912,24.588095945611,24.4638308334468,24.396457245529,24.2096511916044,24.313474667603,24.3809031634257,24.396457245529,24.5000904743927,24.3860881214467,24.4016414116675,24.3860881214467,24.6967038696157,24.5466910676864,24.5725710861868,24.7535476535085,24.5622198668973,24.6967038696157,24.7328808471969,24.7225458756109,24.6967038696157,24.4949113154483,24.7122098579989,24.7432147730614,24.6656848260024,24.6915346834782,24.8051963851263,24.7742102793675,24.8464965838976,24.8413349715329,24.7948687272058,24.8413349715329,24.7845400253874,24.8671404277798,24.8516579356668,24.8051963851263,24.8258485704877,24.8774607869049,24.7328808471969,24.8206859153626,24.8258485704877,24.8155229994525,24.8258485704877,24.9651418204509,24.8671404277798,24.6553430497988,24.4586498313649,24.7018727940562,24.6605140688826,24.588095945611,24.7122098579989,24.68119552596,24.6605140688826,24.6243114319154,24.6605140688826,24.7173779975772,24.7277134921382,24.9032571289301,24.7690450146872,24.7690450146872,24.7742102793675,24.7587137017957,24.8258485704877,24.7587137017957,24.9238895190908,24.9857617364743,24.7638794888426,24.7948687272058,24.7225458756109,24.6346563530609,24.6915346834782,24.7122098579989,24.7690450146872,24.8671404277798,24.8413349715329,24.7845400253874,24.8929393729232,24.7845400253874,24.8051963851263,24.7948687272058,24.8671404277798,24.8826205758957,24.9238895190908,24.8980983810354,24.8258485704877,24.7535476535085,24.836173098535,24.7742102793675,24.7638794888426,24.7793752829217,24.6553430497988,24.7328808471969,24.7535476535085,24.8000326866343,24.8464965838976,24.7742102793675,24.8568190268782,24.8980983810354,24.9084156166453,24.8671404277798,24.8258485704877,24.8155229994525,24.8413349715329,24.7638794888426,24.7483813439431,24.8568190268782,24.9599861922213,24.9496741564303,24.86197985757,24.918731811688,24.8826205758957,24.8051963851263,24.9651418204509,24.9084156166453,24.9084156166453,24.9135738442187,24.8826205758957,24.918731811688,24.8464965838976,24.8310109648659,24.8516579356668,24.7742102793675,24.8516579356668,24.7380479408253,24.7638794888426,24.7793752829217,24.7742102793675,24.7897045068028,24.7690450146872,24.8103598227198,24.7845400253874,24.86197985757,24.7690450146872,24.7690450146872,24.7328808471969,24.8516579356668,24.8877801045559,24.7897045068028,24.8774607869049,24.8929393729232,24.8929393729232,24.9857617364743,24.9393610812787,24.9806071469274,24.9651418204509,25.0012239478063,24.9857617364743,24.918731811688,24.8826205758957,24.8516579356668,24.9599861922213,24.7587137017957,24.836173098535,24.9238895190908,24.8206859153626,24.8516579356668,24.8980983810354,24.9290469664651,24.7173779975772,24.8000326866343,24.6967038696157,24.7845400253874,24.7845400253874,24.8413349715329,24.7845400253874,24.7845400253874,24.8051963851263,24.7638794888426,24.8000326866343,24.6863652356057,24.7690450146872,24.8206859153626,24.7948687272058,24.7638794888426,24.7432147730614,24.6760255545029,24.7483813439431,24.7587137017957,24.6915346834782,24.7793752829217,24.8464965838976,24.9032571289301,24.9238895190908,24.9496741564303,25.0527477928007,24.86197985757,24.9290469664651,24.8000326866343,24.9135738442187,24.9445177487934,24.9909160664447,24.9960701368761,24.9909160664447,25.1042457289643,24.9599861922213,25.0115307913128,25.124837657352,25.2328774638867,25.4383533655169,25.4332214756594,25.1196900631945,25.3972910671794,25.4024247521646,25.3972910671794,25.4588783623232,25.4742694202044,25.4280893294658,25.4229569268991,25.4332214756594,25.4588783623232,25.4126913524992,25.3767537609245
24.5000904743927,24.5466910676864,24.6346563530609,24.5311599032229,24.5000904743927,24.5466910676864,24.598444539334,24.6036184425424,24.7380479408253,24.5725710861868,24.7483813439431,24.598444539334,24.6036184425424,24.598444539334,24.6553430497988,24.5156263724707,24.5725710861868,24.525982322611,24.5829212550199,24.5466910676864,24.5673956078683,24.593270373703,24.68119552596,24.3394139906367,24.2719579925803,24.5104480028654,24.5673956078683,24.5000904743927,24.5000904743927,24.4431052442089,24.4327408682945,24.4586498313649,24.3809031634257,24.3809031634257,24.4275582848784,24.4016414116675,24.396457245529,24.3912728154683,24.4482870367845,24.5777463018912,24.7225458756109,24.5673956078683,24.6450002255868,24.6915346834782,24.6139654618445,24.68119552596,24.7483813439431,24.6036184425424,24.6346563530609,24.6967038696157,24.7483813439431,24.7018727940562,24.6605140688826,24.7483813439431,24.7897045068028,24.836173098535,24.8103598227198,24.8516579356668,24.7948687272058,24.7690450146872,24.8206859153626,24.86197985757,24.9651418204509,24.9651418204509,24.86197985757,24.8723007375455,24.7587137017957,24.8000326866343,24.8206859153626,24.8258485704877,25.0269891112523,24.9342041538485,24.6553430497988,24.6139654618445,24.6087920833666,24.6553430497988,24.7380479408253,24.593270373703,24.6967038696157,24.6036184425424,24.593270373703,24.5363372209139,24.6294840235847,24.7432147730614,24.7638794888426,24.8723007375455,24.8929393729232,24.6450002255868,24.7432147730614,24.8980983810354,24.7948687272058,24.86197985757,24.9084156166453,24.6967038696157,24.8103598227198,24.7018727940562,24.8103598227198,24.7638794888426,24.6656848260024,24.7225458756109,24.7380479408253,24.7380479408253,24.7948687272058,24.7432147730614,24.8568190268782,24.7793752829217,24.7690450146872,24.8103598227198,24.8155229994525,24.7948687272058,24.8671404277798,24.8877801045559,24.9290469664651,24.7018727940562,24.8206859153626,24.836173098535,24.8516579356668,24.836173098535,24.7845400253874,24.6398284203822,24.7587137017957,24.7948687272058,24.7897045068028,24.836173098535,24.8206859153626,24.9135738442187,24.8413349715329,24.8464965838976,24.8310109648659,24.8671404277798,24.8310109648659,24.8980983810354,24.8568190268782,24.8671404277798,24.8980983810354,24.954830304227,24.8671404277798,24.86197985757,24.8826205758957,24.8929393729232,24.8000326866343,24.8516579356668,24.7897045068028,24.8671404277798,24.7897045068028,24.8051963851263,24.7535476535085,24.7845400253874,24.9084156166453,24.8516579356668,24.8671404277798,24.7587137017957,24.7122098579989,24.7690450146872,24.8103598227198,24.8568190268782,24.6708553211965,24.7070414568379,24.7638794888426,24.7432147730614,24.8258485704877,24.7638794888426,24.7638794888426,24.8877801045559,24.8877801045559,24.8774607869049,24.8051963851263,24.8000326866343,24.8671404277798,24.9393610812787,24.8774607869049,24.8671404277798,24.9445177487934,25.1196900631945,24.9599861922213,24.8929393729232,24.8929393729232,24.9496741564303,24.9290469664651,24.8980983810354,24.918731811688,24.9651418204509,24.8877801045559,24.9445177487934,24.918731811688,24.8464965838976,24.7018727940562,24.8206859153626,24.8258485704877,24.7948687272058,24.8000326866343,24.7897045068028,24.8155229994525,24.8103598227198,24.8000326866343,24.8258485704877,24.8206859153626,24.7638794888426,24.7948687272058,24.7845400253874,24.7690450146872,24.6967038696157,24.7948687272058,24.6863652356057,24.8000326866343,24.7845400253874,24.8103598227198,24.8774607869049,24.9290469664651,24.8310109648659,24.9445177487934,24.86197985757,24.9290469664651,24.8155229994525,24.7948687272058,24.9135738442187,25.0784999971428,24.9651418204509,25.0218365972651,25.0784999971428,25.0784999971428,25.0166838239645,25.0012239478063,24.9754522977662,25.1351320700124,25.2277352917338,25.2894243522202,25.3613480855689,25.4024247521646,25.3870229273887,25.3972910671794,25.4126913524992,25.4024247521646,25.3921571255997,25.4332214756594,25.4537474974415,25.464008971053,25.5921910475291,25.3356668224182,25.4588783623232
24.6605140688826,24.6450002255868,24.593270373703,24.5777463018912,24.5311599032229,24.6708553211965,24.6450002255868,24.5725710861868,24.6760255545029,24.6294840235847,24.7018727940562,24.7483813439431,24.6087920833666,24.6087920833666,24.6553430497988,24.6656848260024,24.6139654618445,24.525982322611,24.6191385780148,24.4741920473867,24.5570438632356,24.6553430497988,24.5208044790397,24.3342266548802,24.3549744119754,24.3186630611374,24.3082860095273,24.3497878691456,24.235616997893,24.5363372209139,24.588095945611,24.5673956078683,24.3446010620456,24.3549744119754,24.4275582848784,24.4586498313649,24.3860881214467,24.4327408682945,24.6656848260024,24.6243114319154,24.6967038696157,24.6967038696157,24.598444539334,24.5570438632356,24.4534685658236,24.5777463018912,24.6760255545029,24.7070414568379,24.7122098579989,24.6708553211965,24.7845400253874,24.7742102793675,24.7742102793675,24.8051963851263,24.8155229994525,24.8310109648659,24.8206859153626,24.8516579356668,24.8516579356668,24.8413349715329,24.8413349715329,24.8671404277798,24.8826205758957,24.954830304227,24.7948687272058,24.8310109648659,24.8051963851263,24.6294840235847,24.8051963851263,24.836173098535,24.836173098535,24.8258485704877,24.3860881214467,24.4741920473867,24.4638308334468,24.4431052442089,24.4741920473867,24.4638308334468,24.396457245529,24.4690115721079,24.5777463018912,24.6087920833666,24.6191385780148,24.7432147730614,24.7897045068028,24.8464965838976,24.8980983810354,24.7587137017957,24.7018727940562,24.7483813439431,24.7535476535085,24.7638794888426,24.7070414568379,24.7380479408253,24.7897045068028,24.8206859153626,24.8568190268782,24.7483813439431,24.7587137017957,24.7587137017957,24.7483813439431,24.7638794888426,24.8464965838976,24.8000326866343,24.7018727940562,24.7587137017957,24.8258485704877,24.8155229994525,24.8774607869049,24.8206859153626,24.6967038696157,24.8929393729232,24.8258485704877,24.8258485704877,24.8464965838976,24.7948687272058,24.8206859153626,24.8206859153626,24.7638794888426,24.7845400253874,24.7587137017957,24.8258485704877,24.86197985757,24.8671404277798,24.86197985757,24.8826205758957,24.8155229994525,24.8671404277798,24.8568190268782,24.8929393729232,24.8877801045559,24.7793752829217,24.8051963851263,24.8413349715329,24.8155229994525,24.836173098535,24.8310109648659,24.8826205758957,24.8413349715329,24.8826205758957,24.8000326866343,24.7948687272058,24.9032571289301,24.8051963851263,24.7277134921382,24.8723007375455,24.8464965838976,24.7793752829217,24.7742102793675,24.8568190268782,24.7638794888426,24.8516579356668,24.7277134921382,24.8051963851263,24.7845400253874,24.6708553211965,24.68119552596,24.7328808471969,24.7897045068028,24.7587137017957,24.86197985757,24.8310109648659,24.8000326866343,24.8206859153626,24.7793752829217,24.8568190268782,24.86197985757,24.8310109648659,24.9960701368761,24.9806071469274,24.918731811688,24.8464965838976,24.8826205758957,24.9032571289301,24.9342041538485,24.9032571289301,24.918731811688,24.836173098535,25.0733500742259,24.8826205758957,24.9084156166453,24.9599861922213,24.836173098535,24.8516579356668,24.8671404277798,24.9135738442187,24.836173098535,24.7277134921382,24.8464965838976,24.8464965838976,24.8413349715329,24.8413349715329,24.6708553211965,24.8051963851263,24.836173098535,24.8258485704877,24.7948687272058,24.7638794888426,24.7690450146872,24.7638794888426,24.7638794888426,24.7070414568379,24.7328808471969,24.7793752829217,24.7225458756109,24.7845400253874,24.7070414568379,24.8671404277798,24.9342041538485,24.9032571289301,24.8877801045559,24.9290469664651,24.836173098535,24.8568190268782,24.8516579356668,24.86197985757,24.954830304227,24.8980983810354,24.9909160664447,24.954830304227,24.9806071469274,25.0990971001769,25.0063774992726,25.0424450977087,25.2123072282184,25.2894243522202,25.2637250847104,25.4383533655169,25.4280893294658,25.4280893294658,25.3408035889768,25.3510763511273,25.464008971053,25.3818884725093,25.3921571255997,25.4999160630027,25.4845288451903,25.4024247521646,25.4280893294658,25.4537474974415
24.7535476535085,24.588095945611,24.7173779975772,24.4949113154483,24.4741920473867,24.6294840235847,24.6501717687129,24.6967038696157,24.6087920833666,24.7070414568379,24.598444539334,24.6036184425424,24.68119552596,24.7380479408253,24.7070414568379,24.7225458756109,24.6656848260024,24.6708553211965,24.6656848260024,24.4586498313649,24.5570438632356,24.6708553211965,24.5466910676864,24.3601606905737,24.2927184476639,24.3186630611374,24.266767216777,24.3705324552306,24.2719579925803,24.6139654618445,24.593270373703,24.5777463018912,24.4120089523324,24.313474667603,24.3757179413665,24.4120089523324,24.3030970868713,24.3549744119754,24.6191385780148,24.7173779975772,24.5622198668973,24.6294840235847,24.5466910676864,24.5104480028654,24.5208044790397,24.4845522079513,24.68119552596,24.8155229994525,24.7948687272058,24.7277134921382,24.7793752829217,24.7793752829217,24.7690450146872,24.8000326866343,24.8877801045559,24.8155229994525,24.8258485704877,24.8464965838976,24.9032571289301,24.8155229994525,24.8258485704877,24.8516579356668,24.8980983810354,24.8723007375455,24.8155229994525,24.8516579356668,24.8206859153626,24.7328808471969,24.7690450146872,24.9702971889533,24.9342041538485,24.6605140688826,24.5208044790397,24.5725710861868,24.6656848260024,24.588095945611,24.5000904743927,24.593270373703,24.588095945611,24.5415142757223,24.5466910676864,24.6191385780148,24.6605140688826,24.7225458756109,24.7483813439431,24.7483813439431,24.8671404277798,24.7690450146872,24.6243114319154,24.5311599032229,24.6450002255868,24.7432147730614,24.7897045068028,24.8103598227198,24.8051963851263,24.7897045068028,24.8671404277798,24.8258485704877,24.7897045068028,24.8826205758957,24.8826205758957,24.8206859153626,24.7948687272058,24.7742102793675,24.7380479408253,24.7432147730614,24.7690450146872,24.7948687272058,24.8980983810354,24.918731811688,24.8774607869049,24.7897045068028,24.7535476535085,24.8464965838976,24.7793752829217,24.7018727940562,24.7690450146872,24.8155229994525,24.8516579356668,24.8568190268782,24.8206859153626,24.8464965838976,24.8155229994525,24.8877801045559,24.8877801045559,24.8774607869049,24.8980983810354,24.8568190268782,24.8413349715329,24.8774607869049,24.7483813439431,24.7638794888426,24.8103598227198,24.8206859153626,24.8155229994525,24.9290469664651,24.8723007375455,24.8929393729232,24.8568190268782,24.8258485704877,24.7948687272058,24.7122098579989,24.8206859153626,24.86197985757,24.8568190268782,24.86197985757,24.836173098535,24.8516579356668,24.8568190268782,24.8929393729232,24.8671404277798,24.86197985757,24.8258485704877,24.8413349715329,24.8051963851263,24.8826205758957,24.8051963851263,24.7483813439431,24.7380479408253,24.7638794888426,24.8310109648659,24.7897045068028,24.7793752829217,24.8413349715329,24.8980983810354,24.9393610812787,24.8464965838976,24.9290469664651,24.86197985757,24.9290469664651,24.8826205758957,24.954830304227,24.9342041538485,24.9135738442187,24.918731811688,24.9651418204509,24.9599861922213,24.8877801045559,24.9290469664651,24.8258485704877,24.8723007375455,24.8877801045559,24.86197985757,24.8568190268782,24.8723007375455,24.954830304227,24.8929393729232,24.8310109648659,24.7018727940562,24.8413349715329,24.8155229994525,24.7897045068028,24.7328808471969,24.7225458756109,24.7277134921382,24.7690450146872,24.7587137017957,24.7845400253874,24.8000326866343,24.7535476535085,24.7535476535085,24.7535476535085,24.7328808471969,24.7380479408253,24.7742102793675,24.7742102793675,24.7638794888426,24.7638794888426,24.86197985757,24.9032571289301,24.8310109648659,24.9290469664651,24.8980983810354,24.8516579356668,24.8877801045559,24.8826205758957,24.9496741564303,25.0372933614365,24.9857617364743,25.0012239478063,25.0115307913128,25.0115307913128,24.9651418204509,25.0990971001769,25.2225928617629,25.3510763511273,25.3562123467933,25.3818884725093,25.3921571255997,25.3305297988212,25.3870229273887,25.3767537609245,25.3099791333095,25.4486163763711,25.4178242679226,25.464008971053,25.4486163763711,25.2945634334578,25.3510763511273,25.3510763511273
24.6087920833666,24.6036184425424,24.6139654618445,24.588095945611,24.525982322611,24.6915346834782,24.6967038696157,24.7018727940562,24.6450002255868,24.6036184425424,24.7018727940562,24.7277134921382,24.6760255545029,24.7535476535085,24.7277134921382,24.6553430497988,24.5208044790397,24.6294840235847,24.6087920833666,24.6450002255868,24.6398284203822,24.588095945611,24.5052693701856,24.5518675968447,24.4068253139224,24.4379231880585,24.2408093636233,24.266767216777,24.396457245529,24.598444539334,24.5208044790397,24.4482870367845,24.3860881214467,24.2927184476639,24.3497878691456,24.3757179413665,24.3757179413665,24.396457245529,24.6346563530609,24.6708553211965,24.5415142757223,24.5777463018912,24.4741920473867,24.4431052442089,24.4638308334468,24.4534685658236,24.6863652356057,24.68119552596,24.8671404277798,24.8568190268782,24.7793752829217,24.7845400253874,24.7793752829217,24.8464965838976,24.6967038696157,24.9857617364743,24.86197985757,24.7587137017957,24.8051963851263,24.918731811688,24.8723007375455,24.8155229994525,24.918731811688,24.8980983810354,24.9342041538485,24.8155229994525,24.7070414568379,24.7948687272058,24.9754522977662,24.9032571289301,24.6191385780148,24.7070414568379,24.5518675968447,24.7173779975772,24.7328808471969,24.6139654618445,24.598444539334,24.5725710861868,24.3705324552306,24.5673956078683,24.5518675968447,24.525982322611,24.5777463018912,24.6346563530609,24.5466910676864,24.6191385780148,24.6243114319154,24.598444539334,24.4534685658236,24.6243114319154,24.7070414568379,24.7638794888426,24.7277134921382,24.8258485704877,24.7587137017957,24.8413349715329,24.8723007375455,24.9393610812787,24.8774607869049,24.8671404277798,24.7587137017957,24.7742102793675,24.9238895190908,24.8723007375455,24.9238895190908,24.7897045068028,24.7122098579989,24.8516579356668,24.7897045068028,24.8310109648659,24.7845400253874,24.7845400253874,24.8464965838976,24.7897045068028,24.6294840235847,24.6191385780148,24.6087920833666,24.6708553211965,24.7638794888426,24.8206859153626,24.8516579356668,24.8723007375455,24.8929393729232,24.8258485704877,24.9032571289301,24.8774607869049,24.8774607869049,24.8516579356668,24.7690450146872,24.7845400253874,24.7432147730614,24.6553430497988,24.7432147730614,24.6760255545029,24.7018727940562,24.8206859153626,24.8826205758957,24.8877801045559,24.8051963851263,24.7793752829217,24.8000326866343,24.8103598227198,24.8155229994525,24.8464965838976,24.86197985757,24.836173098535,24.7897045068028,24.8980983810354,24.7535476535085,24.8413349715329,24.8826205758957,24.86197985757,24.8413349715329,24.7845400253874,24.8155229994525,24.7483813439431,24.8206859153626,24.8051963851263,24.6915346834782,24.8568190268782,24.7380479408253,24.836173098535,24.7380479408253,24.8000326866343,24.7535476535085,24.9754522977662,24.8464965838976,24.9702971889533,24.8464965838976,24.836173098535,24.9290469664651,24.9290469664651,24.9238895190908,24.8723007375455,24.9084156166453,24.8723007375455,24.9651418204509,24.8723007375455,24.9238895190908,24.8206859153626,24.8310109648659,24.8464965838976,24.9032571289301,24.918731811688,24.86197985757,24.8568190268782,24.8464965838976,24.7638794888426,24.8051963851263,24.8413349715329,24.8206859153626,24.8103598227198,24.7690450146872,24.8310109648659,24.7277134921382,24.8258485704877,24.8000326866343,24.8723007375455,24.8258485704877,24.7638794888426,24.7225458756109,24.7483813439431,24.7225458756109,24.7742102793675,24.7535476535085,24.7122098579989,24.6967038696157,24.86197985757,24.8877801045559,24.836173098535,24.8929393729232,24.836173098535,24.86197985757,24.836173098535,24.8929393729232,24.8516579356668,25.0012239478063,24.9135738442187,24.954830304227,24.9651418204509,25.0630494515398,25.0733500742259,25.0269891112523,25.0527477928007,25.0990971001769,25.2483024338098,25.3562123467933,25.3767537609245,25.3099791333095,25.4280893294658,25.3767537609245,25.3921571255997,25.3716187925976,25.3921571255997,25.4280893294658,25.4126913524992,25.4229569268991,25.4280893294658,25.4486163763711,25.4486163763711
24.6087920833666,24.6863652356057,24.6915346834782,24.593270373703,24.5052693701856,24.5000904743927,24.5777463018912,24.6967038696157,24.68119552596,24.6036184425424,24.6605140688826,24.7070414568379,24.7173779975772,24.7070414568379,24.7432147730614,24.6346563530609,24.7122098579989,24.6087920833666,24.7225458756109,24.6656848260024,24.6450002255868,24.5622198668973,24.5000904743927,24.5622198668973,24.5570438632356,24.4586498313649,24.2304243670388,24.2875287310348,24.3186630611374,24.5829212550199,24.6036184425424,24.5311599032229,24.593270373703,24.3549744119754,24.3446010620456,24.3912728154683,24.2927184476639,24.3186630611374,24.3860881214467,24.5622198668973,24.5673956078683,24.5052693701856,24.3549744119754,24.3601606905737,24.4793722593216,24.5052693701856,24.68119552596,24.7742102793675,24.8464965838976,24.7845400253874,24.7793752829217,24.7948687272058,24.8413349715329,24.7793752829217,24.7690450146872,24.86197985757,24.7587137017957,24.8929393729232,24.836173098535,24.8671404277798,24.9084156166453,24.9135738442187,24.86197985757,24.8774607869049,24.9084156166453,24.7070414568379,24.7535476535085,24.9496741564303,25.0166838239645,24.7690450146872,24.6191385780148,24.6967038696157,24.7690450146872,24.7793752829217,24.6863652356057,24.6708553211965,24.6863652356057,24.5518675968447,24.4897318933139,24.5000904743927,24.6087920833666,24.6605140688826,24.6346563530609,24.6087920833666,24.6294840235847,24.7638794888426,24.7277134921382,24.7070414568379,24.6243114319154,24.7018727940562,24.8516579356668,24.8155229994525,24.7897045068028,24.8051963851263,24.8103598227198,24.7328808471969,24.8310109648659,24.8258485704877,24.8671404277798,24.8723007375455,24.8051963851263,24.8413349715329,24.9135738442187,24.9702971889533,24.9496741564303,24.8774607869049,24.8258485704877,24.8103598227198,24.8980983810354,24.7122098579989,24.7483813439431,24.7793752829217,24.836173098535,24.6708553211965,24.7845400253874,24.7690450146872,24.6139654618445,24.8155229994525,24.7225458756109,24.7328808471969,24.9290469664651,24.8877801045559,24.86197985757,24.8877801045559,24.8206859153626,24.9290469664651,24.86197985757,24.8413349715329,24.8826205758957,24.8568190268782,24.8774607869049,24.7845400253874,24.8051963851263,24.6656848260024,24.7845400253874,24.8464965838976,24.8206859153626,24.8413349715329,24.8413349715329,24.7793752829217,24.8051963851263,24.7948687272058,24.8568190268782,24.8464965838976,24.7277134921382,24.8826205758957,24.8206859153626,24.8155229994525,24.8877801045559,24.8774607869049,24.836173098535,24.8826205758957,24.8206859153626,24.7328808471969,24.8000326866343,24.7793752829217,24.7018727940562,24.6863652356057,24.7173779975772,24.7535476535085,24.7742102793675,24.7328808471969,24.8413349715329,24.8155229994525,24.8258485704877,24.8568190268782,24.9238895190908,24.8516579356668,24.7948687272058,24.836173098535,24.8310109648659,24.8206859153626,24.918731811688,24.9238895190908,24.86197985757,24.8980983810354,24.9084156166453,24.8723007375455,24.86197985757,24.918731811688,24.8413349715329,24.8464965838976,24.836173098535,24.8516579356668,24.836173098535,24.8723007375455,24.8516579356668,24.7225458756109,24.7897045068028,24.7432147730614,24.7535476535085,24.7483813439431,24.8723007375455,24.8103598227198,24.8206859153626,24.7897045068028,24.7742102793675,24.7897045068028,24.8258485704877,24.7742102793675,24.7225458756109,24.7380479408253,24.7018727940562,24.6915346834782,24.6967038696157,24.6501717687129,24.7277134921382,24.8568190268782,24.8464965838976,24.8568190268782,24.8464965838976,24.7742102793675,24.8980983810354,24.8826205758957,24.8258485704877,24.9032571289301,25.0012239478063,25.0372933614365,24.9702971889533,24.954830304227,25.0424450977087,24.9290469664651,24.9909160664447,25.0063774992726,25.2483024338098,25.3408035889768,25.2174501739369,25.3356668224182,25.3870229273887,25.3921571255997,25.3562123467933,25.3972910671794,25.325392518149,25.4178242679226,25.3716187925976,25.4691393236678,25.4332214756594,25.3818884725093,25.3562123467933,25.464008971053
24.593270373703,24.4793722593216,24.6708553211965,24.6139654618445,24.6139654618445,24.525982322611,24.6501717687129,24.6915346834782,24.6553430497988,24.6605140688826,24.7225458756109,24.7018727940562,24.6915346834782,24.7070414568379,24.7380479408253,24.7380479408253,24.593270373703,24.5363372209139,24.5829212550199,24.6087920833666,24.6656848260024,24.6760255545029,24.5518675968447,24.5673956078683,24.5518675968447,24.5725710861868,24.5518675968447,24.3809031634257,24.2719579925803,24.4638308334468,24.4379231880585,24.417192326936,24.4793722593216,24.3601606905737,24.3757179413665,24.4120089523324,24.3601606905737,24.235616997893,24.235616997893,24.5104480028654,24.3912728154683,24.3860881214467,24.4638308334468,24.5000904743927,24.5052693701856,24.525982322611,24.7122098579989,24.6708553211965,24.8826205758957,24.8877801045559,24.6605140688826,24.7793752829217,24.8516579356668,24.8413349715329,24.8206859153626,24.8103598227198,24.9702971889533,24.8206859153626,24.9702971889533,24.918731811688,24.9754522977662,24.8980983810354,24.7948687272058,24.9084156166453,24.7897045068028,24.9084156166453,24.8877801045559,24.8671404277798,24.836173098535,24.68119552596,24.6915346834782,24.6087920833666,24.7483813439431,24.6915346834782,24.6656848260024,24.5622198668973,24.6087920833666,24.6553430497988,24.5000904743927,24.6243114319154,24.6708553211965,24.7535476535085,24.7742102793675,24.5208044790397,24.7328808471969,24.8516579356668,24.7432147730614,24.7483813439431,24.7018727940562,24.8310109648659,24.7948687272058,24.7948687272058,24.7225458756109,24.836173098535,24.8103598227198,24.8671404277798,24.7690450146872,24.8464965838976,24.86197985757,24.9032571289301,24.918731811688,24.8516579356668,24.8929393729232,24.8671404277798,24.9238895190908,24.8051963851263,24.8723007375455,24.8258485704877,24.7638794888426,24.7225458756109,24.7690450146872,24.7948687272058,24.7690450146872,24.8103598227198,24.7742102793675,24.8929393729232,24.7483813439431,24.8980983810354,24.8723007375455,24.7277134921382,24.8206859153626,24.8774607869049,24.9290469664651,24.9342041538485,24.9445177487934,24.8258485704877,24.8774607869049,24.8723007375455,24.7845400253874,24.8980983810354,24.8877801045559,24.9135738442187,24.8413349715329,24.9342041538485,24.86197985757,24.8464965838976,24.8877801045559,24.8258485704877,24.8877801045559,24.8826205758957,24.86197985757,24.954830304227,24.86197985757,24.8516579356668,24.8103598227198,24.8671404277798,24.8774607869049,24.8774607869049,24.8980983810354,24.8155229994525,24.8258485704877,24.8723007375455,24.8826205758957,24.7638794888426,24.7742102793675,24.8051963851263,24.7018727940562,24.7948687272058,24.7070414568379,24.7122098579989,24.7225458756109,24.8310109648659,24.836173098535,24.7328808471969,24.8413349715329,24.8671404277798,24.8155229994525,24.7793752829217,24.8464965838976,24.8310109648659,24.8929393729232,25.0012239478063,24.8568190268782,24.9084156166453,24.8826205758957,24.9445177487934,24.9342041538485,24.918731811688,24.8723007375455,24.9496741564303,24.9238895190908,24.8723007375455,24.918731811688,24.8568190268782,24.8671404277798,24.8671404277798,24.8000326866343,24.8103598227198,24.7845400253874,24.7690450146872,24.8774607869049,24.8774607869049,24.7380479408253,24.7690450146872,24.7742102793675,24.7018727940562,24.7380479408253,24.7742102793675,24.7845400253874,24.8155229994525,24.8258485704877,24.7225458756109,24.7070414568379,24.7173779975772,24.6863652356057,24.68119552596,24.68119552596,24.7122098579989,24.8413349715329,24.8826205758957,24.9754522977662,24.8464965838976,24.7948687272058,24.9445177487934,24.9857617364743,24.9238895190908,25.0012239478063,24.9909160664447,25.0424450977087,24.9857617364743,24.9857617364743,24.9496741564303,24.9960701368761,25.0063774992726,25.1505717504272,25.2431610348875,25.3356668224182,25.2945634334578,25.3305297988212,25.3305297988212,25.2945634334578,25.2997022573604,25.3716187925976,25.3972910671794,25.3202549803643,25.3305297988212,25.4486163763711,25.4024247521646,25.3818884725093,25.4691393236678
24.5829212550199,24.6087920833666,24.6553430497988,24.6708553211965,24.6967038696157,24.6553430497988,24.6708553211965,24.6708553211965,24.7742102793675,24.7018727940562,24.7225458756109,24.7638794888426,24.6605140688826,24.6708553211965,24.7897045068028,24.7380479408253,24.598444539334,24.4949113154483,24.5777463018912,24.6139654618445,24.7380479408253,24.6243114319154,24.6087920833666,24.5518675968447,24.5518675968447,24.5415142757223,24.3860881214467,24.4275582848784,24.3497878691456,24.3809031634257,24.2927184476639,24.396457245529,24.4068253139224,24.4068253139224,24.3860881214467,24.5363372209139,24.3342266548802,24.3446010620456,24.2563848704595,24.2823387496704,24.2044572345467,24.3082860095273,24.3757179413665,24.5208044790397,24.4431052442089,24.68119552596,24.6708553211965,24.7483813439431,24.8103598227198,24.8413349715329,24.8413349715329,24.7380479408253,24.8155229994525,24.8671404277798,24.8413349715329,24.7225458756109,24.8568190268782,24.8413349715329,24.9084156166453,24.8671404277798,24.86197985757,24.8413349715329,24.836173098535,24.9032571289301,24.918731811688,25.0166838239645,24.8568190268782,24.7742102793675,24.7793752829217,24.6294840235847,24.7638794888426,24.7742102793675,24.7277134921382,24.7277134921382,24.6863652356057,24.6139654618445,24.5725710861868,24.5208044790397,24.5052693701856,24.5052693701856,24.7432147730614,24.7535476535085,24.8000326866343,24.7173779975772,24.6760255545029,24.7948687272058,24.7018727940562,24.7535476535085,24.7277134921382,24.7742102793675,24.7948687272058,24.7587137017957,24.6863652356057,24.6915346834782,24.8051963851263,24.8413349715329,24.7690450146872,24.8516579356668,24.8723007375455,24.8516579356668,24.8413349715329,24.8413349715329,24.86197985757,24.8568190268782,24.8723007375455,24.9290469664651,24.7948687272058,24.7690450146872,24.836173098535,24.8568190268782,24.86197985757,24.7380479408253,24.6967038696157,24.6967038696157,24.8051963851263,24.8258485704877,24.9393610812787,25.0218365972651,24.8516579356668,24.7380479408253,24.7225458756109,24.8413349715329,24.8310109648659,24.8206859153626,24.8980983810354,24.8464965838976,24.8774607869049,24.7742102793675,24.8826205758957,24.7793752829217,24.8516579356668,24.86197985757,24.86197985757,24.8155229994525,24.836173098535,24.8051963851263,24.8980983810354,24.7793752829217,24.8155229994525,24.836173098535,24.8258485704877,24.8516579356668,24.86197985757,24.8877801045559,24.7948687272058,24.8310109648659,24.8774607869049,24.8103598227198,24.8413349715329,24.7225458756109,24.8155229994525,24.8310109648659,24.8258485704877,24.7122098579989,24.8103598227198,24.7948687272058,24.7018727940562,24.6915346834782,24.7018727940562,24.7328808471969,24.7018727940562,24.7845400253874,24.7380479408253,24.8516579356668,24.8774607869049,24.8568190268782,24.8155229994525,24.8723007375455,24.8206859153626,24.8206859153626,24.8877801045559,24.8103598227198,24.8516579356668,24.9238895190908,24.8929393729232,24.8980983810354,24.8929393729232,24.9393610812787,24.954830304227,24.8826205758957,24.8877801045559,24.8155229994525,24.8310109648659,24.8568190268782,24.7897045068028,24.7742102793675,24.7587137017957,24.8000326866343,24.8413349715329,24.7432147730614,24.68119552596,24.7483813439431,24.7070414568379,24.7432147730614,24.6967038696157,24.8310109648659,24.7380479408253,24.7793752829217,24.8206859153626,24.7897045068028,24.7948687272058,24.7793752829217,24.6967038696157,24.7225458756109,24.7328808471969,24.6967038696157,24.8516579356668,24.7018727940562,24.836173098535,24.8310109648659,24.836173098535,24.9135738442187,24.8723007375455,24.86197985757,24.8206859153626,25.0269891112523,25.0475965748176,25.0372933614365,24.954830304227,25.0269891112523,25.0527477928007,25.0424450977087,25.0527477928007,25.0836496611589,25.2225928617629,25.2483024338098,25.2842850136107,25.325392518149,25.4793992606996,25.3870229273887,25.4178242679226,25.4486163763711,25.3459400985342,25.3408035889768,25.4126913524992,25.4126913524992,25.5153009780981,25.4691393236678,25.3921571255997,25.3870229273887
24.6915346834782,24.6656848260024,24.7277134921382,24.6398284203822,24.6553430497988,24.6708553211965,24.7328808471969,24.5622198668973,24.7070414568379,24.7173779975772,24.7587137017957,24.7070414568379,24.7277134921382,24.6501717687129,24.7328808471969,24.7380479408253,24.5208044790397,24.5156263724707,24.6553430497988,24.5104480028654,24.5725710861868,24.5777463018912,24.6760255545029,24.6915346834782,24.6087920833666,24.4431052442089,24.2511932998677,24.2771485035319,24.4741920473867,24.3446010620456,24.0901229747396,24.2979078995965,24.3238511901693,24.4120089523324,24.4120089523324,24.3705324552306,24.2927184476639,24.3549744119754,24.3186630611374,24.2044572345467,24.2875287310348,24.2719579925803,24.4120089523324,24.4586498313649,24.5000904743927,24.6191385780148,24.8000326866343,24.7638794888426,24.7897045068028,24.8206859153626,24.8103598227198,24.8516579356668,24.7638794888426,24.8671404277798,24.8000326866343,24.8258485704877,24.8568190268782,24.9290469664651,24.8671404277798,24.8826205758957,24.954830304227,24.9135738442187,24.9342041538485,25.0887990663117,24.8826205758957,24.9084156166453,24.7845400253874,24.7018727940562,24.7897045068028,24.7845400253874,24.7948687272058,24.7793752829217,24.7793752829217,24.6967038696157,24.5725710861868,24.6294840235847,24.5829212550199,24.593270373703,24.5000904743927,24.7483813439431,24.7587137017957,24.7793752829217,24.8826205758957,24.8464965838976,24.8464965838976,24.6915346834782,24.7380479408253,24.8464965838976,24.836173098535,24.7793752829217,24.8258485704877,24.8568190268782,24.8051963851263,24.8155229994525,24.7483813439431,24.8310109648659,24.8155229994525,24.8413349715329,24.8516579356668,24.8516579356668,24.9084156166453,24.954830304227,24.8516579356668,24.8464965838976,24.7948687272058,24.8877801045559,24.86197985757,24.8774607869049,24.7897045068028,24.7793752829217,24.7742102793675,24.8051963851263,24.8516579356668,24.8103598227198,24.8723007375455,24.9238895190908,24.8826205758957,24.9754522977662,24.7793752829217,24.8258485704877,24.8464965838976,24.836173098535,24.8413349715329,24.8155229994525,24.7897045068028,24.8206859153626,24.7638794888426,24.8103598227198,24.7793752829217,24.7845400253874,24.8516579356668,24.9651418204509,24.9084156166453,24.8516579356668,24.8464965838976,24.8103598227198,24.8877801045559,24.8516579356668,24.8877801045559,24.8929393729232,24.836173098535,24.9238895190908,24.86197985757,24.7432147730614,24.8103598227198,24.8464965838976,24.7587137017957,24.8568190268782,24.8413349715329,24.7432147730614,24.836173098535,24.8155229994525,24.8103598227198,24.7018727940562,24.7793752829217,24.7948687272058,24.8103598227198,24.8051963851263,24.8155229994525,24.7070414568379,24.8051963851263,24.7793752829217,24.7432147730614,24.8000326866343,24.9238895190908,24.8877801045559,24.8723007375455,24.7948687272058,24.7948687272058,24.8929393729232,24.8155229994525,24.8774607869049,24.8774607869049,24.9393610812787,24.9238895190908,24.9342041538485,24.9393610812787,24.8826205758957,24.9754522977662,24.9651418204509,24.8877801045559,24.954830304227,24.8155229994525,24.9496741564303,24.9135738442187,24.7638794888426,24.8103598227198,24.8413349715329,24.7690450146872,24.7483813439431,24.7535476535085,24.8103598227198,24.7535476535085,24.7225458756109,24.8413349715329,24.8568190268782,24.7225458756109,24.7638794888426,24.8155229994525,24.836173098535,24.8155229994525,24.7070414568379,24.8000326866343,24.7328808471969,24.7277134921382,24.6967038696157,24.8000326866343,24.7277134921382,24.8516579356668,24.836173098535,24.8051963851263,24.8980983810354,24.8671404277798,24.9599861922213,24.9806071469274,24.8774607869049,25.0784999971428,25.0733500742259,25.0784999971428,25.0372933614365,24.9960701368761,25.0218365972651,25.0939482126385,25.0939482126385,25.2277352917338,25.258584458684,25.3099791333095,25.3151171854302,25.3408035889768,25.3202549803643,25.3408035889768,25.3356668224182,25.4588783623232,25.4793992606996,25.3921571255997,25.464008971053,25.464008971053,25.3818884725093,25.3305297988212,25.4537474974415
24.6191385780148,24.6501717687129,24.6450002255868,24.7070414568379,24.6863652356057,24.593270373703,24.588095945611,24.6450002255868,24.7277134921382,24.6863652356057,24.6915346834782,24.7122098579989,24.7070414568379,24.7070414568379,24.6760255545029,24.7225458756109,24.6708553211965,24.588095945611,24.7793752829217,24.6294840235847,24.6036184425424,24.4897318933139,24.5363372209139,24.7535476535085,24.6294840235847,24.3705324552306,24.2771485035319,24.266767216777,24.3705324552306,24.2875287310348,24.1265160139431,24.4068253139224,24.3030970868713,24.4223754377718,24.4275582848784,24.5000904743927,24.4016414116675,24.5000904743927,24.3394139906367,24.1784834681163,24.261576176083,24.266767216777,24.3757179413665,24.4431052442089,24.588095945611,24.7277134921382,24.7742102793675,24.8000326866343,24.8051963851263,24.7845400253874,24.7173779975772,24.8980983810354,24.8258485704877,24.8206859153626,24.7897045068028,24.8155229994525,24.8155229994525,24.8568190268782,24.918731811688,24.8929393729232,24.9084156166453,24.836173098535,24.8723007375455,24.8000326866343,24.7897045068028,24.7690450146872,24.7793752829217,24.9342041538485,24.7742102793675,24.5000904743927,24.7225458756109,24.8000326866343,24.7122098579989,24.5777463018912,24.5777463018912,24.6139654618445,24.6553430497988,24.6915346834782,24.6243114319154,24.7122098579989,24.8051963851263,24.7897045068028,24.8051963851263,24.8206859153626,24.8206859153626,24.6760255545029,24.8464965838976,24.8000326866343,24.8103598227198,24.8000326866343,24.8206859153626,24.86197985757,24.8206859153626,24.836173098535,24.7328808471969,24.8103598227198,24.7432147730614,24.7432147730614,24.836173098535,24.8464965838976,24.9135738442187,24.9393610812787,24.7793752829217,24.8826205758957,24.8206859153626,24.8929393729232,24.9084156166453,24.8774607869049,24.7380479408253,24.8206859153626,24.7948687272058,24.8000326866343,24.7897045068028,24.7742102793675,24.8103598227198,24.836173098535,24.9445177487934,24.9290469664651,24.9393610812787,24.86197985757,24.8310109648659,24.8568190268782,24.8206859153626,24.7277134921382,24.8826205758957,24.8826205758957,24.8413349715329,24.8671404277798,24.8723007375455,24.8051963851263,24.86197985757,24.7948687272058,24.8568190268782,24.8310109648659,24.8103598227198,24.8103598227198,24.8774607869049,24.8877801045559,24.8464965838976,24.86197985757,24.8516579356668,24.8464965838976,24.7638794888426,24.86197985757,24.8877801045559,24.8877801045559,24.8464965838976,24.7742102793675,24.7535476535085,24.6915346834782,24.86197985757,24.8000326866343,24.7173779975772,24.6553430497988,24.6346563530609,24.6708553211965,24.7845400253874,24.7845400253874,24.7948687272058,24.8103598227198,24.8000326866343,24.7948687272058,24.7587137017957,24.8723007375455,24.8774607869049,24.8568190268782,24.8258485704877,24.836173098535,24.8310109648659,24.8980983810354,24.8929393729232,24.8929393729232,24.9702971889533,24.9599861922213,24.8310109648659,24.8206859153626,24.9135738442187,24.9084156166453,24.9909160664447,24.9496741564303,24.954830304227,24.86197985757,24.8464965838976,24.8568190268782,24.8258485704877,24.9032571289301,24.7845400253874,24.8155229994525,24.8000326866343,24.6501717687129,24.7587137017957,24.6656848260024,24.7277134921382,24.7173779975772,24.7225458756109,24.7173779975772,24.7277134921382,24.7483813439431,24.7225458756109,24.7897045068028,24.8516579356668,24.7948687272058,24.7277134921382,24.6708553211965,24.6760255545029,24.6605140688826,24.7380479408253,24.8929393729232,24.7948687272058,24.8980983810354,24.8929393729232,24.86197985757,24.8103598227198,24.954830304227,24.9599861922213,24.9806071469274,24.9806071469274,25.0063774992726,25.0681998923707,25.0578987516956,25.0115307913128,25.0115307913128,25.0527477928007,25.0475965748176,25.1042457289643,25.2071640245704,25.2740055641272,25.2791454175921,25.2637250847104,25.3767537609245,25.3459400985342,25.3510763511273,25.4742694202044,25.4896581737131,25.4486163763711,25.4024247521646,25.4742694202044,25.4588783623232,25.3562123467933,25.3716187925976
24.8051963851263,24.7483813439431,24.7277134921382,24.7535476535085,24.6863652356057,24.593270373703,24.6863652356057,24.7070414568379,24.7690450146872,24.6656848260024,24.6863652356057,24.7380479408253,24.7070414568379,24.7225458756109,24.6708553211965,24.68119552596,24.6863652356057,24.6605140688826,24.7587137017957,24.6139654618445,24.6191385780148,24.5829212550199,24.7432147730614,24.6346563530609,24.6191385780148,24.5000904743927,24.2719579925803,24.2771485035319,24.4741920473867,24.4431052442089,24.4482870367845,24.4016414116675,24.417192326936,24.417192326936,24.4120089523324,24.4482870367845,24.4223754377718,24.4120089523324,24.3238511901693,24.1732879183289,24.3342266548802,24.3549744119754,24.5415142757223,24.4638308334468,24.7070414568379,24.7225458756109,24.7897045068028,24.7897045068028,24.6656848260024,24.7897045068028,24.7897045068028,24.7897045068028,24.7897045068028,24.86197985757,24.7587137017957,24.8723007375455,24.8671404277798,24.8929393729232,24.9032571289301,24.918731811688,24.7793752829217,24.836173098535,24.6501717687129,24.7845400253874,24.7742102793675,24.7638794888426,24.7535476535085,24.7432147730614,24.6656848260024,24.5777463018912,24.6708553211965,24.7690450146872,24.7742102793675,24.5725710861868,24.588095945611,24.6501717687129,24.7328808471969,24.5829212550199,24.7225458756109,24.7432147730614,24.7587137017957,24.7587137017957,24.9135738442187,24.86197985757,24.6863652356057,24.6863652356057,24.7690450146872,24.8051963851263,24.7897045068028,24.7845400253874,24.8671404277798,24.8671404277798,24.7328808471969,24.7070414568379,24.8671404277798,24.7535476535085,24.8671404277798,24.7638794888426,24.8155229994525,24.836173098535,24.8413349715329,24.8516579356668,24.8723007375455,24.8671404277798,24.8774607869049,24.86197985757,24.8929393729232,24.8258485704877,24.8206859153626,24.8000326866343,24.8103598227198,24.7173779975772,24.8000326866343,24.7897045068028,24.7690450146872,24.8877801045559,24.86197985757,24.918731811688,24.8929393729232,24.8413349715329,24.86197985757,24.8103598227198,24.8258485704877,24.836173098535,24.8671404277798,24.9084156166453,24.8980983810354,24.8516579356668,24.9599861922213,24.8723007375455,24.8671404277798,24.8155229994525,24.8568190268782,24.8103598227198,24.8103598227198,24.8310109648659,24.8413349715329,24.8516579356668,24.8413349715329,24.8413349715329,24.8671404277798,24.8413349715329,24.8464965838976,24.8413349715329,24.8929393729232,24.8671404277798,24.8464965838976,24.86197985757,24.7638794888426,24.7690450146872,24.7845400253874,24.7948687272058,24.8206859153626,24.7277134921382,24.7070414568379,24.836173098535,24.6863652356057,24.8206859153626,24.8258485704877,24.836173098535,24.836173098535,24.7793752829217,24.86197985757,24.8826205758957,24.836173098535,24.9238895190908,24.8774607869049,24.8980983810354,24.8671404277798,24.8980983810354,24.8826205758957,24.9032571289301,24.9032571289301,24.9135738442187,24.8310109648659,24.9393610812787,24.9238895190908,24.8980983810354,24.9135738442187,25.0115307913128,24.9135738442187,24.8826205758957,24.9445177487934,24.8310109648659,24.8258485704877,24.7948687272058,24.7897045068028,24.7793752829217,24.8051963851263,24.7535476535085,24.8464965838976,24.7483813439431,24.8258485704877,24.7483813439431,24.7277134921382,24.7535476535085,24.7432147730614,24.8413349715329,24.7638794888426,24.836173098535,24.8310109648659,24.7483813439431,24.7225458756109,24.8103598227198,24.7483813439431,24.8206859153626,24.6760255545029,24.8516579356668,24.8206859153626,24.8723007375455,24.9599861922213,24.9702971889533,24.8980983810354,24.9651418204509,25.1042457289643,24.9754522977662,25.0012239478063,24.9909160664447,25.0475965748176,25.0887990663117,25.0063774992726,25.0218365972651,25.0630494515398,25.0527477928007,25.258584458684,25.2534435750629,25.3510763511273,25.3305297988212,25.3716187925976,25.2534435750629,25.3921571255997,25.3972910671794,25.3664835674914,25.4742694202044,25.4845288451903,25.4486163763711,25.4537474974415,25.3972910671794,25.4075581805922,25.3305297988212
24.6501717687129,24.6346563530609,24.6450002255868,24.6501717687129,24.6605140688826,24.7328808471969,24.68119552596,24.7432147730614,24.7793752829217,24.7173779975772,24.6915346834782,24.5829212550199,24.6915346834782,24.7690450146872,24.7328808471969,24.6656848260024,24.6398284203822,24.6967038696157,24.6346563530609,24.5777463018912,24.6087920833666,24.5622198668973,24.588095945611,24.7380479408253,24.6139654618445,24.598444539334,24.5052693701856,24.313474667603,24.5673956078683,24.5466910676864,24.5466910676864,24.4223754377718,24.5052693701856,24.4431052442089,24.4897318933139,24.4690115721079,24.5104480028654,24.3290390547373,24.235616997893,24.3446010620456,24.3186630611374,24.5415142757223,24.5777463018912,24.5622198668973,24.7070414568379,24.7328808471969,24.8051963851263,24.7897045068028,24.7380479408253,24.8671404277798,24.7897045068028,24.6294840235847,24.7328808471969,24.86197985757,24.9135738442187,24.9135738442187,24.8464965838976,24.9032571289301,24.8723007375455,24.8826205758957,24.7690450146872,24.7793752829217,24.7845400253874,24.7380479408253,24.7690450146872,24.7535476535085,24.7690450146872,24.7535476535085,24.7483813439431,24.588095945611,24.7742102793675,24.7690450146872,24.7845400253874,24.7845400253874,24.5829212550199,24.598444539334,24.7018727940562,24.6553430497988,24.598444539334,24.6294840235847,24.8000326866343,24.9496741564303,24.86197985757,24.8051963851263,24.7173779975772,24.8103598227198,24.7070414568379,24.8155229994525,24.7793752829217,24.7948687272058,24.6967038696157,24.7380479408253,24.7173779975772,24.9496741564303,24.8310109648659,24.86197985757,24.7432147730614,24.7845400253874,24.7793752829217,24.7845400253874,24.8568190268782,24.9806071469274,24.9651418204509,24.8980983810354,24.8310109648659,24.86197985757,24.8051963851263,24.7225458756109,24.8258485704877,24.8464965838976,24.7587137017957,24.7328808471969,24.8103598227198,24.8516579356668,24.8980983810354,24.8826205758957,24.9238895190908,24.7948687272058,24.8774607869049,24.8464965838976,24.8310109648659,24.8155229994525,24.8051963851263,24.8723007375455,24.8155229994525,24.8310109648659,24.7587137017957,24.8723007375455,24.8877801045559,24.9599861922213,24.86197985757,24.9084156166453,24.8464965838976,24.86197985757,24.836173098535,24.8155229994525,24.8774607869049,24.8671404277798,24.8826205758957,24.9135738442187,24.836173098535,24.9032571289301,24.8310109648659,24.918731811688,24.8413349715329,24.7638794888426,24.7742102793675,24.7638794888426,24.7535476535085,24.7173779975772,24.7690450146872,24.7948687272058,24.7225458756109,24.8206859153626,24.7897045068028,24.8826205758957,24.7793752829217,24.8464965838976,24.8051963851263,24.8155229994525,24.7845400253874,24.8051963851263,24.836173098535,24.8877801045559,24.8980983810354,24.8206859153626,24.918731811688,24.8671404277798,24.8774607869049,24.918731811688,24.8155229994525,24.8723007375455,24.918731811688,24.9342041538485,24.9238895190908,24.86197985757,24.9084156166453,24.9032571289301,24.8929393729232,24.9651418204509,24.9445177487934,24.9084156166453,24.9393610812787,24.8929393729232,25.0269891112523,24.8413349715329,24.8929393729232,24.8258485704877,24.86197985757,24.8000326866343,24.8206859153626,24.7638794888426,24.7742102793675,24.7225458756109,24.7793752829217,24.7948687272058,24.7328808471969,24.8206859153626,24.7277134921382,24.7328808471969,24.8155229994525,24.8000326866343,24.8103598227198,24.8051963851263,24.7742102793675,24.7742102793675,24.7535476535085,24.8103598227198,24.9084156166453,24.9702971889533,25.0115307913128,24.9599861922213,25.0939482126385,24.9599861922213,25.0990971001769,25.0887990663117,25.0784999971428,25.0939482126385,25.0527477928007,25.0733500742259,25.0527477928007,25.0681998923707,25.1865886299367,25.0784999971428,25.1865886299367,25.2997022573604,25.2740055641272,25.3613480855689,25.3459400985342,25.4024247521646,25.3459400985342,25.4178242679226,25.4229569268991,25.2894243522202,25.4434849990752,25.4691393236678,25.3510763511273,25.4178242679226,25.3972910671794,25.4537474974415
24.6450002255868,24.7328808471969,24.7535476535085,24.7225458756109,24.7277134921382,24.7173779975772,24.7535476535085,24.6605140688826,24.6708553211965,24.6398284203822,24.6501717687129,24.68119552596,24.7225458756109,24.6346563530609,24.6760255545029,24.7380479408253,24.7380479408253,24.6450002255868,24.6346563530609,24.6243114319154,24.6243114319154,24.5725710861868,24.6708553211965,24.7277134921382,24.6191385780148,24.4949113154483,24.5000904743927,24.6398284203822,24.5156263724707,24.6294840235847,24.6191385780148,24.5208044790397,24.417192326936,24.4068253139224,24.4431052442089,24.417192326936,24.3860881214467,24.3290390547373,24.3342266548802,24.2460014642685,24.3601606905737,24.5622198668973,24.588095945611,24.6656848260024,24.7432147730614,24.7690450146872,24.8206859153626,24.7018727940562,24.7277134921382,24.7432147730614,24.6294840235847,24.6553430497988,24.7793752829217,24.9393610812787,24.9342041538485,24.8568190268782,24.8258485704877,24.7483813439431,24.7432147730614,24.8206859153626,24.6760255545029,24.7122098579989,24.7122098579989,24.7793752829217,24.7018727940562,24.7690450146872,24.7173779975772,24.7587137017957,24.7638794888426,24.7638794888426,24.6760255545029,24.7225458756109,24.7897045068028,24.8155229994525,24.7277134921382,24.6450002255868,24.7742102793675,24.5829212550199,24.5829212550199,24.836173098535,24.8310109648659,24.8568190268782,24.836173098535,24.836173098535,24.7380479408253,24.7587137017957,24.7587137017957,24.6760255545029,24.6656848260024,24.7173779975772,24.8568190268782,24.7070414568379,24.7587137017957,24.8310109648659,24.8310109648659,24.8155229994525,24.8774607869049,24.7948687272058,24.8051963851263,24.7793752829217,24.8310109648659,24.9599861922213,24.9445177487934,24.8258485704877,24.8877801045559,24.8206859153626,24.8051963851263,24.8206859153626,24.8877801045559,24.8206859153626,24.8206859153626,24.8413349715329,24.8155229994525,24.8051963851263,24.6087920833666,24.7793752829217,24.8568190268782,24.8723007375455,24.8671404277798,24.86197985757,24.8103598227198,24.8671404277798,24.7742102793675,24.8206859153626,24.8980983810354,24.9084156166453,24.9084156166453,24.9135738442187,24.8103598227198,24.8877801045559,24.8723007375455,24.9238895190908,24.8464965838976,24.836173098535,24.8877801045559,24.8568190268782,24.9393610812787,24.9909160664447,24.8877801045559,24.8877801045559,24.8258485704877,24.8103598227198,24.8310109648659,24.7948687272058,24.9032571289301,24.7742102793675,24.7742102793675,24.7328808471969,24.7690450146872,24.8258485704877,24.8877801045559,24.7948687272058,24.7173779975772,24.7690450146872,24.7380479408253,24.7173779975772,24.8568190268782,24.8723007375455,24.7793752829217,24.8310109648659,24.8000326866343,24.7793752829217,24.8464965838976,24.7018727940562,24.8516579356668,24.86197985757,24.9599861922213,24.7380479408253,24.7587137017957,24.9032571289301,24.8516579356668,24.8877801045559,24.836173098535,24.8413349715329,24.8723007375455,24.9393610812787,25.0321413659635,24.9393610812787,24.9135738442187,25.0527477928007,24.9290469664651,24.9393610812787,24.8568190268782,24.8516579356668,24.8929393729232,25.0218365972651,24.8516579356668,24.8877801045559,24.918731811688,24.8774607869049,24.7638794888426,24.7690450146872,24.7432147730614,24.8103598227198,24.7277134921382,24.7328808471969,24.8051963851263,24.7535476535085,24.7328808471969,24.7277134921382,24.7638794888426,24.7690450146872,24.8051963851263,24.7793752829217,24.7897045068028,24.7690450146872,24.8206859153626,24.9238895190908,24.8516579356668,24.9857617364743,25.0372933614365,24.9393610812787,24.9651418204509,25.1093940990381,25.1557177937613,25.1557177937613,25.1660091054476,25.0784999971428,25.0269891112523,25.0527477928007,25.0269891112523,25.1093940990381,25.0321413659635,25.0990971001769,25.2688654531791,25.3510763511273,25.3767537609245,25.3818884725093,25.3510763511273,25.3510763511273,25.3510763511273,25.4434849990752,25.4742694202044,25.4588783623232,25.4024247521646,25.464008971053,25.3767537609245,25.4178242679226,25.4024247521646,25.4742694202044
24.8929393729232,24.7535476535085,24.6450002255868,24.7845400253874,24.6553430497988,24.6346563530609,24.6450002255868,24.6967038696157,24.6553430497988,24.7122098579989,24.6553430497988,24.7277134921382,24.8103598227198,24.7328808471969,24.6863652356057,24.7173779975772,24.68119552596,24.6243114319154,24.6450002255868,24.6708553211965,24.6450002255868,24.6501717687129,24.6346563530609,24.7587137017957,24.6553430497988,24.5052693701856,24.5156263724707,24.3912728154683,24.5156263724707,24.5518675968447,24.4534685658236,24.5156263724707,24.5104480028654,24.417192326936,24.4638308334468,24.4482870367845,24.4016414116675,24.4068253139224,24.4068253139224,24.3601606905737,24.4741920473867,24.4897318933139,24.7225458756109,24.7173779975772,24.7070414568379,24.7587137017957,24.8516579356668,24.7948687272058,24.7380479408253,24.7638794888426,24.7225458756109,24.8723007375455,24.9702971889533,24.8877801045559,24.9342041538485,24.8464965838976,24.836173098535,24.8155229994525,24.8929393729232,24.7845400253874,24.7277134921382,24.7432147730614,24.7380479408253,24.7277134921382,24.7535476535085,24.6915346834782,24.7122098579989,24.7018727940562,24.68119552596,24.7483813439431,24.7018727940562,24.6863652356057,24.7277134921382,24.7948687272058,24.7070414568379,24.6191385780148,24.6243114319154,24.593270373703,24.6656848260024,24.6450002255868,24.7793752829217,24.836173098535,24.836173098535,24.8258485704877,24.8258485704877,24.8258485704877,24.836173098535,24.6656848260024,24.6553430497988,24.7225458756109,24.7432147730614,24.7897045068028,24.7483813439431,24.86197985757,24.7897045068028,24.8723007375455,24.9445177487934,24.7845400253874,24.7742102793675,24.836173098535,24.8103598227198,24.8258485704877,24.8258485704877,24.8516579356668,24.836173098535,24.7535476535085,24.8206859153626,24.8464965838976,24.9032571289301,24.8413349715329,24.7380479408253,24.7432147730614,24.7948687272058,24.8310109648659,24.7845400253874,24.7638794888426,24.7793752829217,24.8464965838976,24.86197985757,24.8155229994525,24.7432147730614,24.6708553211965,24.8155229994525,24.8155229994525,24.8051963851263,24.8980983810354,24.918731811688,24.9290469664651,24.8877801045559,24.8568190268782,24.8671404277798,24.8516579356668,24.8516579356668,24.8155229994525,24.8516579356668,24.8723007375455,24.86197985757,24.8929393729232,24.9290469664651,24.9135738442187,24.9032571289301,24.9754522977662,24.9084156166453,24.9806071469274,24.7690450146872,24.9084156166453,24.836173098535,24.8568190268782,24.7845400253874,24.7587137017957,24.8516579356668,24.7122098579989,24.7070414568379,24.7535476535085,24.8413349715329,24.7742102793675,24.7793752829217,24.7328808471969,24.8103598227198,24.8516579356668,24.8310109648659,24.8310109648659,24.8413349715329,24.8413349715329,24.8155229994525,24.8929393729232,24.9445177487934,24.8826205758957,24.9342041538485,24.8826205758957,24.7638794888426,24.8516579356668,24.8413349715329,24.8980983810354,25.0475965748176,24.8464965838976,24.918731811688,24.8980983810354,24.9599861922213,24.8980983810354,24.9909160664447,24.918731811688,24.9238895190908,24.9084156166453,24.9342041538485,24.8980983810354,24.9032571289301,24.8568190268782,25.0115307913128,24.9238895190908,24.836173098535,24.8723007375455,24.8206859153626,24.7483813439431,24.8103598227198,24.7742102793675,24.8051963851263,24.7535476535085,24.7638794888426,24.7328808471969,24.7587137017957,24.7018727940562,24.7638794888426,24.6656848260024,24.6398284203822,24.7948687272058,24.8413349715329,24.8826205758957,24.9342041538485,24.8723007375455,24.918731811688,24.9445177487934,24.9393610812787,25.1917328656758,25.0887990663117,25.0630494515398,25.1299849929454,25.0836496611589,25.0887990663117,25.1093940990381,24.9599861922213,25.1505717504272,25.124837657352,25.1351320700124,25.2791454175921,25.3767537609245,25.3613480855689,25.3613480855689,25.3202549803643,25.3664835674914,25.3510763511273,25.3459400985342,25.4075581805922,25.5460639041067,25.3921571255997,25.3716187925976,25.3870229273887,25.3767537609245,25.4691393236678,25.4537474974415
24.6346563530609,24.7897045068028,24.7897045068028,24.6760255545029,24.7277134921382,24.7122098579989,24.6605140688826,24.6139654618445,24.6294840235847,24.6656848260024,24.8258485704877,24.6553430497988,24.68119552596,24.7277134921382,24.7380479408253,24.6398284203822,24.7173779975772,24.6501717687129,24.6243114319154,24.6036184425424,24.6294840235847,24.7018727940562,24.6708553211965,24.6036184425424,24.6294840235847,24.5052693701856,24.5052693701856,24.3653467049792,24.396457245529,24.5363372209139,24.4949113154483,24.5311599032229,24.5104480028654,24.4897318933139,24.4275582848784,24.396457245529,24.6036184425424,24.593270373703,24.4741920473867,24.4741920473867,24.4223754377718,24.3497878691456,24.5829212550199,24.6398284203822,24.6605140688826,24.6708553211965,24.8464965838976,24.7483813439431,24.6656848260024,24.8464965838976,24.8980983810354,24.8980983810354,24.9135738442187,24.8155229994525,24.7793752829217,24.7845400253874,24.8310109648659,24.8258485704877,24.8671404277798,24.8929393729232,24.8464965838976,24.7483813439431,24.7070414568379,24.7483813439431,24.68119552596,24.7638794888426,24.6863652356057,24.7742102793675,24.6398284203822,24.6139654618445,24.7018727940562,24.8000326866343,24.7690450146872,24.8000326866343,24.7483813439431,24.7948687272058,24.7070414568379,24.6553430497988,24.5725710861868,24.6346563530609,24.7690450146872,24.8310109648659,24.8413349715329,24.8310109648659,24.8310109648659,24.7742102793675,24.7897045068028,24.7122098579989,24.7225458756109,24.7173779975772,24.6450002255868,24.7328808471969,24.7328808471969,24.7380479408253,24.8877801045559,24.86197985757,24.8568190268782,24.8051963851263,24.86197985757,24.7948687272058,24.7897045068028,24.8723007375455,24.8206859153626,24.8206859153626,24.7793752829217,24.8568190268782,24.8258485704877,24.7535476535085,24.7690450146872,24.8051963851263,24.7948687272058,24.8206859153626,24.8464965838976,24.7948687272058,24.7432147730614,24.7690450146872,24.7742102793675,24.7587137017957,24.7742102793675,24.8103598227198,24.8155229994525,24.7587137017957,24.7845400253874,24.7793752829217,24.7690450146872,24.8051963851263,24.7793752829217,24.8206859153626,24.8155229994525,24.7690450146872,24.8413349715329,24.8258485704877,24.8310109648659,24.8206859153626,24.8413349715329,24.8516579356668,24.8000326866343,24.9238895190908,24.86197985757,24.8103598227198,24.8826205758957,24.8413349715329,24.8877801045559,24.7638794888426,24.86197985757,24.7897045068028,24.8723007375455,24.7690450146872,24.7173779975772,24.8464965838976,24.8516579356668,24.8103598227198,24.6967038696157,24.7380479408253,24.7328808471969,24.7173779975772,24.8103598227198,24.836173098535,24.7948687272058,24.7690450146872,24.7845400253874,24.7638794888426,24.8000326866343,24.8155229994525,24.8103598227198,24.7793752829217,24.8671404277798,24.9084156166453,24.8413349715329,24.8258485704877,24.9084156166453,24.86197985757,24.8568190268782,24.9084156166453,24.6191385780148,24.8310109648659,24.8206859153626,24.918731811688,24.9393610812787,24.9135738442187,24.9084156166453,24.9342041538485,24.8826205758957,24.8826205758957,24.9290469664651,24.918731811688,24.8929393729232,24.7380479408253,24.8206859153626,24.8929393729232,24.8000326866343,24.7793752829217,24.7638794888426,24.7638794888426,24.7380479408253,24.7173779975772,24.7483813439431,24.7948687272058,24.7948687272058,24.68119552596,24.6760255545029,24.7742102793675,24.7793752829217,24.7897045068028,24.7948687272058,24.8310109648659,24.8464965838976,25.0012239478063,24.9651418204509,24.8206859153626,24.8980983810354,25.0269891112523,24.9084156166453,25.0681998923707,25.0681998923707,25.0681998923707,25.0681998923707,25.0578987516956,25.0733500742259,25.1557177937613,25.0578987516956,25.0372933614365,25.0321413659635,25.1454254487159,25.3613480855689,25.3459400985342,25.3613480855689,25.3459400985342,25.3408035889768,25.3562123467933,25.325392518149,25.4229569268991,25.4280893294658,25.4332214756594,25.4075581805922,25.3151171854302,25.4178242679226,25.4229569268991,25.3921571255997,25.3972910671794
24.8103598227198,24.8310109648659,24.8877801045559,24.7845400253874,24.9445177487934,24.6863652356057,24.7483813439431,24.7948687272058,24.7845400253874,24.7587137017957,24.7587137017957,24.7225458756109,24.7380479408253,24.8000326866343,24.9496741564303,24.8155229994525,24.6760255545029,24.7225458756109,24.7018727940562,24.7173779975772,24.7122098579989,24.7122098579989,24.6398284203822,24.6139654618445,24.598444539334,24.5000904743927,24.6087920833666,24.4120089523324,24.5104480028654,24.5311599032229,24.525982322611,24.5777463018912,24.5466910676864,24.6139654618445,24.4379231880585,24.598444539334,24.5363372209139,24.6398284203822,24.5466910676864,24.5622198668973,24.6294840235847,24.5570438632356,24.6760255545029,24.6398284203822,24.6450002255868,24.7328808471969,24.8103598227198,24.7483813439431,24.9445177487934,24.9806071469274,24.954830304227,24.8980983810354,24.7638794888426,24.8103598227198,24.8000326866343,24.836173098535,24.8980983810354,24.7897045068028,24.8464965838976,24.8103598227198,24.8413349715329,24.8155229994525,24.7897045068028,24.7587137017957,24.7587137017957,24.7897045068028,24.8258485704877,24.7793752829217,24.8413349715329,24.7845400253874,24.7638794888426,24.7793752829217,24.588095945611,24.7587137017957,24.8000326866343,24.8103598227198,24.6501717687129,24.5673956078683,24.6656848260024,24.7535476535085,24.7793752829217,24.7432147730614,24.7432147730614,24.8568190268782,24.7897045068028,24.8258485704877,24.8051963851263,24.8103598227198,24.7277134921382,24.7277134921382,24.7690450146872,24.7225458756109,24.7173779975772,24.8155229994525,24.7638794888426,24.86197985757,24.918731811688,24.8258485704877,24.8103598227198,24.8103598227198,24.8103598227198,24.7897045068028,24.7277134921382,24.7225458756109,24.8568190268782,24.8671404277798,24.954830304227,24.8568190268782,24.8310109648659,24.7690450146872,24.8155229994525,24.7328808471969,24.8516579356668,24.8774607869049,24.8568190268782,24.8774607869049,24.8826205758957,24.8516579356668,24.86197985757,24.7897045068028,24.7845400253874,24.6346563530609,24.7277134921382,24.8051963851263,24.7122098579989,24.8000326866343,24.6656848260024,24.7483813439431,24.7793752829217,24.7897045068028,24.8464965838976,24.8206859153626,24.8413349715329,24.8000326866343,24.8516579356668,24.7638794888426,24.8671404277798,24.8774607869049,24.8826205758957,24.8929393729232,24.836173098535,24.8723007375455,24.8000326866343,24.7948687272058,24.7793752829217,24.7690450146872,24.7793752829217,24.9032571289301,24.8310109648659,24.86197985757,24.7173779975772,24.8774607869049,24.7018727940562,24.7225458756109,24.7380479408253,24.8206859153626,24.8464965838976,24.7948687272058,24.8155229994525,24.86197985757,24.7948687272058,24.918731811688,24.8671404277798,24.8155229994525,24.8000326866343,24.8671404277798,24.8413349715329,24.836173098535,24.8568190268782,24.836173098535,24.9238895190908,24.836173098535,24.8980983810354,24.8774607869049,24.8155229994525,24.86197985757,24.8206859153626,24.8568190268782,25.0630494515398,24.918731811688,24.954830304227,24.9135738442187,24.8516579356668,24.8877801045559,24.9393610812787,24.9032571289301,24.8980983810354,24.8877801045559,24.9290469664651,24.8774607869049,24.8980983810354,24.8980983810354,24.8516579356668,24.9032571289301,24.8206859153626,24.8103598227198,24.7225458756109,24.8051963851263,24.6915346834782,24.8206859153626,24.7535476535085,24.7690450146872,24.7587137017957,24.7793752829217,24.8310109648659,24.9290469664651,24.86197985757,24.9651418204509,24.9599861922213,24.9909160664447,25.0269891112523,24.8877801045559,24.9960701368761,25.1608635787557,25.0578987516956,25.0527477928007,25.0527477928007,25.1454254487159,24.9806071469274,25.1351320700124,24.9909160664447,25.0115307913128,25.1196900631945,25.2894243522202,25.3613480855689,25.3151171854302,25.2483024338098,25.3356668224182,25.3459400985342,25.3664835674914,25.3664835674914,25.4126913524992,25.4126913524992,25.464008971053,25.4383533655169,25.4999160630027,25.4691393236678,25.4332214756594,25.4486163763711,25.4229569268991
24.8877801045559,25.0115307913128,24.8464965838976,24.9342041538485,24.9496741564303,24.8774607869049,24.8051963851263,24.7948687272058,24.6553430497988,24.6708553211965,24.6553430497988,24.6967038696157,24.6605140688826,24.954830304227,24.9599861922213,24.8980983810354,24.68119552596,24.68119552596,24.8103598227198,24.7225458756109,24.7018727940562,24.68119552596,24.6760255545029,24.588095945611,24.4741920473867,24.5777463018912,24.5829212550199,24.5518675968447,24.5208044790397,24.525982322611,24.5829212550199,24.5777463018912,24.5673956078683,24.5052693701856,24.4586498313649,24.5518675968447,24.5829212550199,24.5570438632356,24.5725710861868,24.6036184425424,24.6656848260024,24.6087920833666,24.6294840235847,24.6915346834782,24.7328808471969,24.8310109648659,24.9084156166453,24.9599861922213,24.918731811688,24.9806071469274,24.86197985757,24.7638794888426,24.8464965838976,24.836173098535,24.6760255545029,24.836173098535,24.8929393729232,24.8310109648659,24.7897045068028,24.7845400253874,24.7328808471969,24.68119552596,24.7122098579989,24.7793752829217,24.7690450146872,24.8258485704877,24.8464965838976,24.7587137017957,24.7845400253874,24.7845400253874,24.836173098535,24.7535476535085,24.7690450146872,24.7690450146872,24.7018727940562,24.6294840235847,24.6915346834782,24.6191385780148,24.7587137017957,24.6450002255868,24.6553430497988,24.7483813439431,24.7948687272058,24.918731811688,24.8051963851263,24.8051963851263,24.8826205758957,24.8516579356668,24.8723007375455,24.8516579356668,24.7225458756109,24.7070414568379,24.7948687272058,24.7845400253874,24.7948687272058,24.8723007375455,24.8258485704877,24.8103598227198,24.8516579356668,24.8000326866343,24.86197985757,24.8516579356668,24.7793752829217,24.7535476535085,24.8516579356668,24.7535476535085,24.8051963851263,24.7483813439431,24.7638794888426,24.8000326866343,24.7483813439431,24.7793752829217,24.8723007375455,24.8929393729232,24.8568190268782,24.8877801045559,24.8929393729232,24.8723007375455,24.8568190268782,24.7897045068028,24.6760255545029,24.7173779975772,24.6139654618445,24.7122098579989,24.7225458756109,24.7380479408253,24.7690450146872,24.8051963851263,24.7742102793675,24.836173098535,24.836173098535,24.7793752829217,24.8568190268782,24.8877801045559,24.8413349715329,24.7483813439431,24.7690450146872,24.7432147730614,24.8464965838976,24.7432147730614,24.8206859153626,24.8000326866343,24.8155229994525,24.7690450146872,24.7742102793675,24.7483813439431,24.7742102793675,24.7793752829217,24.7948687272058,24.8103598227198,24.8568190268782,24.7432147730614,24.7845400253874,24.7587137017957,24.86197985757,24.7638794888426,24.836173098535,24.8310109648659,24.8877801045559,24.7845400253874,24.8877801045559,24.9290469664651,24.7690450146872,24.6605140688826,24.7793752829217,24.86197985757,24.8051963851263,24.8516579356668,24.8000326866343,24.8568190268782,24.8103598227198,24.8051963851263,24.8258485704877,24.7535476535085,24.7948687272058,24.8464965838976,24.8155229994525,24.836173098535,24.86197985757,24.9084156166453,24.9084156166453,24.8826205758957,24.9857617364743,24.918731811688,24.9032571289301,24.9599861922213,24.8929393729232,24.9342041538485,24.954830304227,24.8516579356668,24.8826205758957,24.86197985757,24.7948687272058,24.7638794888426,24.8206859153626,24.7535476535085,24.8000326866343,24.8103598227198,24.68119552596,24.6605140688826,24.6656848260024,24.6915346834782,24.7638794888426,24.7483813439431,24.8258485704877,24.8413349715329,24.9290469664651,24.8774607869049,25.1557177937613,24.8774607869049,24.8671404277798,24.9342041538485,25.0475965748176,24.9393610812787,24.9651418204509,25.0475965748176,25.0681998923707,25.0681998923707,25.124837657352,25.0939482126385,25.0321413659635,24.9960701368761,25.0630494515398,25.1917328656758,25.3510763511273,25.3099791333095,25.3818884725093,25.3356668224182,25.2945634334578,25.3356668224182,25.4434849990752,25.2842850136107,25.3356668224182,25.4588783623232,25.3767537609245,25.3664835674914,25.4588783623232,25.4280893294658,25.3921571255997,25.5050446238429
24.8568190268782,24.8258485704877,24.8568190268782,24.7638794888426,24.7328808471969,24.7897045068028,24.7483813439431,24.8000326866343,24.7742102793675,24.6450002255868,24.6398284203822,24.6553430497988,24.8310109648659,24.9032571289301,24.9754522977662,24.8155229994525,24.7225458756109,24.7328808471969,24.7535476535085,24.6863652356057,24.6398284203822,24.7277134921382,24.6656848260024,24.5208044790397,24.5000904743927,24.5829212550199,24.5518675968447,24.5000904743927,24.588095945611,24.4897318933139,24.6036184425424,24.6346563530609,24.5518675968447,24.6087920833666,24.4120089523324,24.598444539334,24.5518675968447,24.6863652356057,24.5208044790397,24.6191385780148,24.6294840235847,24.6450002255868,24.6398284203822,24.7122098579989,24.6450002255868,24.7690450146872,24.8929393729232,24.8051963851263,24.9290469664651,24.7845400253874,24.8051963851263,24.8206859153626,24.7432147730614,24.7122098579989,24.8155229994525,24.8103598227198,24.8051963851263,24.8103598227198,24.7845400253874,24.7432147730614,24.7277134921382,24.6863652356057,24.7638794888426,24.7742102793675,24.8206859153626,24.7742102793675,24.7122098579989,24.7742102793675,24.68119552596,24.8413349715329,24.7587137017957,24.6863652356057,24.7070414568379,24.6915346834782,24.6346563530609,24.7122098579989,24.7018727940562,24.7173779975772,24.6553430497988,24.6553430497988,24.7277134921382,24.8413349715329,24.7328808471969,24.7897045068028,24.8464965838976,24.7328808471969,24.7948687272058,24.7432147730614,24.836173098535,24.8464965838976,24.8774607869049,24.8051963851263,24.8000326866343,24.8103598227198,24.8155229994525,24.8206859153626,24.7587137017957,24.8051963851263,24.7225458756109,24.8155229994525,24.8671404277798,24.7225458756109,24.7277134921382,24.7277134921382,24.7845400253874,24.7535476535085,24.7535476535085,24.7845400253874,24.7793752829217,24.8206859153626,24.7432147730614,24.7432147730614,24.8258485704877,24.8723007375455,24.8826205758957,24.8826205758957,24.8206859153626,24.7690450146872,24.7742102793675,24.7173779975772,24.7122098579989,24.7483813439431,24.8051963851263,24.6863652356057,24.7277134921382,24.7535476535085,24.8051963851263,24.7432147730614,24.8206859153626,24.86197985757,24.8413349715329,24.9238895190908,24.8051963851263,24.8310109648659,24.836173098535,24.8516579356668,24.8258485704877,24.7948687272058,24.8826205758957,24.8826205758957,24.8258485704877,24.8258485704877,24.7793752829217,24.7845400253874,24.8000326866343,24.7638794888426,24.836173098535,24.8103598227198,24.7948687272058,24.7380479408253,24.7690450146872,24.7483813439431,24.8051963851263,24.7690450146872,24.8310109648659,24.8000326866343,24.8000326866343,24.8206859153626,24.836173098535,24.86197985757,24.9084156166453,24.8464965838976,24.8568190268782,24.8103598227198,24.8568190268782,24.7742102793675,24.8980983810354,24.86197985757,24.8568190268782,24.8516579356668,24.836173098535,24.7948687272058,24.8155229994525,24.8103598227198,24.8103598227198,24.8103598227198,24.8051963851263,24.8929393729232,24.8671404277798,24.8929393729232,24.9702971889533,24.9702971889533,24.9084156166453,24.8929393729232,24.9651418204509,25.0012239478063,24.9445177487934,24.8155229994525,24.8980983810354,24.8206859153626,24.8051963851263,24.7793752829217,24.954830304227,24.7690450146872,24.7948687272058,24.7690450146872,24.7638794888426,24.7380479408253,24.7845400253874,24.7897045068028,24.6553430497988,24.7432147730614,24.7587137017957,24.7535476535085,24.9084156166453,24.8310109648659,24.954830304227,24.9599861922213,25.0012239478063,24.9909160664447,24.8413349715329,24.9342041538485,24.8310109648659,25.0733500742259,24.954830304227,25.0424450977087,25.14027888859,24.9496741564303,25.0424450977087,25.0887990663117,25.0578987516956,25.0939482126385,25.1042457289643,25.2842850136107,25.2740055641272,25.3510763511273,25.3510763511273,25.2945634334578,25.4280893294658,25.3151171854302,25.3664835674914,25.2997022573604,25.3870229273887,25.3562123467933,25.4845288451903,25.4075581805922,25.4383533655169,25.3613480855689,25.4332214756594,25.3305297988212
24.6191385780148,24.7173779975772,24.7018727940562,24.7690450146872,24.8000326866343,24.7587137017957,24.7793752829217,24.7380479408253,24.7018727940562,24.7897045068028,24.6398284203822,24.6967038696157,24.6450002255868,24.6967038696157,24.7328808471969,24.7225458756109,24.7432147730614,24.7380479408253,24.7535476535085,24.7690450146872,24.6346563530609,24.6398284203822,24.6346563530609,24.6191385780148,24.593270373703,24.6450002255868,24.7638794888426,24.6139654618445,24.593270373703,24.4897318933139,24.6087920833666,24.5673956078683,24.5311599032229,24.5570438632356,24.4016414116675,24.7018727940562,24.4120089523324,24.588095945611,24.6036184425424,24.6191385780148,24.7432147730614,24.6708553211965,24.6346563530609,24.7070414568379,24.6294840235847,24.6708553211965,24.8980983810354,24.7535476535085,24.7328808471969,24.9032571289301,24.86197985757,24.86197985757,24.6915346834782,24.6708553211965,24.7018727940562,24.8258485704877,24.8516579356668,24.8929393729232,24.7897045068028,24.7173779975772,24.7173779975772,24.7277134921382,24.7690450146872,24.7793752829217,24.8413349715329,24.7845400253874,24.9135738442187,24.7897045068028,24.7845400253874,24.7690450146872,24.8774607869049,24.7638794888426,24.7328808471969,24.6760255545029,24.6294840235847,24.5673956078683,24.5725710861868,24.5725710861868,24.7535476535085,24.7432147730614,24.7793752829217,24.8206859153626,24.7225458756109,24.8980983810354,24.836173098535,24.8258485704877,24.8516579356668,24.7483813439431,24.8310109648659,24.8103598227198,24.8929393729232,24.7742102793675,24.8413349715329,24.8103598227198,24.8051963851263,24.8206859153626,24.86197985757,24.7690450146872,24.7897045068028,24.7948687272058,24.7948687272058,24.7277134921382,24.7277134921382,24.8568190268782,24.7535476535085,24.7897045068028,24.7587137017957,24.7948687272058,24.8413349715329,24.8310109648659,24.7897045068028,24.7948687272058,24.8103598227198,24.8929393729232,24.836173098535,24.918731811688,24.7690450146872,24.7587137017957,24.7380479408253,24.7277134921382,24.6656848260024,24.6863652356057,24.7948687272058,24.7845400253874,24.7690450146872,24.7535476535085,24.7845400253874,24.7845400253874,24.7897045068028,24.836173098535,24.7845400253874,24.8103598227198,24.8206859153626,24.8980983810354,24.8103598227198,24.8206859153626,24.8516579356668,24.7380479408253,24.7483813439431,24.8413349715329,24.8723007375455,24.7845400253874,24.8568190268782,24.7225458756109,24.7690450146872,24.7897045068028,24.7897045068028,24.7948687272058,24.7225458756109,24.7328808471969,24.8051963851263,24.7948687272058,24.7897045068028,24.7535476535085,24.7897045068028,24.7225458756109,24.8051963851263,24.8671404277798,24.8051963851263,24.9032571289301,24.9135738442187,24.8877801045559,24.918731811688,24.836173098535,24.8206859153626,24.8258485704877,24.7535476535085,24.8000326866343,24.8258485704877,24.8051963851263,24.8206859153626,24.8155229994525,24.8155229994525,24.8155229994525,24.86197985757,24.8826205758957,24.7948687272058,24.7122098579989,24.8155229994525,24.9754522977662,24.9084156166453,24.8516579356668,24.8258485704877,24.9496741564303,24.9032571289301,24.8929393729232,24.9393610812787,24.9238895190908,24.9909160664447,24.9393610812787,24.7845400253874,24.9135738442187,24.8103598227198,24.8310109648659,24.7742102793675,24.7535476535085,24.7845400253874,24.7742102793675,24.6398284203822,24.7690450146872,24.7483813439431,24.7328808471969,24.7690450146872,24.7122098579989,24.8774607869049,24.7897045068028,24.9393610812787,24.9238895190908,24.954830304227,25.0166838239645,24.8671404277798,24.9599861922213,25.0269891112523,24.9445177487934,25.0321413659635,25.0578987516956,25.0475965748176,25.0166838239645,25.0063774992726,25.0166838239645,25.0733500742259,25.0990971001769,25.2740055641272,25.2688654531791,25.3459400985342,25.3408035889768,25.4024247521646,25.3664835674914,25.3562123467933,25.325392518149,25.3408035889768,25.3716187925976,25.3613480855689,25.4280893294658,25.4383533655169,25.3716187925976,25.494787246305,25.3921571255997,25.4845288451903,25.4742694202044
24.6760255545029,24.6398284203822,24.6087920833666,24.5829212550199,24.7483813439431,24.7638794888426,24.7432147730614,24.7638794888426,24.7070414568379,24.6346563530609,24.6346563530609,24.5777463018912,24.7380479408253,24.8826205758957,24.7380479408253,24.7277134921382,24.7070414568379,24.8155229994525,24.86197985757,24.7793752829217,24.6191385780148,24.6553430497988,24.7535476535085,24.5673956078683,24.593270373703,24.7587137017957,24.8155229994525,24.8000326866343,24.6656848260024,24.6450002255868,24.7122098579989,24.5570438632356,24.5725710861868,24.5622198668973,24.5156263724707,24.5829212550199,24.593270373703,24.6139654618445,24.7742102793675,24.7483813439431,24.7742102793675,24.6967038696157,24.6915346834782,24.6501717687129,24.5104480028654,24.6243114319154,24.6656848260024,24.7380479408253,24.7018727940562,24.7122098579989,24.7018727940562,24.7432147730614,24.6450002255868,24.5777463018912,24.7483813439431,24.8671404277798,24.8310109648659,24.8826205758957,24.7897045068028,24.7070414568379,24.7328808471969,24.7587137017957,24.6915346834782,24.7742102793675,24.7225458756109,24.8051963851263,24.8516579356668,24.7948687272058,24.8103598227198,24.6553430497988,24.7587137017957,24.6450002255868,24.7380479408253,24.7018727940562,24.6191385780148,24.5725710861868,24.5777463018912,24.6294840235847,24.7535476535085,24.8000326866343,24.7483813439431,24.7535476535085,24.7897045068028,24.8155229994525,24.8155229994525,24.68119552596,24.7225458756109,24.6760255545029,24.8000326866343,24.8464965838976,24.7742102793675,24.6553430497988,24.6605140688826,24.7948687272058,24.8155229994525,24.8051963851263,24.9238895190908,24.8155229994525,24.7070414568379,24.7742102793675,24.6967038696157,24.6915346834782,24.7380479408253,24.8103598227198,24.8000326866343,24.8310109648659,24.8103598227198,24.9806071469274,24.9496741564303,24.7742102793675,24.8929393729232,24.8103598227198,24.8000326866343,24.9032571289301,24.8155229994525,24.9238895190908,24.9032571289301,24.7225458756109,24.8258485704877,24.7948687272058,24.7690450146872,24.6553430497988,24.7897045068028,24.7432147730614,24.8723007375455,24.7535476535085,24.8723007375455,24.7948687272058,24.8671404277798,24.7845400253874,24.7845400253874,24.8464965838976,24.8155229994525,24.9032571289301,24.9135738442187,24.9032571289301,24.8051963851263,24.8929393729232,24.8980983810354,24.8413349715329,24.86197985757,24.8723007375455,24.8774607869049,24.8671404277798,24.8671404277798,24.836173098535,24.7173779975772,24.8671404277798,24.7483813439431,24.7328808471969,24.7793752829217,24.7948687272058,24.7483813439431,24.7793752829217,24.7638794888426,24.7483813439431,24.8103598227198,24.7690450146872,24.8413349715329,24.9084156166453,24.9135738442187,24.8206859153626,24.8310109648659,24.86197985757,24.8413349715329,24.8310109648659,24.9238895190908,24.918731811688,24.9238895190908,24.9290469664651,24.8051963851263,24.7948687272058,24.7535476535085,24.7845400253874,24.8000326866343,24.9445177487934,24.8413349715329,24.8877801045559,24.9651418204509,24.918731811688,25.0424450977087,24.9909160664447,25.0166838239645,24.9651418204509,24.86197985757,24.954830304227,24.8774607869049,24.8723007375455,24.918731811688,24.9238895190908,24.8826205758957,24.9084156166453,24.8206859153626,24.86197985757,24.7742102793675,24.7845400253874,24.7535476535085,24.7845400253874,24.7897045068028,24.7638794888426,24.7845400253874,24.7432147730614,24.8464965838976,24.7690450146872,24.8000326866343,24.918731811688,24.8980983810354,24.954830304227,24.9599861922213,24.9599861922213,25.0218365972651,25.0063774992726,25.0321413659635,25.0269891112523,25.0939482126385,25.0990971001769,25.124837657352,25.0836496611589,25.124837657352,24.9909160664447,24.954830304227,25.0681998923707,25.2534435750629,25.2945634334578,25.3459400985342,25.3562123467933,25.3767537609245,25.3818884725093,25.3305297988212,25.3870229273887,25.4434849990752,25.4075581805922,25.4126913524992,25.3870229273887,25.4383533655169,25.4845288451903,25.3613480855689,25.4793992606996,25.4024247521646,25.4896581737131
24.8051963851263,24.7173779975772,24.7173779975772,24.8258485704877,24.7587137017957,24.7277134921382,24.7225458756109,24.7897045068028,24.6294840235847,24.5622198668973,24.6346563530609,24.5363372209139,24.6087920833666,24.593270373703,24.598444539334,24.6656848260024,24.68119552596,24.6656848260024,24.7483813439431,24.7535476535085,24.5777463018912,24.6398284203822,24.6915346834782,24.6398284203822,24.7432147730614,24.7742102793675,24.9084156166453,24.9238895190908,24.6708553211965,24.8206859153626,24.7380479408253,24.6915346834782,24.68119552596,24.4949113154483,24.5725710861868,24.396457245529,24.5104480028654,24.7173779975772,24.7638794888426,24.7897045068028,24.7845400253874,24.6915346834782,24.6708553211965,24.6760255545029,24.6656848260024,24.417192326936,24.4534685658236,24.6605140688826,24.7535476535085,24.7018727940562,24.7018727940562,24.7690450146872,24.6346563530609,24.5570438632356,24.7380479408253,24.8671404277798,24.7690450146872,24.7587137017957,24.7070414568379,24.7845400253874,24.7122098579989,24.7018727940562,24.7277134921382,24.836173098535,24.7432147730614,24.7173779975772,24.7277134921382,24.8051963851263,24.9290469664651,24.8826205758957,24.7948687272058,24.7793752829217,24.8155229994525,24.7328808471969,24.7277134921382,24.7380479408253,24.5777463018912,24.5725710861868,24.8155229994525,24.8310109648659,24.836173098535,24.8826205758957,24.7638794888426,24.8310109648659,24.7897045068028,24.7638794888426,24.836173098535,24.836173098535,24.8258485704877,24.836173098535,24.8568190268782,24.8464965838976,24.8155229994525,24.7690450146872,24.8258485704877,24.9032571289301,24.954830304227,24.9393610812787,24.8258485704877,24.7380479408253,24.7070414568379,24.5518675968447,24.6967038696157,24.8310109648659,24.8258485704877,24.8155229994525,24.8155229994525,24.836173098535,24.8516579356668,24.8516579356668,24.9084156166453,24.8258485704877,24.8980983810354,24.8103598227198,24.9084156166453,24.9084156166453,24.8103598227198,24.6553430497988,24.68119552596,24.6450002255868,24.5363372209139,24.6605140688826,24.6553430497988,24.6656848260024,24.7587137017957,24.7845400253874,24.8516579356668,24.8671404277798,24.8000326866343,24.8516579356668,24.8929393729232,24.86197985757,24.8000326866343,24.86197985757,24.8671404277798,24.7122098579989,24.8929393729232,24.7535476535085,24.8671404277798,24.8103598227198,24.8671404277798,24.7277134921382,24.8568190268782,24.7432147730614,24.7432147730614,24.8464965838976,24.7328808471969,24.7535476535085,24.7277134921382,24.7380479408253,24.7328808471969,24.7483813439431,24.7328808471969,24.7845400253874,24.8000326866343,24.7535476535085,24.7897045068028,24.7432147730614,24.7948687272058,24.836173098535,24.8103598227198,24.8929393729232,24.8929393729232,24.836173098535,24.8516579356668,24.8258485704877,24.9238895190908,24.8980983810354,24.7225458756109,24.7948687272058,24.8000326866343,24.7380479408253,24.8206859153626,24.7587137017957,24.8051963851263,24.8258485704877,24.8206859153626,24.7742102793675,24.9135738442187,24.86197985757,24.86197985757,24.9135738442187,24.8774607869049,24.9084156166453,24.9290469664651,24.8310109648659,24.954830304227,24.954830304227,24.9599861922213,24.8051963851263,24.9032571289301,24.7742102793675,24.8051963851263,24.8516579356668,24.7432147730614,24.7328808471969,24.7742102793675,24.7277134921382,24.7587137017957,24.7070414568379,24.7845400253874,24.836173098535,24.7897045068028,24.6708553211965,24.7948687272058,24.8568190268782,24.8051963851263,24.8980983810354,24.8877801045559,24.8877801045559,24.8723007375455,24.954830304227,24.9857617364743,25.0424450977087,25.0887990663117,25.0424450977087,24.9806071469274,25.0578987516956,24.9960701368761,24.9909160664447,24.9806071469274,25.2431610348875,25.2483024338098,25.3408035889768,25.3510763511273,25.3408035889768,25.3921571255997,25.3870229273887,25.3664835674914,25.4332214756594,25.3613480855689,25.4332214756594,25.3613480855689,25.3870229273887,25.4024247521646,25.5255563093646,25.3408035889768,25.3767537609245,25.3408035889768,25.3921571255997
24.6036184425424,24.8258485704877,24.7173779975772,24.7587137017957,24.7018727940562,24.7380479408253,24.7587137017957,24.7018727940562,24.5622198668973,24.5570438632356,24.6036184425424,24.588095945611,24.5466910676864,24.4897318933139,24.3601606905737,24.5725710861868,24.7122098579989,24.598444539334,24.6915346834782,24.6760255545029,24.7432147730614,24.6760255545029,24.5829212550199,24.6656848260024,24.7897045068028,24.8206859153626,24.9032571289301,24.9909160664447,24.9909160664447,24.9857617364743,24.9806071469274,24.6915346834782,24.6863652356057,24.6863652356057,24.4897318933139,24.6553430497988,24.6346563530609,24.6450002255868,24.6346563530609,24.7018727940562,24.7018727940562,24.5829212550199,24.4949113154483,24.6087920833666,24.4690115721079,24.4223754377718,24.396457245529,24.588095945611,24.68119552596,24.7070414568379,24.7793752829217,24.7638794888426,24.6036184425424,24.5415142757223,24.8516579356668,24.6863652356057,24.8464965838976,24.8413349715329,24.7690450146872,24.6294840235847,24.7380479408253,24.7535476535085,24.7380479408253,24.7380479408253,24.7070414568379,24.7897045068028,24.7277134921382,24.6760255545029,24.6967038696157,24.7432147730614,24.6553430497988,24.7173779975772,24.7122098579989,24.6708553211965,24.8310109648659,24.7483813439431,24.5466910676864,24.5777463018912,24.6760255545029,24.7328808471969,24.8413349715329,24.7793752829217,24.7948687272058,24.7483813439431,24.6553430497988,24.8155229994525,24.8051963851263,24.7018727940562,24.8000326866343,24.7587137017957,24.7793752829217,24.8206859153626,24.8413349715329,24.8671404277798,24.8826205758957,24.8516579356668,24.8206859153626,24.9342041538485,24.8258485704877,24.6656848260024,24.8051963851263,24.7018727940562,24.7070414568379,24.7225458756109,24.7018727940562,24.8310109648659,24.8103598227198,24.86197985757,24.8155229994525,24.86197985757,24.918731811688,24.8103598227198,24.836173098535,24.7948687272058,24.8000326866343,24.8051963851263,24.7225458756109,24.7225458756109,24.6501717687129,24.6450002255868,24.6967038696157,24.7277134921382,24.6760255545029,24.7122098579989,24.7535476535085,24.8206859153626,24.8413349715329,24.8413349715329,24.8568190268782,24.7793752829217,24.9238895190908,24.8723007375455,24.9135738442187,24.8877801045559,24.7793752829217,24.8877801045559,24.7845400253874,24.9238895190908,24.8464965838976,24.8516579356668,24.9135738442187,24.8671404277798,24.7948687272058,24.8774607869049,24.7897045068028,24.8000326866343,24.6967038696157,24.7690450146872,24.7432147730614,24.8258485704877,24.7638794888426,24.7535476535085,24.7432147730614,24.7535476535085,24.7535476535085,24.7793752829217,24.6501717687129,24.8568190268782,24.8051963851263,24.7018727940562,24.8000326866343,24.8206859153626,24.8568190268782,24.836173098535,24.8464965838976,24.8258485704877,24.7638794888426,24.7483813439431,24.8464965838976,24.8155229994525,24.7742102793675,24.8155229994525,24.8155229994525,24.8000326866343,24.8413349715329,24.8464965838976,24.8464965838976,24.9238895190908,24.7690450146872,24.8568190268782,24.954830304227,24.9238895190908,24.9084156166453,24.9135738442187,24.9393610812787,24.9290469664651,24.9702971889533,24.8568190268782,24.7793752829217,24.8671404277798,24.8051963851263,24.7277134921382,24.7122098579989,24.6967038696157,24.7793752829217,24.7638794888426,24.7587137017957,24.7638794888426,24.7690450146872,24.7432147730614,24.7432147730614,24.8310109648659,24.836173098535,24.7897045068028,24.8103598227198,24.8155229994525,24.8258485704877,24.8826205758957,24.8774607869049,24.9496741564303,24.9032571289301,24.8980983810354,24.9342041538485,25.0578987516956,25.0269891112523,25.0836496611589,25.0527477928007,24.9806071469274,25.0166838239645,25.1093940990381,25.0321413659635,25.0372933614365,25.1196900631945,25.2431610348875,25.3459400985342,25.2483024338098,25.3356668224182,25.3613480855689,25.4999160630027,25.3972910671794,25.2997022573604,25.3818884725093,25.5255563093646,25.5358106179362,25.4229569268991,25.4742694202044,25.3818884725093,25.4537474974415,25.4126913524992,25.3972910671794
24.7690450146872,24.6398284203822,24.7535476535085,24.68119552596,24.6191385780148,24.6967038696157,24.7690450146872,24.7018727940562,24.7328808471969,24.5518675968447,24.6346563530609,24.6501717687129,24.5725710861868,24.6656848260024,24.6398284203822,24.5622198668973,24.6760255545029,24.7328808471969,24.6656848260024,24.6605140688826,24.7328808471969,24.6346563530609,24.6708553211965,24.6708553211965,24.7018727940562,24.7122098579989,24.8258485704877,24.9599861922213,25.0681998923707,25.0424450977087,25.0784999971428,24.8413349715329,24.7638794888426,24.5311599032229,24.6398284203822,24.7173779975772,24.7483813439431,24.7690450146872,24.6760255545029,24.6398284203822,24.7122098579989,24.6346563530609,24.6450002255868,24.5829212550199,24.4638308334468,24.4845522079513,24.4741920473867,24.5622198668973,24.593270373703,24.6553430497988,24.6967038696157,24.5570438632356,24.588095945611,24.5415142757223,24.7122098579989,24.7328808471969,24.7173779975772,24.8310109648659,24.7328808471969,24.68119552596,24.7380479408253,24.7638794888426,24.6915346834782,24.6915346834782,24.7225458756109,24.7225458756109,24.7690450146872,24.836173098535,24.7638794888426,24.7793752829217,24.7948687272058,24.7948687272058,24.7173779975772,24.6605140688826,24.6708553211965,24.7225458756109,24.7380479408253,24.6087920833666,24.7070414568379,24.7173779975772,24.7432147730614,24.7587137017957,24.8258485704877,24.7897045068028,24.8310109648659,24.8051963851263,24.836173098535,24.8413349715329,24.836173098535,24.8877801045559,24.8051963851263,24.7793752829217,24.7845400253874,24.8826205758957,24.7897045068028,24.7948687272058,24.9238895190908,24.86197985757,24.6863652356057,24.7793752829217,24.7432147730614,24.8464965838976,24.7742102793675,24.836173098535,24.7845400253874,24.7018727940562,24.8516579356668,24.8671404277798,24.86197985757,25.0115307913128,24.8929393729232,24.8155229994525,24.8877801045559,24.8051963851263,24.8258485704877,24.8464965838976,24.8000326866343,24.6967038696157,24.6656848260024,24.6863652356057,24.7483813439431,24.7018727940562,24.8051963851263,24.8413349715329,24.8206859153626,24.8310109648659,24.9393610812787,24.86197985757,24.8568190268782,24.9238895190908,24.8774607869049,24.9393610812787,24.8774607869049,24.9032571289301,24.8310109648659,24.86197985757,24.9238895190908,24.9084156166453,24.8310109648659,24.9238895190908,24.9084156166453,24.918731811688,24.8980983810354,24.7897045068028,24.8877801045559,24.7948687272058,24.7380479408253,24.8310109648659,24.8051963851263,24.7638794888426,24.7483813439431,24.7587137017957,24.7587137017957,24.7897045068028,24.7638794888426,24.7742102793675,24.7948687272058,24.7948687272058,24.7948687272058,24.7638794888426,24.8155229994525,24.8723007375455,24.8568190268782,24.8929393729232,24.8723007375455,24.8413349715329,24.7535476535085,24.7173779975772,24.8310109648659,24.7587137017957,24.7328808471969,24.8051963851263,24.8155229994525,24.8258485704877,24.8103598227198,24.8310109648659,24.8413349715329,24.8774607869049,24.8723007375455,24.9238895190908,24.9290469664651,24.9342041538485,24.9393610812787,24.8826205758957,24.8929393729232,24.9445177487934,24.8877801045559,24.954830304227,24.8568190268782,24.836173098535,24.7173779975772,24.918731811688,24.7742102793675,24.7070414568379,24.7277134921382,24.7897045068028,24.7070414568379,24.7638794888426,24.7897045068028,24.7690450146872,24.7897045068028,24.7690450146872,24.7948687272058,24.8000326866343,24.8103598227198,24.9032571289301,24.8877801045559,24.8774607869049,24.9032571289301,24.9135738442187,24.9032571289301,24.8516579356668,25.0012239478063,24.954830304227,25.0475965748176,25.0166838239645,25.0733500742259,25.0115307913128,25.0681998923707,25.0115307913128,25.0372933614365,25.0836496611589,24.9857617364743,25.2020205629554,25.3664835674914,25.3510763511273,25.3562123467933,25.4691393236678,25.4178242679226,25.4332214756594,25.4075581805922,25.4434849990752,25.2945634334578,25.5306835914689,25.4691393236678,25.3972910671794,25.5665674104186,25.3767537609245,25.4793992606996,25.3921571255997
24.7432147730614,24.598444539334,24.7070414568379,24.6708553211965,24.6967038696157,24.7483813439431,24.7948687272058,24.7535476535085,24.6605140688826,24.6760255545029,24.7328808471969,24.7173779975772,24.6760255545029,24.6967038696157,24.8103598227198,24.68119552596,24.5570438632356,24.5725710861868,24.6346563530609,24.6553430497988,24.6346563530609,24.6656848260024,24.6605140688826,24.6915346834782,24.68119552596,24.6553430497988,24.8000326866343,24.6760255545029,24.8000326866343,24.8103598227198,24.8206859153626,24.8103598227198,24.7380479408253,24.6915346834782,24.5052693701856,24.598444539334,24.7587137017957,24.836173098535,24.6915346834782,24.7380479408253,24.5673956078683,24.6346563530609,24.4897318933139,24.5000904743927,24.5000904743927,24.4638308334468,24.2460014642685,24.4068253139224,24.5777463018912,24.5725710861868,24.5104480028654,24.593270373703,24.588095945611,24.598444539334,24.7328808471969,24.8155229994525,24.7070414568379,24.8000326866343,24.6656848260024,24.6294840235847,24.7483813439431,24.7483813439431,24.7328808471969,24.7328808471969,24.7225458756109,24.7070414568379,24.7638794888426,24.7690450146872,24.8051963851263,24.7690450146872,24.8568190268782,24.86197985757,24.8413349715329,24.68119552596,24.6346563530609,24.7380479408253,24.6243114319154,24.6760255545029,24.7070414568379,24.7380479408253,24.8516579356668,24.8258485704877,24.7483813439431,24.8103598227198,24.86197985757,24.7948687272058,24.8103598227198,24.7845400253874,24.8980983810354,24.7948687272058,24.7070414568379,24.7948687272058,24.7845400253874,24.7535476535085,24.6967038696157,24.7897045068028,24.8929393729232,24.8568190268782,24.6605140688826,24.7690450146872,24.7380479408253,24.7483813439431,24.8000326866343,24.836173098535,24.8258485704877,24.6915346834782,24.7638794888426,24.7535476535085,24.8516579356668,24.8000326866343,24.8206859153626,24.8155229994525,24.8206859153626,24.8310109648659,24.6967038696157,24.8051963851263,24.8000326866343,24.7432147730614,24.7225458756109,24.7122098579989,24.7225458756109,24.8464965838976,24.6760255545029,24.6863652356057,24.7587137017957,24.8051963851263,24.8310109648659,24.7587137017957,24.8516579356668,24.8051963851263,24.8413349715329,24.86197985757,24.8155229994525,24.7483813439431,24.86197985757,24.7432147730614,24.8877801045559,24.7380479408253,24.7277134921382,24.8103598227198,24.8929393729232,24.7793752829217,24.836173098535,24.8464965838976,24.8258485704877,24.7845400253874,24.7690450146872,24.7432147730614,24.7328808471969,24.8258485704877,24.7432147730614,24.7948687272058,24.7587137017957,24.7638794888426,24.7535476535085,24.7845400253874,24.8103598227198,24.7845400253874,24.7742102793675,24.7638794888426,24.7690450146872,24.8464965838976,24.836173098535,24.7483813439431,24.7948687272058,24.7225458756109,24.7948687272058,24.8103598227198,24.8155229994525,24.7897045068028,24.7225458756109,24.7225458756109,24.7793752829217,24.8206859153626,24.7483813439431,24.7845400253874,24.7122098579989,24.7587137017957,24.7690450146872,24.8826205758957,24.8980983810354,24.8877801045559,24.8980983810354,24.8826205758957,24.8826205758957,24.9342041538485,24.8051963851263,24.7432147730614,24.836173098535,24.8155229994525,24.7225458756109,24.7380479408253,24.7380479408253,24.6915346834782,24.7483813439431,24.7690450146872,24.7018727940562,24.6915346834782,24.7173779975772,24.7483813439431,24.7380479408253,24.7845400253874,24.7845400253874,24.7793752829217,24.7690450146872,24.8000326866343,24.8774607869049,24.918731811688,24.8826205758957,24.8980983810354,24.8774607869049,24.954830304227,24.9445177487934,24.8980983810354,24.954830304227,24.9754522977662,25.0630494515398,25.0681998923707,25.0424450977087,25.0321413659635,25.1196900631945,25.0681998923707,24.9702971889533,25.124837657352,25.2225928617629,25.3510763511273,25.3408035889768,25.3767537609245,25.3305297988212,25.3921571255997,25.3767537609245,25.4178242679226,25.4434849990752,25.4229569268991,25.4588783623232,25.3818884725093,25.4024247521646,25.3510763511273,25.4486163763711,25.3202549803643
24.7483813439431,24.7742102793675,24.7742102793675,24.7070414568379,24.7690450146872,24.7483813439431,24.7587137017957,24.7535476535085,24.6708553211965,24.7173779975772,24.6346563530609,24.6553430497988,24.6553430497988,24.7328808471969,24.7587137017957,24.8310109648659,24.5518675968447,24.588095945611,24.6708553211965,24.5725710861868,24.5725710861868,24.6398284203822,24.6656848260024,24.6708553211965,24.7690450146872,24.7173779975772,24.7277134921382,24.7328808471969,24.7173779975772,24.7793752829217,24.7277134921382,24.598444539334,24.68119552596,24.6191385780148,24.6191385780148,24.6450002255868,24.7690450146872,24.8206859153626,24.7845400253874,24.7173779975772,24.68119552596,24.6915346834782,24.6191385780148,24.4897318933139,24.6294840235847,24.5829212550199,24.3912728154683,24.4223754377718,24.5725710861868,24.4223754377718,24.5829212550199,24.525982322611,24.5829212550199,24.525982322611,24.6139654618445,24.6191385780148,24.7690450146872,24.8051963851263,24.7897045068028,24.7742102793675,24.6398284203822,24.7483813439431,24.8258485704877,24.8310109648659,24.8155229994525,24.8155229994525,24.8568190268782,24.9084156166453,24.8000326866343,24.8568190268782,24.9754522977662,24.8774607869049,24.7380479408253,24.7690450146872,24.7535476535085,24.6294840235847,24.6243114319154,24.7122098579989,24.9393610812787,24.7483813439431,24.8464965838976,24.7225458756109,24.7948687272058,24.7225458756109,24.8103598227198,24.8568190268782,24.8258485704877,24.8258485704877,24.918731811688,24.7535476535085,24.6863652356057,24.7742102793675,24.7690450146872,24.8000326866343,24.7638794888426,24.918731811688,24.7793752829217,24.7018727940562,24.6760255545029,24.7845400253874,24.8206859153626,24.7638794888426,24.8826205758957,24.7793752829217,24.7742102793675,24.6656848260024,24.7587137017957,24.7587137017957,24.8671404277798,24.8671404277798,24.8723007375455,24.836173098535,24.8155229994525,24.8051963851263,24.7948687272058,24.8155229994525,24.7690450146872,24.7742102793675,24.7587137017957,24.7277134921382,24.7535476535085,24.6915346834782,24.7638794888426,24.836173098535,24.8310109648659,24.8103598227198,24.8671404277798,24.8877801045559,24.8516579356668,24.9290469664651,24.8723007375455,24.9393610812787,24.8774607869049,24.8258485704877,24.7432147730614,24.7173779975772,24.7587137017957,24.7742102793675,24.8258485704877,24.8258485704877,24.86197985757,24.8051963851263,24.8103598227198,24.7173779975772,24.8826205758957,24.7277134921382,24.8464965838976,24.7638794888426,24.7380479408253,24.7380479408253,24.7432147730614,24.8000326866343,24.7380479408253,24.7483813439431,24.6967038696157,24.7380479408253,24.7587137017957,24.7173779975772,24.7897045068028,24.7690450146872,24.8155229994525,24.6398284203822,24.7793752829217,24.7535476535085,24.7948687272058,24.8206859153626,24.7328808471969,24.7587137017957,24.7535476535085,24.8000326866343,24.6863652356057,24.7018727940562,24.6708553211965,24.8568190268782,24.8000326866343,24.7742102793675,24.7793752829217,24.7793752829217,24.8826205758957,24.8155229994525,24.9342041538485,24.8155229994525,24.9032571289301,24.8774607869049,24.8723007375455,24.9238895190908,24.9238895190908,24.6863652356057,24.8103598227198,24.8568190268782,24.7638794888426,24.7535476535085,24.7638794888426,24.7070414568379,24.7018727940562,24.7432147730614,24.7535476535085,24.7070414568379,24.7380479408253,24.8051963851263,24.7587137017957,24.8310109648659,24.7638794888426,24.7587137017957,24.7845400253874,24.8516579356668,24.8877801045559,24.8464965838976,24.8980983810354,24.9290469664651,24.8155229994525,24.8310109648659,24.8774607869049,24.918731811688,24.9342041538485,25.0115307913128,24.9651418204509,25.0681998923707,24.9754522977662,25.0681998923707,25.0527477928007,24.9238895190908,25.0218365972651,25.0321413659635,25.1762993840732,25.258584458684,25.3767537609245,25.325392518149,25.3562123467933,25.4075581805922,25.3716187925976,25.3099791333095,25.3613480855689,25.4486163763711,25.5255563093646,25.3921571255997,25.3972910671794,25.464008971053,25.4537474974415,25.4280893294658
24.4845522079513,24.7070414568379,24.6760255545029,24.7122098579989,24.7742102793675,24.6967038696157,24.7328808471969,24.7432147730614,24.7225458756109,24.7948687272058,24.6656848260024,24.68119552596,24.7535476535085,24.7587137017957,24.7535476535085,24.7018727940562,24.6863652356057,24.6708553211965,24.5415142757223,24.6243114319154,24.5415142757223,24.6087920833666,24.6967038696157,24.6863652356057,24.7690450146872,24.8464965838976,24.4482870367845,24.5415142757223,24.6139654618445,24.7277134921382,24.7018727940562,24.68119552596,24.5829212550199,24.6294840235847,24.6501717687129,24.6191385780148,24.6656848260024,24.6863652356057,24.8206859153626,24.7277134921382,24.8103598227198,24.6656848260024,24.8516579356668,24.8155229994525,24.7690450146872,24.8206859153626,24.7535476535085,24.7535476535085,24.7328808471969,24.6036184425424,24.598444539334,24.6967038696157,24.5156263724707,24.593270373703,24.5518675968447,24.6087920833666,24.7948687272058,24.7793752829217,24.8103598227198,24.9135738442187,24.8723007375455,24.9342041538485,24.9238895190908,24.9393610812787,25.0527477928007,24.9909160664447,24.9960701368761,24.9651418204509,24.8723007375455,24.9651418204509,24.9806071469274,24.86197985757,24.8413349715329,24.7328808471969,24.6243114319154,24.5725710861868,24.6294840235847,24.6294840235847,24.7122098579989,24.7225458756109,24.7535476535085,24.7793752829217,24.86197985757,24.7948687272058,24.7948687272058,24.6863652356057,24.8051963851263,24.6760255545029,24.7483813439431,24.8310109648659,24.8000326866343,24.8000326866343,24.8258485704877,24.7897045068028,24.7845400253874,24.6760255545029,24.7070414568379,24.68119552596,24.7328808471969,24.7277134921382,24.836173098535,24.7897045068028,24.7638794888426,24.8000326866343,24.9032571289301,24.8310109648659,24.7742102793675,24.836173098535,24.9393610812787,24.7690450146872,24.6760255545029,24.7587137017957,24.7845400253874,24.7587137017957,24.7638794888426,24.6915346834782,24.6760255545029,24.7897045068028,24.7897045068028,24.7380479408253,24.7690450146872,24.8155229994525,24.7845400253874,24.7948687272058,24.8723007375455,24.7948687272058,24.8000326866343,24.8774607869049,24.8206859153626,24.7483813439431,24.7535476535085,24.7483813439431,24.8568190268782,24.7173779975772,24.7535476535085,24.7638794888426,24.8310109648659,24.8206859153626,24.7587137017957,24.8310109648659,24.8929393729232,24.836173098535,24.7793752829217,24.86197985757,24.7380479408253,24.7742102793675,24.8155229994525,24.8155229994525,24.7897045068028,24.7328808471969,24.8206859153626,24.7277134921382,24.7845400253874,24.7483813439431,24.7432147730614,24.7018727940562,24.6967038696157,24.7070414568379,24.8051963851263,24.7483813439431,24.7535476535085,24.7587137017957,24.7535476535085,24.8000326866343,24.7897045068028,24.7380479408253,24.7897045068028,24.7328808471969,24.7793752829217,24.7587137017957,24.7897045068028,24.8103598227198,24.7742102793675,24.8723007375455,24.7380479408253,24.7897045068028,24.7897045068028,24.86197985757,24.7690450146872,24.9084156166453,24.7845400253874,24.8774607869049,24.8877801045559,24.8000326866343,24.8723007375455,24.8723007375455,24.8671404277798,24.8929393729232,24.8464965838976,24.7742102793675,24.7483813439431,24.7225458756109,24.7173779975772,24.7690450146872,24.6967038696157,24.6708553211965,24.7018727940562,24.7225458756109,24.7690450146872,24.8000326866343,24.7638794888426,24.7690450146872,24.8464965838976,24.7483813439431,24.7483813439431,24.8155229994525,24.86197985757,24.8826205758957,24.8774607869049,24.8464965838976,24.9651418204509,24.8464965838976,24.9496741564303,25.0115307913128,24.9599861922213,24.9960701368761,25.0063774992726,24.9754522977662,25.0218365972651,25.0424450977087,25.0990971001769,25.0269891112523,24.836173098535,25.0115307913128,25.14027888859,25.2174501739369,25.1814441360816,25.3562123467933,25.3562123467933,25.4434849990752,25.3562123467933,25.4280893294658,25.3459400985342,25.3510763511273,25.3767537609245,25.5306835914689,25.5204287715866,25.3818884725093,25.3202549803643,25.3099791333095
24.7277134921382,24.7328808471969,24.7535476535085,24.7173779975772,24.7380479408253,24.7328808471969,24.7432147730614,24.7070414568379,24.7483813439431,24.7638794888426,24.7380479408253,24.7638794888426,24.7225458756109,24.7638794888426,24.7948687272058,24.7845400253874,24.6553430497988,24.5777463018912,24.6036184425424,24.6191385780148,24.6191385780148,24.6605140688826,24.5415142757223,24.6501717687129,24.7277134921382,24.7897045068028,24.6139654618445,24.5518675968447,24.593270373703,24.6501717687129,24.5622198668973,24.6605140688826,24.68119552596,24.525982322611,24.598444539334,24.6760255545029,24.6656848260024,24.8103598227198,24.8774607869049,24.7432147730614,24.7122098579989,24.7535476535085,24.68119552596,24.8310109648659,24.9342041538485,24.9445177487934,24.8826205758957,24.918731811688,24.9393610812787,24.9857617364743,24.7122098579989,24.6656848260024,24.6139654618445,24.6243114319154,24.6191385780148,24.5000904743927,24.5363372209139,24.7690450146872,24.7793752829217,24.9290469664651,24.9290469664651,24.8258485704877,24.8051963851263,24.8671404277798,24.954830304227,24.9084156166453,24.836173098535,24.8877801045559,24.8723007375455,24.8980983810354,24.9445177487934,24.8826205758957,24.86197985757,24.6087920833666,24.7018727940562,24.6398284203822,24.5311599032229,24.6553430497988,24.6863652356057,24.6087920833666,24.7070414568379,24.7432147730614,24.6398284203822,24.7328808471969,24.7742102793675,24.7277134921382,24.7742102793675,24.6708553211965,24.8413349715329,24.7742102793675,24.8310109648659,24.7690450146872,24.7483813439431,24.6863652356057,24.5104480028654,24.7483813439431,24.7742102793675,24.7380479408253,24.8155229994525,24.8103598227198,24.8000326866343,24.7948687272058,24.8103598227198,24.7587137017957,24.68119552596,24.8258485704877,24.7948687272058,24.7690450146872,24.7948687272058,24.7380479408253,24.6915346834782,24.6656848260024,24.6450002255868,24.6398284203822,24.7328808471969,24.7638794888426,24.7535476535085,24.7122098579989,24.8051963851263,24.7277134921382,24.7483813439431,24.7845400253874,24.6191385780148,24.7535476535085,24.7793752829217,24.7845400253874,24.6398284203822,24.7638794888426,24.7897045068028,24.8310109648659,24.8310109648659,24.8258485704877,24.7483813439431,24.8258485704877,24.836173098535,24.8671404277798,24.8155229994525,24.8310109648659,24.8206859153626,24.8413349715329,24.836173098535,24.9290469664651,24.918731811688,24.8671404277798,24.836173098535,24.7948687272058,24.7587137017957,24.7845400253874,24.7328808471969,24.8155229994525,24.7432147730614,24.7587137017957,24.7897045068028,24.6967038696157,24.7070414568379,24.7018727940562,24.7638794888426,24.7948687272058,24.7638794888426,24.7742102793675,24.7225458756109,24.7483813439431,24.7432147730614,24.8000326866343,24.7380479408253,24.8310109648659,24.8310109648659,24.7380479408253,24.7277134921382,24.7018727940562,24.8051963851263,24.8413349715329,24.8051963851263,24.8413349715329,24.7328808471969,24.7638794888426,24.7535476535085,24.7587137017957,24.86197985757,24.8516579356668,24.8774607869049,24.9032571289301,24.8671404277798,24.8464965838976,24.7845400253874,24.8671404277798,24.7845400253874,24.8464965838976,24.8774607869049,24.8413349715329,24.7690450146872,24.7225458756109,24.6656848260024,24.7690450146872,24.8051963851263,24.7380479408253,24.7690450146872,24.6656848260024,24.7638794888426,24.7277134921382,24.8000326866343,24.8516579356668,24.8413349715329,24.9032571289301,24.7845400253874,24.8258485704877,24.8929393729232,24.9393610812787,24.9342041538485,24.9084156166453,24.9342041538485,24.9496741564303,24.9909160664447,25.0630494515398,25.0218365972651,25.0424450977087,25.0784999971428,25.0475965748176,25.0321413659635,25.1042457289643,25.1196900631945,25.0424450977087,25.0990971001769,25.0887990663117,25.0733500742259,25.2688654531791,25.2637250847104,25.3870229273887,25.4537474974415,25.4280893294658,25.4434849990752,25.3818884725093,25.464008971053,25.4742694202044,25.4588783623232,25.4280893294658,25.464008971053,25.4742694202044,25.3356668224182,25.464008971053
24.8206859153626,24.6760255545029,24.7742102793675,24.7793752829217,24.7328808471969,24.7535476535085,24.7277134921382,24.7587137017957,24.7070414568379,24.6863652356057,24.7018727940562,24.6915346834782,24.7535476535085,24.7587137017957,24.7897045068028,24.8413349715329,24.6863652356057,24.6708553211965,24.6087920833666,24.5829212550199,24.6553430497988,24.6967038696157,24.7432147730614,24.8464965838976,24.8568190268782,24.7070414568379,24.6243114319154,24.4534685658236,24.5363372209139,24.5466910676864,24.5673956078683,24.5466910676864,24.598444539334,24.6294840235847,24.5673956078683,24.6760255545029,24.5311599032229,24.6760255545029,24.836173098535,24.7535476535085,24.6501717687129,24.7638794888426,24.7535476535085,24.7742102793675,24.9445177487934,25.0733500742259,25.0836496611589,25.0887990663117,25.0887990663117,24.9909160664447,24.9393610812787,24.593270373703,24.7380479408253,24.7225458756109,24.6243114319154,24.4690115721079,24.5156263724707,24.6191385780148,24.7742102793675,25.0372933614365,24.9290469664651,24.9445177487934,24.8103598227198,24.8723007375455,24.8155229994525,24.8000326866343,24.8516579356668,24.7948687272058,24.9032571289301,24.9599861922213,24.9084156166453,24.9135738442187,24.8568190268782,24.8206859153626,24.7432147730614,24.7638794888426,24.6915346834782,24.6967038696157,24.7380479408253,24.7225458756109,24.6398284203822,24.5829212550199,24.6450002255868,24.6450002255868,24.6915346834782,24.7535476535085,24.8310109648659,24.7225458756109,24.8413349715329,24.7638794888426,24.836173098535,24.6191385780148,24.7432147730614,24.7328808471969,24.6760255545029,24.7948687272058,24.6967038696157,24.8103598227198,24.8051963851263,24.7483813439431,24.7845400253874,24.8310109648659,24.8155229994525,24.7845400253874,24.8206859153626,24.8258485704877,24.9135738442187,24.7793752829217,24.7380479408253,24.6915346834782,24.7122098579989,24.7122098579989,24.7638794888426,24.7690450146872,24.6450002255868,24.6863652356057,24.6605140688826,24.7742102793675,24.7173779975772,24.6863652356057,24.7845400253874,24.6346563530609,24.8155229994525,24.7897045068028,24.8206859153626,24.7638794888426,24.7483813439431,24.7845400253874,24.7587137017957,24.8310109648659,24.8413349715329,24.7225458756109,24.7483813439431,24.7638794888426,24.8051963851263,24.8258485704877,24.8103598227198,24.8464965838976,24.86197985757,24.8206859153626,24.8413349715329,24.918731811688,24.8877801045559,24.8568190268782,24.8568190268782,24.8671404277798,24.8051963851263,24.8310109648659,24.8206859153626,24.8103598227198,24.8000326866343,24.8000326866343,24.7018727940562,24.7587137017957,24.7587137017957,24.7587137017957,24.6915346834782,24.7122098579989,24.6450002255868,24.7845400253874,24.7535476535085,24.7690450146872,24.7380479408253,24.7277134921382,24.7742102793675,24.7380479408253,24.8206859153626,24.7277134921382,24.7380479408253,24.8310109648659,24.6967038696157,24.8103598227198,24.8051963851263,24.8155229994525,24.8877801045559,24.7793752829217,24.8877801045559,24.8723007375455,24.8826205758957,24.9135738442187,24.9084156166453,24.9084156166453,24.8464965838976,24.8464965838976,24.8671404277798,24.8877801045559,24.8774607869049,24.8464965838976,24.7690450146872,24.7690450146872,24.8103598227198,24.7845400253874,24.7070414568379,24.7793752829217,24.7070414568379,24.7897045068028,24.8103598227198,24.6553430497988,24.7328808471969,24.7380479408253,24.7690450146872,24.7638794888426,24.8516579356668,24.7690450146872,24.8103598227198,24.8980983810354,24.8464965838976,24.9496741564303,24.9599861922213,24.954830304227,24.9342041538485,24.9702971889533,25.0784999971428,25.0372933614365,25.0475965748176,25.0475965748176,25.1299849929454,25.0424450977087,25.0990971001769,25.0887990663117,25.0115307913128,25.0269891112523,25.0012239478063,25.0527477928007,25.0887990663117,25.258584458684,25.2225928617629,25.3151171854302,25.2688654531791,25.3664835674914,25.3818884725093,25.4588783623232,25.4229569268991,25.464008971053,25.4024247521646,25.3664835674914,25.4486163763711,25.4691393236678,25.4588783623232,25.325392518149
24.6708553211965,24.7638794888426,24.8568190268782,24.7690450146872,24.7122098579989,24.7277134921382,24.8000326866343,24.8310109648659,24.7328808471969,24.7225458756109,24.7225458756109,24.7173779975772,24.7587137017957,24.7587137017957,24.7845400253874,24.7742102793675,24.6553430497988,24.6967038696157,24.6243114319154,24.525982322611,24.6656848260024,24.6760255545029,24.6656848260024,24.8516579356668,24.68119552596,24.68119552596,24.6398284203822,24.5311599032229,24.5156263724707,24.7225458756109,24.6294840235847,24.7122098579989,24.6243114319154,24.5829212550199,24.588095945611,24.5415142757223,24.7018727940562,24.7225458756109,24.6967038696157,24.6036184425424,24.6087920833666,24.7587137017957,24.7483813439431,24.598444539334,24.7948687272058,24.8310109648659,24.6656848260024,24.8000326866343,24.8051963851263,24.8723007375455,24.7225458756109,24.4897318933139,24.5673956078683,24.6294840235847,24.5208044790397,24.5000904743927,24.6139654618445,24.6191385780148,24.6139654618445,24.7432147730614,24.8929393729232,24.7122098579989,24.7122098579989,24.6450002255868,24.6553430497988,24.7897045068028,24.7742102793675,24.7328808471969,24.7638794888426,24.9342041538485,24.8774607869049,24.9032571289301,24.8258485704877,24.8155229994525,24.8980983810354,24.8929393729232,24.6553430497988,24.7535476535085,24.7173779975772,24.7793752829217,24.7380479408253,24.6915346834782,24.598444539334,24.6243114319154,24.6553430497988,24.6139654618445,24.4638308334468,24.588095945611,24.6036184425424,24.6501717687129,24.6501717687129,24.7845400253874,24.8258485704877,24.7897045068028,24.7173779975772,24.7742102793675,24.7070414568379,24.7070414568379,24.7948687272058,24.7793752829217,24.8413349715329,24.7897045068028,24.7587137017957,24.8103598227198,24.8103598227198,24.8464965838976,24.7742102793675,24.8310109648659,24.6863652356057,24.7638794888426,24.6863652356057,24.7328808471969,24.7225458756109,24.6139654618445,24.6501717687129,24.6967038696157,24.7483813439431,24.6243114319154,24.7173779975772,24.7070414568379,24.7070414568379,24.6294840235847,24.7380479408253,24.7948687272058,24.7742102793675,24.8000326866343,24.7587137017957,24.7690450146872,24.7845400253874,24.8568190268782,24.9135738442187,24.8103598227198,24.8980983810354,24.9032571289301,24.8516579356668,24.8258485704877,24.8671404277798,24.8671404277798,24.8980983810354,24.86197985757,24.8980983810354,24.9238895190908,24.8826205758957,24.8671404277798,24.8568190268782,24.8516579356668,24.8310109648659,24.8103598227198,24.7587137017957,24.8206859153626,24.7225458756109,24.8000326866343,24.7948687272058,24.7897045068028,24.7793752829217,24.7380479408253,24.7173779975772,24.6760255545029,24.7225458756109,24.6501717687129,24.6501717687129,24.7483813439431,24.7380479408253,24.7483813439431,24.7070414568379,24.525982322611,24.7173779975772,24.7897045068028,24.7070414568379,24.8051963851263,24.7173779975772,24.8103598227198,24.836173098535,24.8155229994525,24.8980983810354,24.8206859153626,24.8413349715329,24.7742102793675,24.8826205758957,24.8826205758957,24.9032571289301,24.9084156166453,24.9754522977662,24.86197985757,24.8000326866343,24.8464965838976,24.9754522977662,24.7793752829217,24.836173098535,24.7587137017957,24.7742102793675,24.8206859153626,24.7432147730614,24.8206859153626,24.8413349715329,24.6708553211965,24.7948687272058,24.7483813439431,24.7742102793675,24.836173098535,24.7587137017957,24.86197985757,24.7638794888426,24.7432147730614,24.8258485704877,24.9032571289301,24.8877801045559,24.8980983810354,24.8980983810354,24.9393610812787,24.8826205758957,24.9754522977662,25.0475965748176,25.0836496611589,25.0424450977087,25.0475965748176,25.1299849929454,25.0836496611589,25.1505717504272,25.1351320700124,25.0939482126385,25.0218365972651,25.0372933614365,25.0578987516956,24.9702971889533,25.1814441360816,25.1865886299367,25.2740055641272,25.3305297988212,25.2740055641272,25.3870229273887,25.4742694202044,25.3459400985342,25.4691393236678,25.4332214756594,25.3767537609245,25.4588783623232,25.4486163763711,25.4793992606996,25.4383533655169
24.836173098535,24.7328808471969,24.6915346834782,24.7535476535085,24.7070414568379,24.7277134921382,24.8103598227198,24.6863652356057,24.8051963851263,24.7070414568379,24.7742102793675,24.7380479408253,24.8310109648659,24.8206859153626,24.7173779975772,24.7535476535085,24.6501717687129,24.6294840235847,24.6760255545029,24.6139654618445,24.7432147730614,24.7483813439431,24.7380479408253,24.8413349715329,24.8723007375455,24.7793752829217,24.525982322611,24.6036184425424,24.6450002255868,24.5311599032229,24.68119552596,24.6191385780148,24.6553430497988,24.6605140688826,24.6708553211965,24.7380479408253,24.6760255545029,24.6243114319154,24.7225458756109,24.6915346834782,24.6656848260024,24.6760255545029,24.7432147730614,24.6708553211965,24.6450002255868,24.7432147730614,24.588095945611,24.5829212550199,24.7173779975772,24.7070414568379,24.7173779975772,24.7070414568379,24.6553430497988,24.5829212550199,24.5311599032229,24.5052693701856,24.5000904743927,24.5829212550199,24.6139654618445,24.7225458756109,24.7638794888426,24.7483813439431,24.7122098579989,24.5622198668973,24.5570438632356,24.7845400253874,24.6087920833666,24.6553430497988,24.7535476535085,24.7845400253874,24.8000326866343,24.918731811688,24.8206859153626,24.8155229994525,24.8774607869049,24.918731811688,24.7483813439431,24.7432147730614,24.7742102793675,24.7793752829217,24.7897045068028,24.9290469664651,24.7638794888426,24.836173098535,24.7225458756109,24.6863652356057,24.6501717687129,24.5777463018912,24.6450002255868,24.6398284203822,24.7173779975772,24.8877801045559,24.7897045068028,24.7380479408253,24.7018727940562,24.7845400253874,24.86197985757,24.7277134921382,24.836173098535,24.8155229994525,24.836173098535,24.7742102793675,24.8103598227198,24.7793752829217,24.7690450146872,24.8000326866343,24.918731811688,24.8258485704877,24.9135738442187,24.7277134921382,24.7483813439431,24.7793752829217,24.7483813439431,24.7793752829217,24.7380479408253,24.7793752829217,24.8155229994525,24.8000326866343,24.7793752829217,24.7535476535085,24.7587137017957,24.7638794888426,24.7638794888426,24.8516579356668,24.7845400253874,24.7845400253874,24.7742102793675,24.7948687272058,24.8826205758957,24.918731811688,24.9393610812787,24.9135738442187,24.8980983810354,24.8826205758957,24.8568190268782,24.9342041538485,24.8464965838976,24.8516579356668,24.9084156166453,24.8723007375455,24.8877801045559,24.8516579356668,24.8568190268782,24.86197985757,24.8929393729232,24.7432147730614,24.7535476535085,24.8103598227198,24.7897045068028,24.7690450146872,24.6863652356057,24.7897045068028,24.7793752829217,24.8258485704877,24.836173098535,24.7742102793675,24.7690450146872,24.6191385780148,24.6501717687129,24.5000904743927,24.6398284203822,24.7277134921382,24.7690450146872,24.7380479408253,24.7432147730614,24.7122098579989,24.7225458756109,24.7277134921382,24.7173779975772,24.7173779975772,24.7018727940562,24.7380479408253,24.7483813439431,24.836173098535,24.7845400253874,24.8155229994525,24.86197985757,24.918731811688,24.9084156166453,24.836173098535,24.8258485704877,24.9290469664651,24.8464965838976,24.8671404277798,24.86197985757,24.9599861922213,24.86197985757,24.8671404277798,24.7897045068028,24.8671404277798,24.7742102793675,24.7690450146872,24.8671404277798,24.7638794888426,24.7638794888426,24.6553430497988,24.7897045068028,24.6398284203822,24.6863652356057,24.7897045068028,24.7742102793675,24.8568190268782,24.7225458756109,24.836173098535,24.7897045068028,24.8568190268782,24.8929393729232,25.0578987516956,24.8980983810354,24.8826205758957,25.0527477928007,24.9960701368761,24.9960701368761,25.0990971001769,25.0630494515398,25.0681998923707,25.0887990663117,25.0578987516956,25.1762993840732,25.0887990663117,25.0681998923707,25.0733500742259,25.0681998923707,25.0939482126385,25.0578987516956,25.0166838239645,25.2174501739369,25.2380193782588,25.3408035889768,25.3151171854302,25.3767537609245,25.3818884725093,25.4793992606996,25.5665674104186,25.4793992606996,25.4178242679226,25.4332214756594,25.4229569268991,25.4537474974415,25.4229569268991
24.8413349715329,24.7225458756109,24.6656848260024,24.7122098579989,24.6346563530609,24.6087920833666,24.6967038696157,24.7897045068028,24.7587137017957,24.6915346834782,24.6915346834782,24.7225458756109,24.7018727940562,24.7742102793675,24.7070414568379,24.9135738442187,24.6760255545029,24.6553430497988,24.6553430497988,24.6760255545029,24.6294840235847,24.5829212550199,24.6656848260024,24.836173098535,24.7380479408253,24.593270373703,24.525982322611,24.6191385780148,24.7225458756109,24.5518675968447,24.5777463018912,24.5673956078683,24.6501717687129,24.5829212550199,24.6656848260024,24.6243114319154,24.6656848260024,24.6760255545029,24.6656848260024,24.6087920833666,24.6036184425424,24.7070414568379,24.6087920833666,24.6243114319154,24.5415142757223,24.6036184425424,24.5570438632356,24.5415142757223,24.5415142757223,24.588095945611,24.68119552596,24.7225458756109,24.5622198668973,24.5052693701856,24.5000904743927,24.3601606905737,24.4431052442089,24.6191385780148,24.6294840235847,24.7535476535085,24.7432147730614,24.6398284203822,24.6501717687129,24.6294840235847,24.5673956078683,24.5725710861868,24.7277134921382,24.7380479408253,24.7122098579989,24.5466910676864,24.7845400253874,24.7897045068028,24.6967038696157,24.8155229994525,24.7587137017957,24.9084156166453,24.836173098535,24.6656848260024,24.7328808471969,24.9290469664651,24.7432147730614,24.7793752829217,24.7122098579989,24.7122098579989,24.7742102793675,24.7535476535085,24.7122098579989,24.68119552596,24.6553430497988,24.68119552596,24.6553430497988,24.8051963851263,24.7948687272058,24.7328808471969,24.8103598227198,24.7948687272058,24.7277134921382,24.7380479408253,24.7742102793675,24.7742102793675,24.8206859153626,24.9445177487934,24.8000326866343,24.7897045068028,24.8568190268782,24.7690450146872,24.8568190268782,24.7587137017957,24.8671404277798,24.7845400253874,24.7535476535085,24.7535476535085,24.8051963851263,24.7742102793675,24.8464965838976,24.8206859153626,24.7690450146872,24.7690450146872,24.7845400253874,24.6760255545029,24.7277134921382,24.7122098579989,24.7380479408253,24.7483813439431,24.8051963851263,24.7948687272058,24.7845400253874,24.7948687272058,24.9238895190908,24.8774607869049,24.9342041538485,24.86197985757,24.9342041538485,24.9135738442187,24.9032571289301,24.8826205758957,24.8568190268782,24.8980983810354,24.836173098535,24.8929393729232,24.8929393729232,24.7948687272058,24.8051963851263,24.8774607869049,24.7897045068028,24.8980983810354,24.8206859153626,24.8103598227198,24.8155229994525,24.7742102793675,24.6967038696157,24.7845400253874,24.8310109648659,24.7897045068028,24.8000326866343,24.8103598227198,24.7483813439431,24.6553430497988,24.6553430497988,24.4897318933139,24.6501717687129,24.7587137017957,24.7587137017957,24.7225458756109,24.7587137017957,24.8000326866343,24.9135738442187,24.7897045068028,24.7070414568379,24.8206859153626,24.7173779975772,24.7483813439431,24.836173098535,24.7535476535085,24.8258485704877,24.8155229994525,24.7535476535085,24.8464965838976,24.8258485704877,24.9342041538485,24.9032571289301,24.8516579356668,24.8568190268782,24.8671404277798,24.8774607869049,24.8464965838976,24.9238895190908,24.9702971889533,24.7690450146872,24.7742102793675,24.7690450146872,24.7742102793675,24.7897045068028,24.7328808471969,24.6501717687129,24.7122098579989,24.7638794888426,24.6967038696157,24.7793752829217,24.7277134921382,24.7793752829217,24.7638794888426,24.8516579356668,24.8258485704877,24.8258485704877,24.6605140688826,24.8980983810354,24.9135738442187,24.8413349715329,24.9238895190908,24.918731811688,25.0063774992726,25.0269891112523,24.9754522977662,25.0681998923707,25.0630494515398,25.1968768433364,25.2123072282184,25.2123072282184,25.0527477928007,25.1762993840732,25.0939482126385,25.0630494515398,25.0681998923707,25.0578987516956,25.1557177937613,25.2277352917338,25.2483024338098,25.2791454175921,25.3613480855689,25.3356668224182,25.4793992606996,25.4896581737131,25.4742694202044,25.3562123467933,25.5050446238429,25.3870229273887,25.4024247521646,25.4280893294658,25.4024247521646
24.6760255545029,24.7483813439431,24.6708553211965,24.588095945611,24.7173779975772,24.7018727940562,24.5570438632356,24.5466910676864,24.6501717687129,24.6863652356057,24.6708553211965,24.8413349715329,24.7535476535085,24.7328808471969,24.7483813439431,24.8000326866343,24.8310109648659,24.6915346834782,24.6967038696157,24.6967038696157,24.5777463018912,24.5829212550199,24.598444539334,24.6863652356057,24.7328808471969,24.7122098579989,24.5466910676864,24.6346563530609,24.5725710861868,24.5363372209139,24.5415142757223,24.5208044790397,24.5673956078683,24.5725710861868,24.6553430497988,24.6605140688826,24.593270373703,24.6036184425424,24.6294840235847,24.7070414568379,24.7277134921382,24.7070414568379,24.5829212550199,24.5777463018912,24.5673956078683,24.5570438632356,24.598444539334,24.5570438632356,24.5052693701856,24.5622198668973,24.6087920833666,24.7070414568379,24.5673956078683,24.6605140688826,24.4845522079513,24.4741920473867,24.5311599032229,24.5311599032229,24.5311599032229,24.6191385780148,24.6087920833666,24.6605140688826,24.5466910676864,24.7328808471969,24.6553430497988,24.5673956078683,24.5466910676864,24.6708553211965,24.6708553211965,24.7173779975772,24.7070414568379,24.7535476535085,24.7483813439431,24.6294840235847,24.6605140688826,24.7380479408253,24.9651418204509,24.8258485704877,24.7018727940562,24.6967038696157,24.8103598227198,24.7638794888426,24.86197985757,24.7638794888426,24.836173098535,24.7432147730614,24.5311599032229,24.6139654618445,24.6294840235847,24.6708553211965,24.6605140688826,24.7948687272058,24.7535476535085,24.6605140688826,24.8051963851263,24.7948687272058,24.7328808471969,24.7483813439431,24.8051963851263,24.7638794888426,24.7690450146872,24.7897045068028,24.8877801045559,24.8774607869049,24.7587137017957,24.8671404277798,24.7845400253874,24.8310109648659,24.8464965838976,24.7690450146872,24.7948687272058,24.7690450146872,24.8103598227198,24.7948687272058,24.7070414568379,24.7897045068028,24.8413349715329,24.8155229994525,24.7948687272058,24.8258485704877,24.7432147730614,24.7070414568379,24.7587137017957,24.8206859153626,24.86197985757,24.836173098535,24.8516579356668,24.8051963851263,24.8464965838976,24.8723007375455,24.8464965838976,24.8723007375455,24.9084156166453,24.9290469664651,24.7793752829217,24.8155229994525,24.8774607869049,24.8516579356668,24.8310109648659,24.8464965838976,24.7690450146872,24.9032571289301,24.9135738442187,24.8723007375455,24.836173098535,24.8155229994525,24.8464965838976,24.8000326866343,24.9238895190908,24.7690450146872,24.7742102793675,24.7948687272058,24.7793752829217,24.8258485704877,24.7690450146872,24.8155229994525,24.7638794888426,24.6191385780148,24.7535476535085,24.5725710861868,24.4897318933139,24.68119552596,24.7225458756109,24.9238895190908,24.8000326866343,24.7535476535085,24.7070414568379,24.8051963851263,24.6863652356057,24.8103598227198,24.7173779975772,24.7483813439431,24.8258485704877,24.836173098535,24.7845400253874,24.7483813439431,24.8258485704877,24.8051963851263,24.8929393729232,24.8929393729232,24.8464965838976,24.8051963851263,24.8464965838976,24.8310109648659,24.9084156166453,24.8929393729232,24.8929393729232,24.7948687272058,24.7742102793675,24.7328808471969,24.7173779975772,24.7380479408253,24.7380479408253,24.6501717687129,24.7432147730614,24.7122098579989,24.8464965838976,24.7897045068028,24.7483813439431,24.7638794888426,24.7638794888426,24.7328808471969,24.8206859153626,24.7638794888426,24.7742102793675,24.8206859153626,24.836173098535,24.9496741564303,24.836173098535,24.9342041538485,25.0424450977087,25.0321413659635,25.0321413659635,25.0063774992726,24.954830304227,25.0630494515398,24.9496741564303,25.0990971001769,25.0990971001769,25.14027888859,25.0321413659635,25.1557177937613,25.0681998923707,25.1042457289643,25.1093940990381,25.0990971001769,25.2071640245704,25.2431610348875,25.3613480855689,25.2483024338098,25.4537474974415,25.4383533655169,25.3716187925976,25.5153009780981,25.3972910671794,25.4537474974415,25.5255563093646,25.4486163763711,25.4332214756594,25.6331755985647
24.6656848260024,24.7690450146872,24.7380479408253,24.7328808471969,24.7483813439431,24.6656848260024,24.7638794888426,24.5622198668973,24.6760255545029,24.7018727940562,24.7897045068028,24.7638794888426,24.7793752829217,24.6501717687129,24.7277134921382,24.7432147730614,24.8206859153626,24.836173098535,24.7173779975772,24.7122098579989,24.7122098579989,24.6708553211965,24.7380479408253,24.6863652356057,24.7173779975772,24.6760255545029,24.6708553211965,24.6243114319154,24.6553430497988,24.6605140688826,24.5518675968447,24.6036184425424,24.598444539334,24.5156263724707,24.7587137017957,24.6191385780148,24.7380479408253,24.5104480028654,24.68119552596,24.7070414568379,24.6708553211965,24.6760255545029,24.6191385780148,24.6760255545029,24.6294840235847,24.6553430497988,24.6036184425424,24.5777463018912,24.7018727940562,24.598444539334,24.5518675968447,24.6553430497988,24.6656848260024,24.6501717687129,24.6087920833666,24.3912728154683,24.6087920833666,24.6346563530609,24.525982322611,24.5363372209139,24.6243114319154,24.68119552596,24.7845400253874,24.6501717687129,24.5518675968447,24.5622198668973,24.5829212550199,24.5622198668973,24.7173779975772,24.6760255545029,24.6708553211965,24.7690450146872,24.68119552596,24.7173779975772,24.8000326866343,24.8258485704877,24.86197985757,24.954830304227,24.7793752829217,24.6967038696157,24.6915346834782,24.7690450146872,24.8258485704877,24.8206859153626,24.7948687272058,24.7587137017957,24.7432147730614,24.8000326866343,24.6294840235847,24.6708553211965,24.7845400253874,24.7948687272058,24.7587137017957,24.7432147730614,24.7380479408253,24.8413349715329,24.8516579356668,24.7380479408253,24.7432147730614,24.8310109648659,24.7897045068028,24.8155229994525,24.7948687272058,24.7225458756109,24.7742102793675,24.7948687272058,24.9032571289301,24.8155229994525,24.86197985757,24.8310109648659,24.6656848260024,24.7483813439431,24.6346563530609,24.6346563530609,24.7535476535085,24.8000326866343,24.7638794888426,24.7742102793675,24.8258485704877,24.7380479408253,24.836173098535,24.7380479408253,24.7638794888426,24.7380479408253,24.8206859153626,24.68119552596,24.7432147730614,24.8206859153626,24.8413349715329,24.7380479408253,24.918731811688,24.8310109648659,24.7638794888426,24.7742102793675,24.8774607869049,24.8774607869049,24.8877801045559,24.8568190268782,24.8826205758957,24.8980983810354,24.8516579356668,24.8929393729232,24.7793752829217,24.8103598227198,24.7432147730614,24.8258485704877,24.7535476535085,24.7328808471969,24.836173098535,24.7948687272058,24.7690450146872,24.8155229994525,24.8155229994525,24.8206859153626,24.8310109648659,24.8051963851263,24.6450002255868,24.68119552596,24.5104480028654,24.6450002255868,24.5725710861868,24.5673956078683,24.6967038696157,24.7328808471969,24.7018727940562,24.7483813439431,24.68119552596,24.6346563530609,24.6967038696157,24.6501717687129,24.7742102793675,24.7638794888426,24.7638794888426,24.8464965838976,24.8206859153626,24.8155229994525,24.7690450146872,24.8826205758957,24.836173098535,24.7897045068028,24.8980983810354,24.8568190268782,24.8774607869049,24.8310109648659,24.8464965838976,24.8258485704877,24.7690450146872,24.7277134921382,24.7328808471969,24.8155229994525,24.7742102793675,24.7587137017957,24.7328808471969,24.7277134921382,24.7742102793675,24.7380479408253,24.7690450146872,24.7173779975772,24.8000326866343,24.7897045068028,24.7897045068028,24.7483813439431,24.8103598227198,24.8310109648659,24.8103598227198,25.0269891112523,24.8258485704877,24.8929393729232,24.8826205758957,25.0218365972651,25.0321413659635,25.0321413659635,24.9702971889533,25.0012239478063,25.0939482126385,24.9496741564303,25.0269891112523,25.1711543738743,25.1762993840732,25.1505717504272,25.124837657352,25.1557177937613,25.0115307913128,25.0836496611589,25.0372933614365,25.1145422104357,25.0681998923707,25.2380193782588,25.1557177937613,25.4999160630027,25.3510763511273,25.5050446238429,25.5768176311468,25.464008971053,25.4434849990752,25.3408035889768,25.5153009780981,25.4126913524992,25.464008971053,25.4126913524992
24.6553430497988,24.7328808471969,24.593270373703,24.7742102793675,24.6760255545029,24.68119552596,24.6553430497988,24.6346563530609,24.6656848260024,24.6708553211965,24.6760255545029,24.7638794888426,24.8568190268782,24.7845400253874,24.68119552596,24.6087920833666,24.7173779975772,24.598444539334,24.7173779975772,24.8826205758957,24.7122098579989,24.7845400253874,24.836173098535,24.6087920833666,24.7328808471969,24.6708553211965,24.5570438632356,24.6243114319154,24.6708553211965,24.7483813439431,24.525982322611,24.5622198668973,24.6553430497988,24.5104480028654,24.6398284203822,24.6294840235847,24.6139654618445,24.6243114319154,24.5829212550199,24.6087920833666,24.588095945611,24.6656848260024,24.6915346834782,24.68119552596,24.6450002255868,24.5673956078683,24.6139654618445,24.593270373703,24.598444539334,24.5829212550199,24.5466910676864,24.6243114319154,24.5518675968447,24.5311599032229,24.4638308334468,24.4327408682945,24.6191385780148,24.5208044790397,24.6605140688826,24.6656848260024,24.6501717687129,24.6191385780148,24.7070414568379,24.7483813439431,24.7173779975772,24.6191385780148,24.5829212550199,24.5829212550199,24.6605140688826,24.5466910676864,24.6501717687129,24.6605140688826,24.8155229994525,24.7948687272058,24.7690450146872,24.7535476535085,24.7742102793675,24.954830304227,24.918731811688,24.7587137017957,24.7638794888426,24.836173098535,24.7638794888426,24.7225458756109,24.7638794888426,24.7432147730614,24.7380479408253,24.7483813439431,24.7173779975772,24.7742102793675,24.7535476535085,24.7948687272058,24.7535476535085,24.7225458756109,24.8413349715329,24.6398284203822,24.7948687272058,24.7948687272058,24.7173779975772,24.7122098579989,24.7070414568379,24.8155229994525,24.7638794888426,24.8103598227198,24.7690450146872,24.7690450146872,24.7742102793675,24.8516579356668,24.8464965838976,24.8464965838976,24.7638794888426,24.8516579356668,24.7845400253874,24.7173779975772,24.7845400253874,24.7845400253874,24.7845400253874,24.8000326866343,24.8103598227198,24.8000326866343,24.7690450146872,24.8206859153626,24.8051963851263,24.8258485704877,24.7793752829217,24.7690450146872,24.7277134921382,24.7845400253874,24.836173098535,24.8310109648659,24.8464965838976,24.8464965838976,24.954830304227,24.8774607869049,24.8877801045559,24.8723007375455,24.8516579356668,24.8774607869049,24.9445177487934,24.9238895190908,24.9135738442187,24.8980983810354,24.9032571289301,24.918731811688,24.836173098535,24.86197985757,24.8413349715329,24.7277134921382,24.8258485704877,24.8103598227198,24.8310109648659,24.8000326866343,24.7483813439431,24.8206859153626,24.8155229994525,24.7277134921382,24.7277134921382,24.7380479408253,24.6501717687129,24.6605140688826,24.6243114319154,24.5673956078683,24.6967038696157,24.7742102793675,24.7380479408253,24.7638794888426,24.7690450146872,24.6760255545029,24.68119552596,24.7483813439431,24.68119552596,24.7845400253874,24.7328808471969,24.7483813439431,24.9032571289301,24.7948687272058,24.8929393729232,24.8929393729232,24.9342041538485,24.8826205758957,24.8980983810354,24.8929393729232,24.836173098535,24.9032571289301,24.9032571289301,24.8516579356668,24.8000326866343,24.7948687272058,24.7483813439431,24.836173098535,24.7225458756109,24.7432147730614,24.5777463018912,24.7277134921382,24.7173779975772,24.7483813439431,24.5622198668973,24.7948687272058,24.6967038696157,24.7845400253874,24.8929393729232,24.9032571289301,24.8671404277798,24.8516579356668,24.8516579356668,24.9496741564303,24.8464965838976,24.8413349715329,24.8774607869049,25.0372933614365,24.9702971889533,25.0424450977087,24.9857617364743,24.918731811688,25.0321413659635,25.0269891112523,25.0115307913128,25.0475965748176,25.124837657352,25.0887990663117,25.1351320700124,25.0630494515398,25.1351320700124,25.0424450977087,24.9909160664447,25.0578987516956,25.1505717504272,25.2380193782588,25.325392518149,25.3459400985342,25.3972910671794,25.3562123467933,25.3767537609245,25.464008971053,25.4742694202044,25.4742694202044,25.4178242679226,25.4075581805922,25.3870229273887,25.3870229273887
24.7587137017957,24.6656848260024,24.6553430497988,24.7070414568379,24.6605140688826,24.6553430497988,24.6139654618445,24.6915346834782,24.7225458756109,24.6760255545029,24.6656848260024,24.6708553211965,24.7793752829217,24.7638794888426,24.6760255545029,24.6967038696157,24.7173779975772,24.7070414568379,24.6915346834782,24.8568190268782,24.7122098579989,24.7535476535085,24.7122098579989,24.7897045068028,24.8103598227198,24.6346563530609,24.7225458756109,24.7742102793675,24.7483813439431,24.7535476535085,24.5311599032229,24.5622198668973,24.7742102793675,24.7483813439431,24.6553430497988,24.6294840235847,24.5363372209139,24.6036184425424,24.6294840235847,24.68119552596,24.7070414568379,24.6553430497988,24.6398284203822,24.6243114319154,24.6501717687129,24.6708553211965,24.6501717687129,24.6760255545029,24.6036184425424,24.6087920833666,24.6087920833666,24.6294840235847,24.6708553211965,24.5156263724707,24.4275582848784,24.4586498313649,24.5622198668973,24.6553430497988,24.6501717687129,24.6967038696157,24.5673956078683,24.6501717687129,24.593270373703,24.7587137017957,24.6243114319154,24.593270373703,24.6036184425424,24.593270373703,24.6139654618445,24.6036184425424,24.5518675968447,24.5311599032229,24.6398284203822,24.7897045068028,24.7328808471969,24.7277134921382,24.7845400253874,24.8877801045559,24.8980983810354,24.9238895190908,24.7122098579989,24.8568190268782,24.8671404277798,24.7897045068028,24.8000326866343,24.8206859153626,24.7432147730614,24.7638794888426,24.8155229994525,24.8671404277798,24.6656848260024,24.7277134921382,24.7432147730614,24.6294840235847,24.6656848260024,24.7328808471969,24.7328808471969,24.7690450146872,24.7793752829217,24.7690450146872,24.8516579356668,24.7742102793675,24.68119552596,24.7122098579989,24.836173098535,24.6708553211965,24.8877801045559,24.8877801045559,24.8774607869049,24.8826205758957,24.8516579356668,24.8413349715329,24.6708553211965,24.7328808471969,24.7793752829217,24.7742102793675,24.8671404277798,24.8826205758957,24.7742102793675,24.7535476535085,24.7638794888426,24.8155229994525,24.7587137017957,24.8155229994525,24.7638794888426,24.8103598227198,24.7173779975772,24.6863652356057,24.8310109648659,24.8155229994525,24.8877801045559,24.8671404277798,24.8826205758957,24.8723007375455,24.7845400253874,24.7845400253874,24.8826205758957,24.9393610812787,24.9393610812787,24.9238895190908,24.86197985757,24.8929393729232,24.8568190268782,24.8310109648659,24.8516579356668,24.8568190268782,24.8413349715329,24.836173098535,24.7742102793675,24.8000326866343,24.7483813439431,24.7328808471969,24.8155229994525,24.7277134921382,24.7948687272058,24.7432147730614,24.7380479408253,24.7483813439431,24.7277134921382,24.598444539334,24.593270373703,24.5363372209139,24.7070414568379,24.7638794888426,24.7742102793675,24.7742102793675,24.7173779975772,24.7638794888426,24.7225458756109,24.7587137017957,24.7948687272058,24.8051963851263,24.8155229994525,24.6967038696157,24.8980983810354,24.836173098535,24.8310109648659,24.8774607869049,24.8258485704877,24.9084156166453,24.8568190268782,24.8516579356668,24.9135738442187,24.8310109648659,24.8000326866343,24.8258485704877,24.7587137017957,24.7380479408253,24.7328808471969,24.7793752829217,24.7845400253874,24.68119552596,24.68119552596,24.6450002255868,24.7122098579989,24.6863652356057,24.8051963851263,24.7845400253874,24.8413349715329,24.7432147730614,24.7277134921382,24.8929393729232,24.8877801045559,24.7483813439431,24.7690450146872,24.8413349715329,24.8516579356668,24.8464965838976,24.9445177487934,24.9290469664651,25.0475965748176,24.9754522977662,24.8826205758957,24.9599861922213,24.9496741564303,24.9599861922213,25.0166838239645,25.0424450977087,25.0115307913128,25.1042457289643,25.1351320700124,25.14027888859,25.0218365972651,25.124837657352,25.0887990663117,24.9960701368761,25.0578987516956,25.1557177937613,25.2431610348875,25.2431610348875,25.4280893294658,25.3613480855689,25.3716187925976,25.4434849990752,25.3408035889768,25.4075581805922,25.4024247521646,25.325392518149,25.3767537609245,25.3972910671794
24.5673956078683,24.6087920833666,24.7018727940562,24.7070414568379,24.7225458756109,24.7277134921382,24.6760255545029,24.7173779975772,24.7225458756109,24.7277134921382,24.7535476535085,24.6708553211965,24.7432147730614,24.7070414568379,24.5725710861868,24.6346563530609,24.6191385780148,24.9135738442187,24.7535476535085,24.7535476535085,24.9496741564303,24.7070414568379,24.7690450146872,24.7897045068028,24.7277134921382,24.7277134921382,24.7173779975772,24.6398284203822,24.6450002255868,24.6553430497988,24.6191385780148,24.68119552596,24.6501717687129,24.6967038696157,24.6346563530609,24.588095945611,24.7277134921382,24.6760255545029,24.593270373703,24.6605140688826,24.4897318933139,24.6656848260024,24.6036184425424,24.5725710861868,24.6915346834782,24.6760255545029,24.7328808471969,24.7432147730614,24.6760255545029,24.6191385780148,24.6294840235847,24.5673956078683,24.5466910676864,24.6243114319154,24.5104480028654,24.5311599032229,24.5570438632356,24.4793722593216,24.6450002255868,24.7070414568379,24.6294840235847,24.6760255545029,24.6967038696157,24.68119552596,24.6346563530609,24.6087920833666,24.6605140688826,24.588095945611,24.6656848260024,24.6087920833666,24.6243114319154,24.6501717687129,24.6243114319154,24.7638794888426,24.8980983810354,24.7535476535085,24.8155229994525,24.8464965838976,24.8671404277798,24.9754522977662,24.9135738442187,24.7483813439431,24.7277134921382,24.8155229994525,24.7535476535085,24.7277134921382,24.6760255545029,24.7380479408253,24.8258485704877,24.7948687272058,24.6553430497988,24.5673956078683,24.6605140688826,24.6708553211965,24.6243114319154,24.6346563530609,24.7432147730614,24.8206859153626,24.7380479408253,24.6087920833666,24.6605140688826,24.836173098535,24.7070414568379,24.7277134921382,24.8000326866343,24.8723007375455,24.8206859153626,24.8310109648659,24.7845400253874,24.7793752829217,24.836173098535,24.7690450146872,24.6760255545029,24.6656848260024,24.6656848260024,24.7587137017957,24.86197985757,24.7638794888426,24.7897045068028,24.7793752829217,24.7380479408253,24.7587137017957,24.7897045068028,24.8103598227198,24.7432147730614,24.7690450146872,24.8310109648659,24.8258485704877,24.8258485704877,24.8258485704877,24.8206859153626,24.8671404277798,24.86197985757,24.9135738442187,24.8826205758957,24.8000326866343,24.8877801045559,24.8774607869049,24.8568190268782,24.8826205758957,24.8671404277798,24.7070414568379,24.918731811688,24.8723007375455,24.9032571289301,24.8206859153626,24.6398284203822,24.8206859153626,24.7483813439431,24.7845400253874,24.9496741564303,24.8155229994525,24.8051963851263,24.8000326866343,24.7742102793675,24.7690450146872,24.7948687272058,24.7690450146872,24.6501717687129,24.593270373703,24.6553430497988,24.6036184425424,24.7277134921382,24.7122098579989,24.7742102793675,24.9135738442187,24.7122098579989,24.7897045068028,24.7535476535085,24.8051963851263,24.836173098535,24.8568190268782,24.8877801045559,24.7018727940562,24.8568190268782,24.8877801045559,24.8464965838976,24.8516579356668,24.8877801045559,24.8723007375455,24.9032571289301,24.8826205758957,24.7897045068028,24.8723007375455,24.8413349715329,24.7897045068028,24.7742102793675,24.836173098535,24.7948687272058,24.836173098535,24.7742102793675,24.7638794888426,24.7380479408253,24.7328808471969,24.7328808471969,24.8206859153626,24.8516579356668,24.8671404277798,24.8826205758957,24.8671404277798,24.8723007375455,24.8980983810354,24.9135738442187,24.86197985757,24.9393610812787,25.0012239478063,24.836173098535,24.8516579356668,24.8568190268782,25.0424450977087,24.9651418204509,24.954830304227,24.8877801045559,25.0990971001769,24.9754522977662,24.9754522977662,25.0218365972651,25.0115307913128,25.0681998923707,25.1505717504272,25.1505717504272,25.0269891112523,25.1145422104357,25.0063774992726,24.9960701368761,25.0269891112523,25.1196900631945,25.3099791333095,25.2997022573604,25.4178242679226,25.4280893294658,25.5768176311468,25.4588783623232,25.3972910671794,25.4845288451903,25.4126913524992,25.4691393236678,25.5153009780981,25.5153009780981,25.4793992606996
24.6656848260024,24.6553430497988,24.6760255545029,24.6605140688826,24.7173779975772,24.6708553211965,24.7845400253874,24.7173779975772,24.7535476535085,24.7483813439431,24.7122098579989,24.7070414568379,24.6036184425424,24.7070414568379,24.7122098579989,24.7432147730614,24.8000326866343,24.7587137017957,24.7432147730614,24.7690450146872,24.7948687272058,24.836173098535,24.7587137017957,24.8206859153626,24.7070414568379,24.7122098579989,24.6501717687129,24.68119552596,24.6501717687129,24.6398284203822,24.6139654618445,24.588095945611,24.5725710861868,24.6139654618445,24.6398284203822,24.5518675968447,24.5622198668973,24.7328808471969,24.5518675968447,24.4741920473867,24.6656848260024,24.588095945611,24.6346563530609,24.598444539334,24.6863652356057,24.7277134921382,24.68119552596,24.7948687272058,24.6967038696157,24.6346563530609,24.598444539334,24.598444539334,24.6656848260024,24.6656848260024,24.593270373703,24.5104480028654,24.5311599032229,24.4845522079513,24.7070414568379,24.7018727940562,24.5518675968447,24.5777463018912,24.6760255545029,24.6760255545029,24.7690450146872,24.6139654618445,24.6656848260024,24.6398284203822,24.6087920833666,24.598444539334,24.68119552596,24.7432147730614,24.6501717687129,24.6346563530609,24.7483813439431,24.7638794888426,24.8774607869049,24.8929393729232,25.0630494515398,24.9857617364743,24.954830304227,24.9445177487934,24.9084156166453,24.8310109648659,24.836173098535,24.7948687272058,24.7897045068028,24.7070414568379,24.8051963851263,24.8826205758957,24.6605140688826,24.6760255545029,24.7018727940562,24.6243114319154,24.6294840235847,24.7380479408253,24.6243114319154,24.5415142757223,24.6553430497988,24.525982322611,24.8051963851263,24.7328808471969,24.6863652356057,24.7690450146872,24.9496741564303,24.6605140688826,24.7793752829217,24.7845400253874,24.7587137017957,24.7845400253874,24.7690450146872,24.8568190268782,24.6553430497988,24.7690450146872,24.7638794888426,24.7173779975772,24.7742102793675,24.6243114319154,24.7432147730614,24.7173779975772,24.7483813439431,24.8000326866343,24.7328808471969,24.7742102793675,24.7483813439431,24.8310109648659,24.7742102793675,24.9084156166453,24.8516579356668,24.8464965838976,24.8568190268782,24.8980983810354,24.86197985757,24.9393610812787,24.8774607869049,24.8516579356668,24.954830304227,24.8516579356668,24.9084156166453,24.8568190268782,24.8774607869049,24.9342041538485,24.918731811688,24.8980983810354,24.8671404277798,24.7122098579989,24.7948687272058,24.7587137017957,24.8929393729232,24.8310109648659,24.8103598227198,24.7587137017957,24.7742102793675,24.8000326866343,24.8051963851263,24.8929393729232,24.8103598227198,24.7277134921382,24.7793752829217,24.6915346834782,24.6346563530609,24.68119552596,24.7018727940562,24.7225458756109,24.7948687272058,24.7173779975772,24.7173779975772,24.7742102793675,24.7690450146872,24.7587137017957,24.8155229994525,24.8155229994525,24.8413349715329,24.86197985757,24.836173098535,24.8206859153626,24.8877801045559,24.918731811688,24.8929393729232,24.8206859153626,24.8826205758957,24.8155229994525,24.8568190268782,24.86197985757,24.8155229994525,24.918731811688,24.8206859153626,24.836173098535,24.836173098535,24.836173098535,24.7845400253874,24.7742102793675,24.7742102793675,24.6501717687129,24.7277134921382,24.8516579356668,24.8000326866343,24.8000326866343,24.8774607869049,24.8671404277798,24.7638794888426,24.9393610812787,24.918731811688,24.9238895190908,24.9135738442187,24.9135738442187,25.0424450977087,24.9857617364743,24.954830304227,24.9909160664447,25.0939482126385,25.0990971001769,24.9806071469274,24.9496741564303,24.8000326866343,24.9032571289301,24.8929393729232,25.0063774992726,25.1454254487159,25.1557177937613,25.1505717504272,25.1454254487159,25.1454254487159,25.1814441360816,25.0372933614365,25.1505717504272,25.2225928617629,25.2894243522202,25.325392518149,25.3870229273887,25.4332214756594,25.4332214756594,25.494787246305,25.4896581737131,25.4075581805922,25.4588783623232,25.5101729288625,25.464008971053,25.4178242679226,25.5563161681696
24.6501717687129,24.7432147730614,24.6605140688826,24.6915346834782,24.6967038696157,24.7070414568379,24.7173779975772,24.7225458756109,24.7483813439431,24.8568190268782,24.7328808471969,24.68119552596,24.7432147730614,24.7018727940562,24.6346563530609,24.7690450146872,24.7380479408253,24.7328808471969,24.836173098535,24.8568190268782,24.8516579356668,24.7948687272058,24.7587137017957,24.7225458756109,24.6967038696157,24.7173779975772,24.6294840235847,24.6243114319154,24.6915346834782,24.6294840235847,24.7225458756109,24.6605140688826,24.6708553211965,24.6346563530609,24.7638794888426,24.6967038696157,24.6346563530609,24.5156263724707,24.593270373703,24.593270373703,24.588095945611,24.598444539334,24.6656848260024,24.6605140688826,24.7173779975772,24.7742102793675,24.8103598227198,24.8000326866343,24.8000326866343,24.588095945611,24.6036184425424,24.6967038696157,24.6398284203822,24.5777463018912,24.6191385780148,24.5311599032229,24.5518675968447,24.525982322611,24.6656848260024,24.6967038696157,24.6243114319154,24.598444539334,24.6915346834782,24.6501717687129,24.6501717687129,24.6243114319154,24.6294840235847,24.836173098535,24.6656848260024,24.7122098579989,24.7018727940562,24.7328808471969,24.6967038696157,24.6398284203822,24.5725710861868,24.7018727940562,24.7535476535085,24.8774607869049,24.918731811688,24.8826205758957,24.9135738442187,24.9702971889533,24.9084156166453,24.9135738442187,24.7380479408253,24.8000326866343,24.8103598227198,24.8155229994525,24.6967038696157,24.6863652356057,24.6656848260024,24.6708553211965,24.5363372209139,24.593270373703,24.6501717687129,24.6605140688826,24.7328808471969,24.7328808471969,24.7122098579989,24.7432147730614,24.7380479408253,24.6656848260024,24.6501717687129,24.6656848260024,24.6915346834782,24.7070414568379,24.6760255545029,24.7845400253874,24.7690450146872,24.6656848260024,24.7173779975772,24.8258485704877,24.6708553211965,24.7897045068028,24.7690450146872,24.6501717687129,24.6553430497988,24.6450002255868,24.7432147730614,24.7535476535085,24.7380479408253,24.7483813439431,24.7432147730614,24.8051963851263,24.7587137017957,24.8051963851263,24.6656848260024,24.7638794888426,24.9135738442187,24.86197985757,24.9702971889533,24.8155229994525,24.8155229994525,24.9238895190908,24.8980983810354,24.8103598227198,24.9754522977662,24.9393610812787,24.8826205758957,24.8206859153626,24.9393610812787,24.8103598227198,24.8413349715329,24.8516579356668,24.8103598227198,24.7328808471969,24.7897045068028,24.7897045068028,24.8826205758957,24.7897045068028,24.6656848260024,24.836173098535,24.7690450146872,24.7638794888426,24.7638794888426,24.8206859153626,24.7845400253874,24.8000326866343,24.7845400253874,24.6656848260024,24.7742102793675,24.8155229994525,24.6915346834782,24.6863652356057,24.7845400253874,24.7277134921382,24.68119552596,24.6243114319154,24.7432147730614,24.6863652356057,24.8000326866343,24.8155229994525,24.7328808471969,24.7122098579989,24.8310109648659,24.7638794888426,24.8568190268782,24.8877801045559,24.8826205758957,24.8516579356668,24.8258485704877,24.8826205758957,24.8206859153626,24.8568190268782,24.7845400253874,24.8206859153626,24.7587137017957,24.7948687272058,24.8000326866343,24.6708553211965,24.7638794888426,24.7070414568379,24.7122098579989,24.6243114319154,24.7328808471969,24.7483813439431,24.8206859153626,24.7793752829217,24.8464965838976,24.8258485704877,24.8310109648659,24.8310109648659,24.8671404277798,24.7897045068028,24.9135738442187,24.8929393729232,25.0012239478063,24.8980983810354,24.9960701368761,24.9290469664651,25.0527477928007,25.0990971001769,25.0012239478063,24.954830304227,24.9651418204509,25.0836496611589,25.0372933614365,25.0218365972651,25.1093940990381,25.1454254487159,25.1660091054476,25.1196900631945,25.1042457289643,25.1093940990381,25.0578987516956,25.1351320700124,25.2431610348875,25.3099791333095,25.2740055641272,25.4178242679226,25.494787246305,25.4075581805922,25.464008971053,25.4742694202044,25.5050446238429,25.5665674104186,25.4178242679226,25.4332214756594,25.5204287715866,25.494787246305
24.7432147730614,24.7380479408253,24.7070414568379,24.6967038696157,24.6915346834782,24.7380479408253,24.7018727940562,24.7690450146872,24.7690450146872,24.7638794888426,24.8413349715329,24.7638794888426,24.7225458756109,24.7845400253874,24.7483813439431,24.7277134921382,24.7122098579989,24.7225458756109,24.6967038696157,24.7277134921382,24.7018727940562,24.7690450146872,24.7638794888426,24.7483813439431,24.6967038696157,24.6087920833666,24.68119552596,24.7173779975772,24.6243114319154,24.6294840235847,24.6346563530609,24.6243114319154,24.5570438632356,24.6501717687129,24.6346563530609,24.6708553211965,24.68119552596,24.6191385780148,24.5466910676864,24.6036184425424,24.4793722593216,24.588095945611,24.6087920833666,24.5466910676864,24.5622198668973,24.6967038696157,24.7122098579989,24.7793752829217,24.7897045068028,24.7483813439431,24.7018727940562,24.7070414568379,24.7018727940562,24.5673956078683,24.6346563530609,24.6656848260024,24.4897318933139,24.68119552596,24.8051963851263,24.588095945611,24.6656848260024,24.598444539334,24.6915346834782,24.6863652356057,24.6863652356057,24.7535476535085,24.7070414568379,24.6553430497988,24.7328808471969,24.6243114319154,24.7380479408253,24.7070414568379,24.7742102793675,24.7328808471969,24.5673956078683,24.5156263724707,24.7328808471969,24.8155229994525,24.8103598227198,24.8516579356668,24.918731811688,24.918731811688,24.9290469664651,24.7845400253874,24.7638794888426,24.7690450146872,24.8103598227198,24.7483813439431,24.6346563530609,24.836173098535,24.6760255545029,24.5622198668973,24.6450002255868,24.6553430497988,24.7432147730614,24.7173779975772,24.7225458756109,24.7793752829217,24.7328808471969,24.7845400253874,24.6863652356057,24.6656848260024,24.836173098535,24.8000326866343,24.7897045068028,24.8723007375455,24.7535476535085,24.7948687272058,24.8000326866343,24.7793752829217,24.7535476535085,24.7845400253874,24.6553430497988,24.7793752829217,24.7793752829217,24.7897045068028,24.7948687272058,24.7535476535085,24.7483813439431,24.8103598227198,24.7483813439431,24.8929393729232,24.9290469664651,24.8258485704877,24.8206859153626,24.8258485704877,24.7845400253874,24.8155229994525,24.8310109648659,24.8310109648659,24.8568190268782,24.836173098535,24.8516579356668,24.8877801045559,24.8877801045559,24.8051963851263,24.8671404277798,24.8774607869049,24.8671404277798,24.8877801045559,24.8929393729232,24.8310109648659,24.8826205758957,24.9702971889533,24.9032571289301,24.7948687272058,24.7897045068028,24.7897045068028,24.8206859153626,24.7638794888426,24.68119552596,24.7690450146872,24.7483813439431,24.7122098579989,24.7225458756109,24.8826205758957,24.836173098535,24.7742102793675,24.7948687272058,24.8206859153626,24.8155229994525,24.7948687272058,24.7018727940562,24.7070414568379,24.7897045068028,24.7742102793675,24.6036184425424,24.6346563530609,24.6553430497988,24.6708553211965,24.6553430497988,24.7328808471969,24.8051963851263,24.8000326866343,24.7742102793675,24.8000326866343,24.8413349715329,24.7897045068028,24.8980983810354,24.8155229994525,24.8051963851263,24.8723007375455,24.8671404277798,24.8155229994525,24.8516579356668,24.8103598227198,24.8051963851263,24.8051963851263,24.7948687272058,24.7225458756109,24.8000326866343,24.8155229994525,24.7122098579989,24.6087920833666,24.7018727940562,24.7173779975772,24.7380479408253,24.68119552596,24.836173098535,24.8258485704877,24.7897045068028,24.9084156166453,24.8155229994525,24.8258485704877,24.9393610812787,24.9702971889533,24.86197985757,24.9496741564303,24.8929393729232,24.9342041538485,24.9754522977662,24.9754522977662,24.9496741564303,24.954830304227,24.9651418204509,24.9445177487934,25.0939482126385,24.9496741564303,25.0115307913128,25.0733500742259,25.1093940990381,25.14027888859,24.9702971889533,25.0887990663117,25.0939482126385,25.0063774992726,25.0424450977087,25.2842850136107,25.2945634334578,25.2740055641272,25.3972910671794,25.4999160630027,25.494787246305,25.4896581737131,25.4999160630027,25.5921910475291,25.464008971053,25.5306835914689,25.4793992606996,25.4896581737131
24.68119552596,24.7018727940562,24.6243114319154,24.6294840235847,24.6967038696157,24.6760255545029,24.6346563530609,24.6760255545029,24.8103598227198,24.7742102793675,24.7948687272058,24.7225458756109,24.7742102793675,24.7793752829217,24.6346563530609,24.7587137017957,24.7070414568379,24.7742102793675,24.7277134921382,24.6708553211965,24.7483813439431,24.7690450146872,24.7018727940562,24.6915346834782,24.7122098579989,24.5673956078683,24.5829212550199,24.6501717687129,24.6191385780148,24.6708553211965,24.6398284203822,24.593270373703,24.7225458756109,24.593270373703,24.6967038696157,24.6294840235847,24.6760255545029,24.6398284203822,24.6398284203822,24.598444539334,24.6036184425424,24.593270373703,24.5311599032229,24.5415142757223,24.5570438632356,24.6398284203822,24.6760255545029,24.6656848260024,24.7587137017957,24.6656848260024,24.7432147730614,24.6863652356057,24.5673956078683,24.5052693701856,24.5363372209139,24.6243114319154,24.5829212550199,24.6863652356057,24.6605140688826,24.6915346834782,24.6708553211965,24.5777463018912,24.6760255545029,24.7070414568379,24.7328808471969,24.7483813439431,24.7535476535085,24.7690450146872,24.7328808471969,24.7483813439431,24.8000326866343,24.7173779975772,24.8258485704877,24.7328808471969,24.6243114319154,24.5415142757223,24.6450002255868,24.8826205758957,24.8877801045559,25.1042457289643,24.9238895190908,24.8877801045559,24.8877801045559,24.8826205758957,24.7793752829217,24.8206859153626,24.7897045068028,24.7742102793675,24.8155229994525,24.7897045068028,24.6553430497988,24.6294840235847,24.6605140688826,24.7070414568379,24.6605140688826,24.7380479408253,24.8000326866343,24.7587137017957,24.7432147730614,24.7793752829217,24.8000326866343,24.8671404277798,24.6708553211965,24.9238895190908,24.836173098535,24.8568190268782,24.9342041538485,24.86197985757,24.8103598227198,24.7948687272058,24.7587137017957,24.7483813439431,24.8206859153626,24.8000326866343,24.8206859153626,24.7742102793675,24.7845400253874,24.7690450146872,24.7483813439431,24.7380479408253,24.7483813439431,24.8310109648659,24.7690450146872,24.8155229994525,24.8155229994525,24.8155229994525,24.8877801045559,24.7897045068028,24.8310109648659,24.8206859153626,24.9135738442187,24.9754522977662,24.8464965838976,24.86197985757,24.9754522977662,24.9393610812787,24.8671404277798,24.8980983810354,24.8000326866343,24.8929393729232,24.9290469664651,24.9084156166453,24.9290469664651,24.9342041538485,24.9342041538485,24.8826205758957,24.8413349715329,24.9084156166453,24.7948687272058,24.8051963851263,24.8980983810354,24.7535476535085,24.8155229994525,24.8206859153626,24.8103598227198,24.8774607869049,24.7793752829217,24.8671404277798,24.9032571289301,24.9651418204509,24.8258485704877,24.8103598227198,24.8877801045559,24.7845400253874,24.6087920833666,24.7897045068028,24.7070414568379,24.7432147730614,24.7225458756109,24.7948687272058,24.7173779975772,24.7948687272058,24.7483813439431,24.7897045068028,24.7948687272058,24.7845400253874,24.8877801045559,24.8051963851263,24.8980983810354,24.7793752829217,24.9702971889533,24.8206859153626,24.836173098535,24.8671404277798,24.7793752829217,24.8103598227198,24.8155229994525,24.8051963851263,24.8103598227198,24.7845400253874,24.8000326866343,24.7483813439431,24.7173779975772,24.6139654618445,24.6139654618445,24.6191385780148,24.7638794888426,24.6967038696157,24.8206859153626,24.8413349715329,24.8310109648659,24.8206859153626,24.8000326866343,24.8826205758957,24.7587137017957,24.836173098535,24.8826205758957,24.8877801045559,24.8671404277798,24.8980983810354,25.0218365972651,24.9393610812787,24.9754522977662,25.0527477928007,24.8877801045559,24.9445177487934,25.1093940990381,25.0887990663117,25.1196900631945,25.0887990663117,25.14027888859,25.0424450977087,25.1762993840732,25.0836496611589,24.9135738442187,25.0115307913128,25.0218365972651,25.2740055641272,25.1917328656758,25.3972910671794,25.3767537609245,25.4537474974415,25.4126913524992,25.4537474974415,25.622930990963,25.5306835914689,25.5050446238429,25.3767537609245,25.4280893294658,25.3767537609245
24.6294840235847,24.7432147730614,24.7535476535085,24.6243114319154,24.7483813439431,24.6501717687129,24.6708553211965,24.7742102793675,24.7742102793675,24.6450002255868,24.6915346834782,24.7845400253874,24.7173779975772,24.8206859153626,24.7638794888426,24.6967038696157,24.7742102793675,24.8206859153626,24.6087920833666,24.7483813439431,24.7070414568379,24.7638794888426,24.7328808471969,24.6863652356057,24.6708553211965,24.6708553211965,24.6294840235847,24.7018727940562,24.6915346834782,24.6553430497988,24.6967038696157,24.6967038696157,24.593270373703,24.7070414568379,24.593270373703,24.6191385780148,24.6243114319154,24.6294840235847,24.7018727940562,24.7897045068028,24.7587137017957,24.5777463018912,24.6398284203822,24.6398284203822,24.6036184425424,24.68119552596,24.6708553211965,24.7587137017957,24.6605140688826,24.7018727940562,24.7432147730614,24.5725710861868,24.6036184425424,24.593270373703,24.5725710861868,24.6036184425424,24.6708553211965,24.5673956078683,24.7328808471969,24.7225458756109,24.6087920833666,24.7018727940562,24.7018727940562,24.6915346834782,24.7277134921382,24.7380479408253,24.7277134921382,24.7483813439431,24.6553430497988,24.7277134921382,24.8413349715329,24.7380479408253,24.7018727940562,24.7587137017957,24.7793752829217,24.5363372209139,24.5829212550199,24.8774607869049,24.8826205758957,24.8516579356668,24.8826205758957,24.7173779975772,24.7948687272058,24.7948687272058,24.7742102793675,24.6656848260024,24.6915346834782,24.7173779975772,24.6863652356057,24.6501717687129,24.6656848260024,24.6139654618445,24.6501717687129,24.7225458756109,24.7432147730614,24.6656848260024,24.7638794888426,24.8000326866343,24.8155229994525,24.8929393729232,24.7432147730614,24.68119552596,24.6915346834782,24.7690450146872,24.8310109648659,24.8516579356668,24.8413349715329,24.8568190268782,24.6967038696157,24.6863652356057,24.7018727940562,24.8671404277798,24.7897045068028,24.7690450146872,24.7897045068028,24.7793752829217,24.8051963851263,24.7742102793675,24.6760255545029,24.7690450146872,24.7328808471969,24.7483813439431,24.7328808471969,24.68119552596,24.5363372209139,24.7328808471969,24.8155229994525,24.8516579356668,24.8103598227198,24.8155229994525,24.8310109648659,24.8258485704877,24.8310109648659,24.8774607869049,24.8929393729232,24.8774607869049,24.8258485704877,24.7690450146872,24.8516579356668,24.8774607869049,24.7277134921382,24.8826205758957,24.8980983810354,24.8568190268782,24.8051963851263,24.9290469664651,24.7742102793675,24.8206859153626,24.7122098579989,24.8568190268782,24.7742102793675,24.8206859153626,24.7587137017957,24.593270373703,24.7328808471969,24.8464965838976,24.8258485704877,24.9857617364743,24.8568190268782,24.8516579356668,24.86197985757,24.8516579356668,24.8103598227198,24.7483813439431,24.7535476535085,24.7070414568379,24.7225458756109,24.7690450146872,24.7328808471969,24.7018727940562,24.7070414568379,24.7897045068028,24.7948687272058,24.8155229994525,24.7948687272058,24.7587137017957,24.8877801045559,24.8258485704877,24.7793752829217,24.7897045068028,24.8155229994525,24.8310109648659,24.7380479408253,24.8206859153626,24.8155229994525,24.8000326866343,24.7948687272058,24.8723007375455,24.7948687272058,24.8051963851263,24.7690450146872,24.6139654618445,24.5518675968447,24.5311599032229,24.6139654618445,24.5570438632356,24.7173779975772,24.7225458756109,24.8206859153626,24.8310109648659,24.7690450146872,24.8258485704877,24.8568190268782,24.8258485704877,24.7690450146872,24.7742102793675,24.7432147730614,24.8310109648659,24.8826205758957,24.9135738442187,24.918731811688,24.9909160664447,24.9857617364743,25.2071640245704,24.9960701368761,24.9496741564303,24.9445177487934,24.9496741564303,25.0115307913128,25.1042457289643,25.1454254487159,25.0424450977087,25.0424450977087,25.0527477928007,25.0372933614365,25.0475965748176,25.0527477928007,25.2483024338098,25.1917328656758,25.3048408239653,25.4178242679226,25.4742694202044,25.4896581737131,25.4845288451903,25.4229569268991,25.3818884725093,25.4075581805922,25.3716187925976,25.3613480855689,25.3562123467933
24.7018727940562,24.7793752829217,24.8413349715329,24.6708553211965,24.7638794888426,24.8103598227198,24.7845400253874,24.68119552596,24.7742102793675,24.7742102793675,24.7690450146872,24.7793752829217,24.7793752829217,24.7277134921382,24.7018727940562,24.7070414568379,24.7535476535085,24.8051963851263,24.7638794888426,24.7380479408253,24.7277134921382,24.7277134921382,24.7380479408253,24.7277134921382,24.5156263724707,24.5052693701856,24.6553430497988,24.6553430497988,24.7483813439431,24.6967038696157,24.6087920833666,24.7897045068028,24.68119552596,24.6139654618445,24.4949113154483,24.5777463018912,24.525982322611,24.7070414568379,24.7690450146872,24.7432147730614,24.7018727940562,24.68119552596,24.68119552596,24.5777463018912,24.4897318933139,24.6760255545029,24.6656848260024,24.6708553211965,24.8310109648659,24.6967038696157,24.7122098579989,24.8206859153626,24.5518675968447,24.5725710861868,24.7070414568379,24.6863652356057,24.5673956078683,24.7018727940562,24.6863652356057,24.5622198668973,24.7380479408253,24.8774607869049,24.7432147730614,24.7380479408253,24.6967038696157,24.7225458756109,24.6863652356057,24.7638794888426,24.7277134921382,24.7328808471969,24.7122098579989,24.7793752829217,24.8464965838976,24.8206859153626,24.7432147730614,24.7638794888426,24.6139654618445,24.6450002255868,24.5415142757223,24.5466910676864,24.6087920833666,24.8258485704877,24.8516579356668,24.86197985757,24.7690450146872,24.7173779975772,24.7173779975772,24.6605140688826,24.6967038696157,24.6553430497988,24.588095945611,24.5622198668973,24.5570438632356,24.7173779975772,24.7173779975772,24.7483813439431,24.6501717687129,24.7173779975772,24.8826205758957,24.6553430497988,24.8103598227198,24.7328808471969,24.6915346834782,24.7070414568379,24.7742102793675,24.8155229994525,24.8929393729232,24.8723007375455,24.8929393729232,24.7638794888426,24.7638794888426,24.7897045068028,24.7845400253874,24.8000326866343,24.8051963851263,24.8051963851263,24.8103598227198,24.7638794888426,24.7845400253874,24.7587137017957,24.7897045068028,24.7845400253874,24.8206859153626,24.8051963851263,24.8258485704877,24.7793752829217,24.8155229994525,24.8155229994525,24.8774607869049,24.8258485704877,25.0218365972651,24.8310109648659,24.8413349715329,24.8723007375455,24.8826205758957,24.8980983810354,24.9445177487934,24.9445177487934,24.8774607869049,24.8723007375455,24.7225458756109,24.9135738442187,24.86197985757,24.8671404277798,24.8206859153626,24.8464965838976,24.8051963851263,24.7432147730614,24.8051963851263,24.8464965838976,24.8155229994525,24.7380479408253,24.7328808471969,24.7742102793675,24.8000326866343,24.7638794888426,24.8568190268782,24.9909160664447,24.9702971889533,24.9238895190908,24.8877801045559,24.7948687272058,24.8568190268782,24.8258485704877,24.8310109648659,24.7432147730614,24.8671404277798,24.7742102793675,24.68119552596,24.7380479408253,24.7948687272058,24.8568190268782,24.8568190268782,24.8826205758957,24.7845400253874,24.8516579356668,24.8051963851263,24.8206859153626,24.8000326866343,24.7587137017957,24.7845400253874,24.7793752829217,24.7483813439431,24.8826205758957,24.86197985757,24.8103598227198,24.7742102793675,24.7897045068028,24.8000326866343,24.8051963851263,24.8103598227198,24.7845400253874,24.5725710861868,24.6656848260024,24.6139654618445,24.6346563530609,24.6605140688826,24.7070414568379,24.8774607869049,24.8464965838976,24.8258485704877,24.8310109648659,24.8929393729232,24.7690450146872,24.8155229994525,24.8568190268782,24.918731811688,24.8206859153626,24.9135738442187,24.9135738442187,24.918731811688,25.0063774992726,25.0990971001769,25.0115307913128,24.9806071469274,24.9342041538485,24.9599861922213,25.0939482126385,25.1505717504272,25.124837657352,25.0063774992726,25.0527477928007,25.1351320700124,25.0424450977087,24.8929393729232,25.0475965748176,25.0733500742259,25.1711543738743,25.3921571255997,25.3048408239653,25.4332214756594,25.4383533655169,25.6331755985647,25.4896581737131,25.5511901638832,25.4588783623232,25.4999160630027,25.3562123467933,25.4280893294658,25.5101729288625
24.6087920833666,24.5725710861868,24.6139654618445,24.6087920833666,24.7277134921382,24.6760255545029,24.7277134921382,24.7328808471969,24.7638794888426,24.7173779975772,24.593270373703,24.7793752829217,24.6915346834782,24.7018727940562,24.6967038696157,24.7948687272058,24.6501717687129,24.7897045068028,24.7587137017957,24.7483813439431,24.6553430497988,24.7638794888426,24.6501717687129,24.4949113154483,24.6346563530609,24.5466910676864,24.6346563530609,24.6398284203822,24.6708553211965,24.6863652356057,24.6087920833666,24.6915346834782,24.6191385780148,24.5777463018912,24.588095945611,24.525982322611,24.6708553211965,24.6501717687129,24.7070414568379,24.7432147730614,24.7173779975772,24.5829212550199,24.6087920833666,24.5156263724707,24.5518675968447,24.5415142757223,24.6294840235847,24.68119552596,24.836173098535,24.6605140688826,24.6605140688826,24.6656848260024,24.7070414568379,24.6863652356057,24.6708553211965,24.6967038696157,24.7173779975772,24.5415142757223,24.5829212550199,24.5777463018912,24.7225458756109,24.7225458756109,24.7277134921382,24.7483813439431,24.7328808471969,24.6760255545029,24.6967038696157,24.7018727940562,24.7432147730614,24.7018727940562,24.6760255545029,24.7173779975772,24.7845400253874,24.7742102793675,24.7380479408253,24.7638794888426,24.6450002255868,24.7432147730614,24.6656848260024,24.6191385780148,24.7380479408253,24.7070414568379,24.7122098579989,24.7018727940562,24.6863652356057,24.6450002255868,24.6708553211965,24.6553430497988,24.6760255545029,24.6760255545029,24.6398284203822,24.5622198668973,24.588095945611,24.7380479408253,24.7380479408253,24.6915346834782,24.6915346834782,24.7483813439431,24.7845400253874,24.8103598227198,24.7277134921382,24.6967038696157,24.8258485704877,24.7845400253874,24.7948687272058,24.8310109648659,24.9393610812787,24.7535476535085,24.7793752829217,24.7793752829217,24.7948687272058,24.7535476535085,24.7742102793675,24.7793752829217,24.7173779975772,24.8051963851263,24.7742102793675,24.7742102793675,24.7845400253874,24.7225458756109,24.7690450146872,24.7845400253874,24.8051963851263,24.8206859153626,24.6656848260024,24.7328808471969,24.8206859153626,24.8774607869049,24.8103598227198,24.836173098535,24.954830304227,24.8413349715329,24.8413349715329,24.86197985757,24.9032571289301,24.9084156166453,24.9032571289301,24.9135738442187,24.9445177487934,24.8000326866343,24.8051963851263,24.9032571289301,24.8826205758957,24.9135738442187,24.8464965838976,24.8877801045559,24.7380479408253,24.7742102793675,24.7948687272058,24.7277134921382,24.8258485704877,24.7225458756109,24.7587137017957,24.7535476535085,24.7587137017957,24.7845400253874,24.8051963851263,24.8464965838976,25.0218365972651,24.86197985757,24.8980983810354,24.8568190268782,24.7483813439431,24.7845400253874,24.7897045068028,24.8929393729232,24.7948687272058,24.68119552596,24.8155229994525,24.7018727940562,24.7948687272058,24.7948687272058,24.8671404277798,24.8826205758957,24.7483813439431,24.8826205758957,24.8980983810354,24.8051963851263,24.8877801045559,24.8464965838976,24.8051963851263,24.8000326866343,24.8929393729232,24.9754522977662,24.7690450146872,24.8258485704877,24.7638794888426,24.7535476535085,24.7793752829217,24.7225458756109,24.6450002255868,24.7535476535085,24.68119552596,24.6553430497988,24.7173779975772,24.5725710861868,24.68119552596,24.86197985757,24.7173779975772,24.9960701368761,24.8464965838976,24.8258485704877,24.8258485704877,24.6708553211965,24.8568190268782,24.8826205758957,24.7742102793675,25.0012239478063,24.9238895190908,25.0218365972651,24.8826205758957,25.0630494515398,24.9806071469274,24.8413349715329,24.9290469664651,24.9806071469274,25.0475965748176,25.0321413659635,25.1042457289643,25.1608635787557,25.1196900631945,25.1660091054476,25.1093940990381,25.0887990663117,25.0887990663117,25.0424450977087,25.2894243522202,25.3048408239653,25.3151171854302,25.4434849990752,25.4332214756594,25.5870668306474,25.5204287715866,25.4793992606996,25.4845288451903,25.4845288451903,25.5511901638832,25.4383533655169,25.4383533655169,25.4793992606996
24.7122098579989,24.525982322611,24.6553430497988,24.6708553211965,24.7845400253874,24.7277134921382,24.8310109648659,24.7380479408253,24.8258485704877,24.8464965838976,24.6760255545029,24.7122098579989,24.8051963851263,24.7742102793675,24.7535476535085,24.6863652356057,24.8258485704877,24.7587137017957,24.7483813439431,24.7380479408253,24.7225458756109,24.7328808471969,24.7483813439431,24.6346563530609,24.5208044790397,24.6191385780148,24.7328808471969,24.6760255545029,24.6346563530609,24.6398284203822,24.7122098579989,24.6915346834782,24.7070414568379,24.5673956078683,24.5725710861868,24.5570438632356,24.6760255545029,24.7225458756109,24.6708553211965,24.7380479408253,24.8103598227198,24.6656848260024,24.6553430497988,24.5208044790397,24.5311599032229,24.6760255545029,24.5518675968447,24.6501717687129,24.6708553211965,24.8310109648659,24.68119552596,24.6294840235847,24.5725710861868,24.6191385780148,24.6553430497988,24.7070414568379,24.6967038696157,24.6036184425424,24.6760255545029,24.7122098579989,24.7277134921382,24.6346563530609,24.7587137017957,24.7638794888426,24.7432147730614,24.7277134921382,24.7483813439431,24.7070414568379,24.7070414568379,24.7638794888426,24.7690450146872,24.6501717687129,24.7277134921382,24.7742102793675,24.7897045068028,24.7690450146872,24.6501717687129,24.6346563530609,24.7173779975772,24.6605140688826,24.6915346834782,24.7948687272058,24.7225458756109,24.6501717687129,24.6398284203822,24.5673956078683,24.6605140688826,24.6294840235847,24.6863652356057,24.6760255545029,24.6656848260024,24.5466910676864,24.4534685658236,24.598444539334,24.6036184425424,24.7328808471969,24.7483813439431,24.7432147730614,24.8103598227198,24.8103598227198,24.8206859153626,24.8103598227198,24.7328808471969,24.7122098579989,24.7535476535085,24.8568190268782,24.8310109648659,24.7018727940562,24.6863652356057,24.7948687272058,24.7380479408253,24.7225458756109,24.68119552596,24.7018727940562,24.8155229994525,24.6915346834782,24.8051963851263,24.7638794888426,24.7380479408253,24.7742102793675,24.7173779975772,24.7225458756109,24.8258485704877,24.8310109648659,24.8206859153626,24.8258485704877,24.836173098535,24.8258485704877,24.86197985757,24.8774607869049,24.8464965838976,24.9238895190908,24.8464965838976,24.8723007375455,24.9496741564303,24.918731811688,24.8516579356668,24.86197985757,24.8929393729232,24.9238895190908,24.8413349715329,24.8413349715329,24.8103598227198,24.8103598227198,24.7380479408253,24.8206859153626,24.7380479408253,24.7173779975772,24.7638794888426,24.8155229994525,24.836173098535,24.8258485704877,24.7897045068028,24.7742102793675,24.8000326866343,24.7638794888426,24.8464965838976,24.86197985757,24.9135738442187,24.8671404277798,24.7845400253874,24.7793752829217,24.7587137017957,24.7793752829217,24.8206859153626,24.7587137017957,24.7173779975772,24.7948687272058,24.7483813439431,24.7793752829217,24.7173779975772,24.7070414568379,24.8671404277798,24.8206859153626,24.8723007375455,24.8413349715329,24.8980983810354,24.9084156166453,24.7845400253874,24.7793752829217,24.8051963851263,24.8310109648659,24.8723007375455,24.86197985757,24.8774607869049,24.8774607869049,24.7432147730614,24.8051963851263,24.7793752829217,24.7948687272058,24.7793752829217,24.7070414568379,24.7328808471969,24.7845400253874,24.5518675968447,24.6398284203822,24.6656848260024,24.8980983810354,24.7535476535085,24.8671404277798,24.7483813439431,24.8723007375455,24.7638794888426,24.7380479408253,24.8258485704877,24.8568190268782,24.8464965838976,24.9599861922213,24.9238895190908,24.9960701368761,24.9445177487934,24.9445177487934,24.9651418204509,24.8877801045559,24.918731811688,24.918731811688,24.9960701368761,25.0321413659635,25.1145422104357,25.1145422104357,25.1145422104357,25.1762993840732,25.124837657352,25.0990971001769,25.0681998923707,25.124837657352,25.2842850136107,25.3613480855689,25.2997022573604,25.3716187925976,25.4280893294658,25.4486163763711,25.464008971053,25.4999160630027,25.5255563093646,25.494787246305,25.4845288451903,25.4999160630027,25.4434849990752,25.4332214756594
24.5777463018912,24.5777463018912,24.3342266548802,24.6967038696157,24.6656848260024,24.7587137017957,24.7587137017957,24.7070414568379,24.7638794888426,24.86197985757,24.7483813439431,24.6863652356057,24.68119552596,24.7225458756109,24.68119552596,24.7380479408253,24.68119552596,24.6398284203822,24.7535476535085,24.7845400253874,24.7690450146872,24.7380479408253,24.6915346834782,24.6450002255868,24.6501717687129,24.6139654618445,24.6760255545029,24.6605140688826,24.6398284203822,24.6656848260024,24.6760255545029,24.7122098579989,24.6139654618445,24.5415142757223,24.5777463018912,24.6708553211965,24.7018727940562,24.6967038696157,24.6501717687129,24.6139654618445,24.6346563530609,24.7018727940562,24.6450002255868,24.6967038696157,24.593270373703,24.588095945611,24.5363372209139,24.6346563530609,24.6139654618445,24.68119552596,24.6656848260024,24.6915346834782,24.6605140688826,24.5777463018912,24.7173779975772,24.7742102793675,24.6863652356057,24.6967038696157,24.588095945611,24.7380479408253,24.6450002255868,24.7483813439431,24.7380479408253,24.6501717687129,24.7483813439431,24.6656848260024,24.7018727940562,24.68119552596,24.68119552596,24.6967038696157,24.7587137017957,24.6656848260024,24.836173098535,24.7638794888426,24.8103598227198,24.7483813439431,24.7587137017957,24.6087920833666,24.6760255545029,24.6191385780148,24.7690450146872,24.7845400253874,24.7742102793675,24.7690450146872,24.6501717687129,24.7432147730614,24.6863652356057,24.5829212550199,24.588095945611,24.7380479408253,24.6191385780148,24.4534685658236,24.5363372209139,24.5570438632356,24.5363372209139,24.8568190268782,24.7225458756109,24.5622198668973,24.836173098535,24.8258485704877,24.8155229994525,24.7845400253874,24.7483813439431,24.8051963851263,24.7173779975772,24.6967038696157,24.8051963851263,24.86197985757,24.8155229994525,24.6553430497988,24.6760255545029,24.6708553211965,24.6915346834782,24.6656848260024,24.9032571289301,24.7845400253874,24.7845400253874,24.7587137017957,24.7225458756109,24.7432147730614,24.7535476535085,24.8000326866343,24.7380479408253,24.7587137017957,24.8155229994525,24.8206859153626,24.8929393729232,24.8516579356668,24.8723007375455,24.8464965838976,24.836173098535,24.836173098535,24.8516579356668,24.9445177487934,24.8516579356668,24.8877801045559,24.8774607869049,24.9135738442187,24.8568190268782,24.8155229994525,24.8103598227198,24.8464965838976,24.8310109648659,24.8258485704877,24.8103598227198,24.9135738442187,24.836173098535,24.7483813439431,24.8258485704877,24.7897045068028,24.7122098579989,24.8413349715329,24.7277134921382,24.7690450146872,24.7845400253874,24.7638794888426,24.8464965838976,24.918731811688,24.918731811688,24.9084156166453,24.8206859153626,24.8103598227198,24.6863652356057,24.6760255545029,24.7845400253874,24.7638794888426,24.836173098535,24.7897045068028,24.7535476535085,24.7793752829217,24.8206859153626,24.7742102793675,24.8155229994525,24.8051963851263,24.836173098535,24.9960701368761,24.8877801045559,24.9342041538485,24.7948687272058,24.7845400253874,24.8000326866343,24.7690450146872,24.8051963851263,24.8826205758957,24.8671404277798,24.7793752829217,24.8000326866343,24.7897045068028,24.7690450146872,24.6760255545029,24.7948687272058,24.7742102793675,24.7122098579989,24.6760255545029,24.6087920833666,24.6191385780148,24.6191385780148,24.6294840235847,24.68119552596,24.7690450146872,24.7587137017957,24.7535476535085,24.7587137017957,24.7380479408253,24.7122098579989,24.7018727940562,24.8103598227198,24.68119552596,24.8103598227198,24.9032571289301,24.9599861922213,24.8051963851263,24.954830304227,24.9599861922213,24.9393610812787,24.9238895190908,25.0424450977087,24.9496741564303,25.0475965748176,25.0630494515398,25.1042457289643,25.0990971001769,25.0939482126385,25.0939482126385,25.0784999971428,25.1454254487159,25.2945634334578,25.3305297988212,25.3048408239653,25.4332214756594,25.4178242679226,25.4126913524992,25.4896581737131,25.4742694202044,25.4588783623232,25.464008971053,25.4434849990752,25.4486163763711,25.4434849990752,25.4434849990752
24.6967038696157,24.6863652356057,24.7018727940562,24.598444539334,24.7483813439431,24.7483813439431,24.6915346834782,24.7380479408253,24.7432147730614,24.7483813439431,24.7432147730614,24.8413349715329,24.7638794888426,24.6967038696157,24.7018727940562,24.7690450146872,24.8000326866343,24.8000326866343,24.7328808471969,24.7587137017957,24.7432147730614,24.7587137017957,24.7793752829217,24.6346563530609,24.7122098579989,24.7380479408253,24.6346563530609,24.7070414568379,24.6243114319154,24.6915346834782,24.7173779975772,24.7122098579989,24.5466910676864,24.6967038696157,24.5829212550199,24.7070414568379,24.6553430497988,24.6656848260024,24.7122098579989,24.7277134921382,24.6760255545029,24.7122098579989,24.7225458756109,24.7845400253874,24.593270373703,24.7535476535085,24.6605140688826,24.6294840235847,24.5673956078683,24.6243114319154,24.68119552596,24.6191385780148,24.598444539334,24.6501717687129,24.7432147730614,24.6915346834782,24.7018727940562,24.7948687272058,24.598444539334,24.593270373703,24.6708553211965,24.6553430497988,24.6656848260024,24.6863652356057,24.6656848260024,24.7742102793675,24.6967038696157,24.6760255545029,24.6294840235847,24.6760255545029,24.7535476535085,24.6863652356057,24.7432147730614,24.7742102793675,24.8155229994525,24.7742102793675,24.7535476535085,24.6036184425424,24.7018727940562,24.7587137017957,24.7328808471969,24.7897045068028,24.8000326866343,24.7483813439431,24.7897045068028,24.7535476535085,24.7277134921382,24.7690450146872,24.588095945611,24.5518675968447,24.6191385780148,24.6139654618445,24.6036184425424,24.6708553211965,24.6501717687129,24.6863652356057,24.7018727940562,24.6605140688826,24.7173779975772,24.8155229994525,24.68119552596,24.86197985757,24.7535476535085,24.6967038696157,24.7018727940562,24.7742102793675,24.7070414568379,24.7225458756109,24.7638794888426,24.6967038696157,24.7122098579989,24.68119552596,24.7018727940562,24.7535476535085,24.8568190268782,24.7793752829217,24.7535476535085,24.8671404277798,24.7122098579989,24.7483813439431,24.8310109648659,24.8206859153626,24.7845400253874,24.6450002255868,24.8258485704877,24.7742102793675,24.8413349715329,24.9032571289301,24.8464965838976,24.86197985757,24.9032571289301,24.9135738442187,24.8464965838976,24.9342041538485,24.8000326866343,24.918731811688,24.9032571289301,24.9342041538485,24.7690450146872,24.8568190268782,24.8774607869049,24.954830304227,24.8671404277798,24.8413349715329,24.8929393729232,24.8155229994525,24.8310109648659,24.86197985757,24.9806071469274,24.8464965838976,24.8051963851263,24.7845400253874,24.7070414568379,24.8103598227198,24.7742102793675,24.7638794888426,24.9806071469274,24.9393610812787,25.0578987516956,24.9032571289301,24.8980983810354,24.8310109648659,24.7432147730614,24.6863652356057,24.7845400253874,24.7535476535085,24.7380479408253,24.7845400253874,24.7328808471969,24.7122098579989,24.8103598227198,24.8310109648659,24.8155229994525,24.86197985757,24.8155229994525,24.8464965838976,24.8671404277798,24.7793752829217,24.8980983810354,24.8310109648659,24.8000326866343,24.86197985757,24.8206859153626,24.8464965838976,24.7897045068028,24.836173098535,24.8103598227198,24.9445177487934,24.8568190268782,24.836173098535,24.7845400253874,24.6708553211965,24.7122098579989,24.6863652356057,24.7122098579989,24.6708553211965,24.6553430497988,24.7070414568379,24.6346563530609,24.7277134921382,24.7070414568379,24.7328808471969,24.7742102793675,24.7277134921382,24.7483813439431,24.8258485704877,24.7690450146872,24.836173098535,24.9857617364743,24.9238895190908,24.9445177487934,24.9084156166453,24.954830304227,24.9445177487934,24.9960701368761,25.0939482126385,25.0784999971428,25.0372933614365,25.0475965748176,25.1145422104357,25.1762993840732,25.1196900631945,25.1299849929454,25.1505717504272,25.14027888859,25.2997022573604,25.2997022573604,25.3151171854302,25.4280893294658,25.3921571255997,25.5819423585322,25.5409373888032,25.5255563093646,25.5716926484544,25.464008971053,25.4845288451903,25.4742694202044,25.4486163763711,25.3972910671794,25.5768176311468
24.7690450146872,24.5829212550199,24.588095945611,24.6760255545029,24.7483813439431,24.7122098579989,24.7432147730614,24.6915346834782,24.7432147730614,24.8206859153626,24.7483813439431,24.7587137017957,24.6915346834782,24.6967038696157,24.6036184425424,24.7793752829217,24.6863652356057,24.7742102793675,24.8051963851263,24.8774607869049,24.7793752829217,24.7173779975772,24.8929393729232,24.7587137017957,24.6656848260024,24.7225458756109,24.68119552596,24.8155229994525,24.6708553211965,24.6760255545029,24.7535476535085,24.6656848260024,24.6656848260024,24.588095945611,24.5829212550199,24.6708553211965,24.598444539334,24.6036184425424,24.6501717687129,24.7638794888426,24.598444539334,24.6398284203822,24.6708553211965,24.7018727940562,24.5622198668973,24.7277134921382,24.6760255545029,24.593270373703,24.588095945611,24.6760255545029,24.6605140688826,24.6553430497988,24.6760255545029,24.6605140688826,24.6450002255868,24.7018727940562,24.7173779975772,24.7070414568379,24.6087920833666,24.6501717687129,24.7277134921382,24.6708553211965,24.6450002255868,24.6450002255868,24.7225458756109,24.6294840235847,24.8000326866343,24.7535476535085,24.7897045068028,24.7380479408253,24.7328808471969,24.7690450146872,24.7690450146872,24.7483813439431,24.7793752829217,24.7948687272058,24.7328808471969,24.6915346834782,24.5052693701856,24.7742102793675,24.6191385780148,24.7535476535085,24.7742102793675,24.7535476535085,24.6708553211965,24.7897045068028,24.7277134921382,24.6967038696157,24.7277134921382,24.7070414568379,24.6708553211965,24.6087920833666,24.5518675968447,24.6139654618445,24.7225458756109,24.6501717687129,24.6967038696157,24.7535476535085,24.8155229994525,24.8000326866343,24.7535476535085,24.7122098579989,24.7742102793675,24.7845400253874,24.7742102793675,24.6863652356057,24.6708553211965,24.6605140688826,24.7018727940562,24.5415142757223,24.6915346834782,24.7742102793675,24.7122098579989,24.7793752829217,24.7793752829217,24.7225458756109,24.8723007375455,24.8774607869049,24.9754522977662,24.7742102793675,24.7690450146872,24.8258485704877,24.8155229994525,24.836173098535,24.836173098535,24.836173098535,24.8103598227198,24.8568190268782,24.8516579356668,24.9238895190908,24.8310109648659,25.0424450977087,24.918731811688,24.9032571289301,24.918731811688,24.8516579356668,24.9393610812787,24.9032571289301,24.8310109648659,24.836173098535,24.8929393729232,24.8723007375455,25.0321413659635,24.836173098535,24.8258485704877,24.9032571289301,24.8671404277798,24.9084156166453,24.8464965838976,24.8516579356668,24.836173098535,24.7587137017957,24.7845400253874,24.8568190268782,24.8568190268782,24.8671404277798,24.9032571289301,24.9909160664447,24.9909160664447,24.9238895190908,24.9135738442187,24.9032571289301,24.8206859153626,24.7328808471969,24.7690450146872,24.7948687272058,24.7690450146872,24.8258485704877,24.7432147730614,24.8877801045559,24.8464965838976,24.8051963851263,24.8516579356668,24.8723007375455,24.8774607869049,24.7690450146872,24.918731811688,24.7328808471969,24.8826205758957,24.7328808471969,24.836173098535,24.7638794888426,24.8516579356668,24.86197985757,24.86197985757,24.8826205758957,24.9032571289301,24.8413349715329,24.7535476535085,24.7587137017957,24.7535476535085,24.8051963851263,24.68119552596,24.7483813439431,24.68119552596,24.7638794888426,24.7173779975772,24.7793752829217,24.7018727940562,24.8413349715329,24.7845400253874,24.7483813439431,24.5829212550199,24.7948687272058,24.7845400253874,24.7690450146872,24.7380479408253,24.8774607869049,24.9806071469274,24.8774607869049,24.9754522977662,24.9754522977662,24.9445177487934,24.9599861922213,25.0424450977087,25.0218365972651,25.0012239478063,25.0527477928007,25.0990971001769,25.0578987516956,25.1145422104357,25.1711543738743,25.14027888859,25.1917328656758,25.3408035889768,25.3818884725093,25.3664835674914,25.4280893294658,25.4383533655169,25.464008971053,25.5409373888032,25.5921910475291,25.5614419170025,25.5101729288625,25.5460639041067,25.4793992606996,25.4280893294658,25.5050446238429,25.5716926484544,25.4691393236678
24.7483813439431,24.6760255545029,24.68119552596,24.7328808471969,24.7122098579989,24.7742102793675,24.7742102793675,24.7535476535085,24.7432147730614,24.7948687272058,24.7897045068028,24.7070414568379,24.7018727940562,24.6915346834782,24.5622198668973,24.6760255545029,24.7638794888426,24.7587137017957,24.7845400253874,24.7897045068028,24.7587137017957,24.7018727940562,24.7690450146872,24.6553430497988,24.6967038696157,24.7122098579989,24.6346563530609,24.6191385780148,24.6450002255868,24.7018727940562,24.6605140688826,24.6036184425424,24.6708553211965,24.5777463018912,24.593270373703,24.6294840235847,24.6605140688826,24.6501717687129,24.6191385780148,24.6243114319154,24.7483813439431,24.5673956078683,24.7328808471969,24.68119552596,24.8723007375455,24.7638794888426,24.6656848260024,24.6760255545029,24.6450002255868,24.6139654618445,24.5673956078683,24.6553430497988,24.7173779975772,24.7380479408253,24.6760255545029,24.6863652356057,24.7122098579989,24.6708553211965,24.6656848260024,24.6243114319154,24.6501717687129,24.6294840235847,24.7122098579989,24.7225458756109,24.7070414568379,24.7018727940562,24.5777463018912,24.7018727940562,24.7070414568379,24.7587137017957,24.7432147730614,24.8000326866343,24.7638794888426,24.8206859153626,24.7690450146872,24.7742102793675,24.8000326866343,24.7380479408253,24.5156263724707,24.5829212550199,24.7845400253874,24.7328808471969,24.7845400253874,24.5777463018912,24.68119552596,24.68119552596,24.593270373703,24.7742102793675,24.7328808471969,24.7328808471969,24.6191385780148,24.6346563530609,24.6501717687129,24.6656848260024,24.7018727940562,24.7277134921382,24.7690450146872,24.8051963851263,24.7122098579989,24.7535476535085,24.6708553211965,24.7122098579989,24.6708553211965,24.6346563530609,24.6967038696157,24.6915346834782,24.7018727940562,24.7587137017957,24.6605140688826,24.6553430497988,24.6656848260024,24.6863652356057,24.6863652356057,24.7638794888426,24.7535476535085,24.8568190268782,24.7638794888426,24.836173098535,24.8258485704877,24.8516579356668,24.7638794888426,24.7638794888426,24.7225458756109,24.7742102793675,24.8206859153626,24.7380479408253,24.8568190268782,24.8671404277798,24.8413349715329,24.8413349715329,24.8826205758957,24.8723007375455,24.8206859153626,24.9445177487934,24.9084156166453,24.918731811688,24.8310109648659,24.8413349715329,24.8051963851263,24.8464965838976,24.9032571289301,24.8671404277798,25.0269891112523,24.8155229994525,24.7742102793675,24.8258485704877,24.8258485704877,24.8413349715329,24.8464965838976,24.8464965838976,24.8310109648659,24.7845400253874,24.8980983810354,24.8568190268782,24.7638794888426,24.918731811688,24.9238895190908,24.8929393729232,24.8310109648659,24.9238895190908,24.9084156166453,24.8568190268782,24.8877801045559,24.7897045068028,24.7483813439431,24.7432147730614,24.68119552596,24.8103598227198,24.7173779975772,24.7793752829217,24.9909160664447,24.8206859153626,24.8413349715329,24.8310109648659,24.8516579356668,24.8051963851263,24.8413349715329,24.8826205758957,24.8413349715329,24.8464965838976,24.8516579356668,24.7587137017957,24.7483813439431,24.8413349715329,24.8568190268782,24.8774607869049,24.8671404277798,24.8826205758957,24.9032571289301,24.7897045068028,24.7638794888426,24.8051963851263,24.7380479408253,24.8103598227198,24.8464965838976,24.7742102793675,24.7845400253874,24.6967038696157,24.5466910676864,24.7018727940562,24.7122098579989,24.7328808471969,24.7070414568379,24.68119552596,24.8310109648659,24.8051963851263,24.7742102793675,24.7742102793675,24.9909160664447,24.8671404277798,24.9135738442187,24.8980983810354,24.8568190268782,24.9651418204509,24.8980983810354,24.954830304227,25.0012239478063,25.0269891112523,25.0990971001769,25.0321413659635,25.0733500742259,25.1608635787557,25.3048408239653,25.1814441360816,25.3767537609245,25.2842850136107,25.4537474974415,25.4280893294658,25.4178242679226,25.4434849990752,25.5563161681696,25.464008971053,25.4896581737131,25.5460639041067,25.6075621671384,25.4075581805922,25.4229569268991,25.4793992606996,25.5050446238429,25.464008971053
24.6398284203822,24.7277134921382,24.6656848260024,24.6760255545029,24.6915346834782,24.5777463018912,24.7018727940562,24.7070414568379,24.7793752829217,24.8516579356668,24.7328808471969,24.7380479408253,24.7018727940562,24.6605140688826,24.6760255545029,24.7225458756109,24.7432147730614,24.7690450146872,24.7897045068028,24.7845400253874,24.8258485704877,24.8000326866343,24.8103598227198,24.7070414568379,24.8516579356668,24.6450002255868,24.7122098579989,24.6656848260024,24.6243114319154,24.6087920833666,24.6553430497988,24.598444539334,24.6501717687129,24.5777463018912,24.6294840235847,24.68119552596,24.6708553211965,24.4949113154483,24.5570438632356,24.6243114319154,24.6346563530609,24.5829212550199,24.7070414568379,24.7483813439431,24.7277134921382,24.6760255545029,24.6760255545029,24.6294840235847,24.7018727940562,24.6708553211965,24.6708553211965,24.5570438632356,24.5622198668973,24.6967038696157,24.6760255545029,24.6708553211965,24.6915346834782,24.6398284203822,24.7122098579989,24.6087920833666,24.6450002255868,24.6087920833666,24.68119552596,24.6967038696157,24.6915346834782,24.68119552596,24.6967038696157,24.7225458756109,24.8258485704877,24.7742102793675,24.6553430497988,24.7587137017957,24.7690450146872,24.7535476535085,24.7845400253874,24.7690450146872,24.8103598227198,24.6760255545029,24.5777463018912,24.5415142757223,24.7793752829217,24.86197985757,24.7948687272058,24.7277134921382,24.7380479408253,24.7483813439431,24.7328808471969,24.7328808471969,24.5622198668973,24.6087920833666,24.5415142757223,24.6553430497988,24.6087920833666,24.6087920833666,24.6294840235847,24.6760255545029,24.8051963851263,24.7897045068028,24.7070414568379,24.8103598227198,24.7380479408253,24.6450002255868,24.7380479408253,24.7173779975772,24.6501717687129,24.68119552596,24.7432147730614,24.8723007375455,24.7018727940562,24.7483813439431,24.8464965838976,24.8413349715329,24.7328808471969,24.7845400253874,24.7690450146872,24.8310109648659,24.7690450146872,24.7173779975772,24.8051963851263,24.7483813439431,24.7277134921382,24.7018727940562,24.7638794888426,24.7432147730614,24.8464965838976,24.7845400253874,24.7690450146872,24.7690450146872,24.8103598227198,24.8826205758957,24.9290469664651,24.9342041538485,24.9342041538485,24.8568190268782,24.8774607869049,24.7845400253874,24.954830304227,24.9342041538485,24.8877801045559,24.8413349715329,24.8723007375455,24.8826205758957,24.86197985757,24.8103598227198,24.8310109648659,24.8206859153626,24.8155229994525,24.7948687272058,24.8413349715329,24.8103598227198,24.8258485704877,24.8000326866343,24.8051963851263,24.86197985757,24.7690450146872,24.8464965838976,24.918731811688,24.9290469664651,24.8877801045559,24.9445177487934,24.9084156166453,24.9135738442187,24.7225458756109,24.7225458756109,24.8103598227198,24.7948687272058,24.7587137017957,24.8310109648659,24.836173098535,24.8155229994525,24.86197985757,24.7845400253874,24.7742102793675,24.9909160664447,24.8051963851263,24.8516579356668,24.8206859153626,24.8310109648659,24.7638794888426,24.7587137017957,24.8568190268782,24.9909160664447,24.9702971889533,24.8723007375455,24.86197985757,24.8877801045559,24.8258485704877,24.8671404277798,24.9238895190908,24.8464965838976,24.8103598227198,24.8258485704877,24.7742102793675,24.7793752829217,24.7173779975772,24.7380479408253,24.7897045068028,24.7638794888426,24.6967038696157,24.8155229994525,24.68119552596,24.8051963851263,24.8258485704877,24.8464965838976,24.9445177487934,24.7018727940562,24.7948687272058,24.8568190268782,24.8774607869049,24.9702971889533,24.8774607869049,24.9084156166453,24.8723007375455,24.9342041538485,24.8826205758957,25.0733500742259,24.9496741564303,25.0063774992726,25.0578987516956,25.1299849929454,25.0527477928007,25.2277352917338,25.2637250847104,25.3870229273887,25.3613480855689,25.4280893294658,25.4537474974415,25.5306835914689,25.4486163763711,25.4024247521646,25.4024247521646,25.5716926484544,25.5973150092137,25.669023697602,25.5101729288625,25.5460639041067,25.5819423585322,25.4742694202044,25.4383533655169,25.4383533655169
24.7897045068028,24.6708553211965,24.6553430497988,24.6863652356057,24.7535476535085,24.68119552596,24.7018727940562,24.8258485704877,24.7380479408253,24.7328808471969,24.6863652356057,24.7173779975772,24.7948687272058,24.5570438632356,24.6863652356057,24.7897045068028,24.68119552596,24.8155229994525,24.8206859153626,24.7380479408253,24.7948687272058,24.6191385780148,24.6760255545029,24.7173779975772,24.6243114319154,24.7277134921382,24.6760255545029,24.6760255545029,24.6450002255868,24.6243114319154,24.598444539334,24.5777463018912,24.6915346834782,24.6967038696157,24.68119552596,24.7432147730614,24.7483813439431,24.6036184425424,24.6087920833666,24.6191385780148,24.5777463018912,24.5777463018912,24.6087920833666,24.6915346834782,24.6346563530609,24.6243114319154,24.5725710861868,24.7018727940562,24.7173779975772,24.7122098579989,24.6760255545029,24.6553430497988,24.6760255545029,24.6656848260024,24.6915346834782,24.6760255545029,24.6915346834782,24.6708553211965,24.7173779975772,24.6915346834782,24.6501717687129,24.6501717687129,24.7070414568379,24.7225458756109,24.7380479408253,24.6760255545029,24.68119552596,24.588095945611,24.7225458756109,24.68119552596,24.7070414568379,24.7277134921382,24.8723007375455,24.7793752829217,24.7793752829217,24.8258485704877,24.7742102793675,24.7328808471969,24.68119552596,24.7225458756109,24.7432147730614,24.7948687272058,24.8464965838976,24.8206859153626,24.7432147730614,24.6760255545029,24.7122098579989,24.593270373703,24.5829212550199,24.5725710861868,24.5673956078683,24.6139654618445,24.598444539334,24.5777463018912,24.6501717687129,24.6450002255868,24.7793752829217,24.7793752829217,24.6967038696157,24.7173779975772,24.7897045068028,24.7897045068028,24.7225458756109,24.7638794888426,24.6760255545029,24.8155229994525,24.6501717687129,24.7483813439431,24.7483813439431,24.6967038696157,24.6915346834782,24.7432147730614,24.9806071469274,24.8310109648659,24.8206859153626,24.7948687272058,24.7897045068028,24.6760255545029,24.7690450146872,24.8464965838976,24.8568190268782,24.8516579356668,24.836173098535,24.8310109648659,24.8206859153626,24.7742102793675,24.8258485704877,24.7897045068028,24.7845400253874,24.7793752829217,24.8258485704877,24.8000326866343,24.8877801045559,24.8826205758957,24.8723007375455,24.918731811688,24.7897045068028,24.8877801045559,24.8516579356668,24.7742102793675,24.8206859153626,24.7638794888426,24.8516579356668,24.7638794888426,24.8413349715329,24.86197985757,24.836173098535,24.8258485704877,24.8103598227198,24.8051963851263,24.8051963851263,24.7225458756109,24.6398284203822,24.7225458756109,24.8413349715329,24.9084156166453,24.8980983810354,24.8413349715329,24.86197985757,24.918731811688,24.86197985757,24.8103598227198,24.7328808471969,24.8206859153626,24.8155229994525,24.7277134921382,24.7535476535085,24.7897045068028,24.8258485704877,24.8051963851263,24.8051963851263,24.7638794888426,24.7535476535085,24.9084156166453,24.8000326866343,24.9032571289301,24.8826205758957,24.8464965838976,24.8051963851263,24.7690450146872,24.836173098535,24.7638794888426,24.8774607869049,24.8774607869049,24.8671404277798,24.9393610812787,24.8310109648659,24.8723007375455,24.8516579356668,24.8774607869049,24.8877801045559,24.9238895190908,24.8464965838976,24.8103598227198,24.7173779975772,24.7432147730614,24.6708553211965,24.7225458756109,24.7742102793675,24.8103598227198,24.7173779975772,24.7845400253874,24.7380479408253,24.7587137017957,24.8103598227198,24.7948687272058,24.8155229994525,24.9135738442187,24.8774607869049,24.9135738442187,24.8568190268782,24.9909160664447,24.9702971889533,25.0218365972651,24.8774607869049,24.954830304227,24.9135738442187,25.0166838239645,25.0372933614365,24.9651418204509,25.1145422104357,25.2328774638867,25.3151171854302,25.3870229273887,25.3972910671794,25.4999160630027,25.5153009780981,25.4691393236678,25.3972910671794,25.4537474974415,25.5306835914689,25.5819423585322,25.4999160630027,25.6075621671384,25.494787246305,25.5306835914689,25.5101729288625,25.5050446238429,25.4793992606996,25.4126913524992
24.3809031634257,24.4534685658236,24.6708553211965,24.6605140688826,24.6346563530609,24.7225458756109,24.6967038696157,24.6915346834782,24.8155229994525,24.8826205758957,24.6967038696157,24.7897045068028,24.6553430497988,24.7122098579989,24.7018727940562,24.7690450146872,24.6605140688826,24.7380479408253,24.7897045068028,24.6605140688826,24.7122098579989,24.6708553211965,24.6346563530609,24.6760255545029,24.6656848260024,24.6708553211965,24.5829212550199,24.7380479408253,24.6450002255868,24.588095945611,24.6087920833666,24.5829212550199,24.598444539334,24.6708553211965,24.6139654618445,24.7638794888426,24.7483813439431,24.6863652356057,24.4949113154483,24.6139654618445,24.5829212550199,24.6191385780148,24.7897045068028,24.7845400253874,24.6967038696157,24.6294840235847,24.4638308334468,24.6036184425424,24.5415142757223,24.7173779975772,24.7070414568379,24.68119552596,24.598444539334,24.6553430497988,24.7018727940562,24.7845400253874,24.6656848260024,24.7897045068028,24.7173779975772,24.6191385780148,24.7070414568379,24.7380479408253,24.6863652356057,24.8051963851263,24.6656848260024,24.6605140688826,24.6760255545029,24.6450002255868,24.6708553211965,24.6036184425424,24.7173779975772,24.7638794888426,24.7122098579989,24.7483813439431,24.5518675968447,24.6708553211965,24.6656848260024,24.7277134921382,24.5518675968447,24.7225458756109,24.5518675968447,24.7845400253874,24.7328808471969,24.6605140688826,24.6708553211965,24.6605140688826,24.6863652356057,24.6605140688826,24.5570438632356,24.5570438632356,24.4897318933139,24.5622198668973,24.6191385780148,24.6139654618445,24.6294840235847,24.6191385780148,24.5415142757223,24.588095945611,24.6967038696157,24.6398284203822,24.7122098579989,24.7845400253874,24.7070414568379,24.7277134921382,24.7173779975772,24.7328808471969,24.68119552596,24.6346563530609,24.6656848260024,24.6915346834782,24.7122098579989,24.7225458756109,24.7948687272058,24.7535476535085,24.7948687272058,24.7277134921382,24.8568190268782,24.8723007375455,24.8516579356668,24.836173098535,24.8310109648659,24.8103598227198,24.8206859153626,24.8516579356668,24.7638794888426,24.7742102793675,24.8000326866343,24.7948687272058,24.8826205758957,24.8723007375455,24.8929393729232,24.8413349715329,24.836173098535,24.9084156166453,24.8568190268782,24.8516579356668,24.8464965838976,24.9032571289301,24.7897045068028,24.7690450146872,24.7432147730614,24.8826205758957,24.7432147730614,24.8103598227198,24.86197985757,24.8155229994525,24.7845400253874,24.8155229994525,24.7845400253874,24.8155229994525,24.7948687272058,24.6708553211965,24.7380479408253,24.7535476535085,24.7948687272058,24.8413349715329,24.8774607869049,24.8464965838976,24.8413349715329,24.9393610812787,24.918731811688,24.8000326866343,24.7690450146872,24.7432147730614,24.7225458756109,24.7638794888426,24.7070414568379,24.6863652356057,24.7173779975772,24.8310109648659,24.7587137017957,24.7587137017957,24.7638794888426,24.7742102793675,24.8000326866343,24.9754522977662,24.8464965838976,24.7897045068028,24.8413349715329,24.8464965838976,24.8051963851263,24.7897045068028,24.8464965838976,24.8980983810354,24.836173098535,24.8929393729232,24.8671404277798,24.7948687272058,24.8206859153626,24.8310109648659,24.8568190268782,24.9032571289301,24.836173098535,24.8103598227198,24.7690450146872,24.8206859153626,24.7897045068028,24.6915346834782,24.6656848260024,24.6553430497988,24.6605140688826,24.7793752829217,24.6450002255868,24.7225458756109,24.8103598227198,24.8000326866343,24.9238895190908,24.86197985757,24.8464965838976,24.8051963851263,24.8258485704877,24.9599861922213,24.8826205758957,24.8155229994525,24.86197985757,24.8774607869049,25.1042457289643,24.9960701368761,24.9084156166453,25.0115307913128,25.0475965748176,25.2328774638867,25.3818884725093,25.3459400985342,25.4024247521646,25.3202549803643,25.3562123467933,25.4434849990752,25.3972910671794,25.3613480855689,25.4383533655169,25.5563161681696,25.4896581737131,25.4999160630027,25.5870668306474,25.4434849990752,25.464008971053,25.4178242679226,25.4537474974415,25.5101729288625
24.5363372209139,24.4327408682945,24.5415142757223,24.6967038696157,24.6450002255868,24.7122098579989,24.6656848260024,24.6760255545029,24.6656848260024,24.836173098535,24.525982322611,24.7070414568379,24.6708553211965,24.6863652356057,24.6656848260024,24.7690450146872,24.7070414568379,24.6656848260024,24.7432147730614,24.7225458756109,24.6967038696157,24.6087920833666,24.7173779975772,24.6605140688826,24.6191385780148,24.5777463018912,24.6139654618445,24.593270373703,24.5466910676864,24.5777463018912,24.5104480028654,24.6087920833666,24.5829212550199,24.6656848260024,24.6087920833666,24.7328808471969,24.7225458756109,24.6243114319154,24.5000904743927,24.6294840235847,24.593270373703,24.5673956078683,24.6760255545029,24.7897045068028,24.7690450146872,24.7070414568379,24.5570438632356,24.5777463018912,24.5518675968447,24.5570438632356,24.6450002255868,24.5777463018912,24.7070414568379,24.68119552596,24.6656848260024,24.6656848260024,24.6708553211965,24.6243114319154,24.6967038696157,24.7277134921382,24.7070414568379,24.6346563530609,24.6243114319154,24.6760255545029,24.6915346834782,24.6863652356057,24.6915346834782,24.6863652356057,24.7742102793675,24.8826205758957,24.7690450146872,24.7225458756109,24.6605140688826,24.6346563530609,24.7897045068028,24.7535476535085,24.7122098579989,24.8723007375455,24.5570438632356,24.7535476535085,24.6398284203822,24.7432147730614,24.7277134921382,24.6708553211965,24.6501717687129,24.598444539334,24.7432147730614,24.5725710861868,24.6863652356057,24.6501717687129,24.417192326936,24.5570438632356,24.6191385780148,24.6553430497988,24.5570438632356,24.5570438632356,24.5622198668973,24.6398284203822,24.7225458756109,24.7018727940562,24.7122098579989,24.7225458756109,24.7742102793675,24.7328808471969,24.6553430497988,24.7793752829217,24.6760255545029,24.6760255545029,24.7277134921382,24.7225458756109,24.7897045068028,24.7948687272058,24.7845400253874,24.8516579356668,24.8051963851263,24.7897045068028,24.836173098535,24.8671404277798,24.836173098535,24.7793752829217,24.836173098535,24.8671404277798,24.8310109648659,24.8516579356668,24.8774607869049,24.9238895190908,24.8980983810354,24.8929393729232,24.86197985757,24.8051963851263,24.9496741564303,24.8516579356668,24.836173098535,24.9445177487934,24.8464965838976,24.86197985757,24.8155229994525,24.7742102793675,24.8000326866343,24.7432147730614,24.7690450146872,24.7845400253874,24.8000326866343,24.7432147730614,24.86197985757,24.8000326866343,24.8103598227198,24.7742102793675,24.8310109648659,24.8258485704877,24.7638794888426,24.8206859153626,24.7897045068028,24.8774607869049,24.8516579356668,24.8929393729232,24.918731811688,24.8980983810354,24.9032571289301,24.8980983810354,24.9238895190908,24.8516579356668,24.918731811688,24.7638794888426,24.7173779975772,24.7328808471969,24.7897045068028,24.7535476535085,24.8671404277798,24.7742102793675,24.836173098535,24.8516579356668,24.8980983810354,24.7948687272058,24.8568190268782,24.9238895190908,24.8000326866343,24.8568190268782,24.8568190268782,24.8051963851263,24.8774607869049,24.8671404277798,24.8103598227198,24.8206859153626,24.8206859153626,24.9032571289301,24.9806071469274,24.8980983810354,24.8516579356668,24.918731811688,24.7380479408253,24.9651418204509,24.8980983810354,24.8258485704877,24.836173098535,24.7173779975772,24.7845400253874,24.7742102793675,24.7173779975772,24.7587137017957,24.7845400253874,24.7225458756109,24.7845400253874,24.8103598227198,24.7793752829217,24.8671404277798,24.8103598227198,24.8929393729232,24.9135738442187,24.9290469664651,24.8051963851263,24.8774607869049,24.8413349715329,24.8310109648659,24.9032571289301,24.8206859153626,24.8980983810354,24.9290469664651,25.0681998923707,24.9806071469274,25.0733500742259,25.2534435750629,25.2842850136107,25.3921571255997,25.4896581737131,25.4845288451903,25.4486163763711,25.464008971053,25.494787246305,25.4999160630027,25.4383533655169,25.5204287715866,25.5050446238429,25.5409373888032,25.602438715738,25.4332214756594,25.5101729288625,25.464008971053,25.4332214756594,25.5050446238429
24.525982322611,24.3809031634257,24.4638308334468,24.5363372209139,24.5104480028654,24.7277134921382,24.6656848260024,24.4845522079513,24.6863652356057,24.6398284203822,24.6967038696157,24.7328808471969,24.7483813439431,24.6553430497988,24.7122098579989,24.6656848260024,24.6294840235847,24.6863652356057,24.6863652356057,24.6398284203822,24.6605140688826,24.6346563530609,24.6501717687129,24.6605140688826,24.6398284203822,24.6501717687129,24.5725710861868,24.6243114319154,24.598444539334,24.5104480028654,24.6398284203822,24.5725710861868,24.7277134921382,24.6243114319154,24.6501717687129,24.6087920833666,24.6294840235847,24.6191385780148,24.6243114319154,24.68119552596,24.588095945611,24.5518675968447,24.6243114319154,24.8103598227198,24.7173779975772,24.7018727940562,24.5673956078683,24.6139654618445,24.6346563530609,24.7173779975772,24.7690450146872,24.7380479408253,24.598444539334,24.7690450146872,24.6139654618445,24.6708553211965,24.7793752829217,24.6501717687129,24.6656848260024,24.7070414568379,24.6398284203822,24.7173779975772,24.6553430497988,24.6294840235847,24.6708553211965,24.6708553211965,24.6708553211965,24.7277134921382,24.7638794888426,24.7328808471969,24.598444539334,24.7018727940562,24.7535476535085,24.7690450146872,24.6656848260024,24.7948687272058,24.6656848260024,24.7638794888426,24.588095945611,24.7122098579989,24.6915346834782,24.7587137017957,24.7018727940562,24.7122098579989,24.7018727940562,24.6605140688826,24.6656848260024,24.68119552596,24.5673956078683,24.6191385780148,24.5673956078683,24.5829212550199,24.6708553211965,24.6553430497988,24.6553430497988,24.6863652356057,24.6967038696157,24.7432147730614,24.7070414568379,24.7122098579989,24.68119552596,24.7535476535085,24.6967038696157,24.7122098579989,24.7122098579989,24.7225458756109,24.7742102793675,24.7277134921382,24.7793752829217,24.7897045068028,24.7535476535085,24.7897045068028,24.7690450146872,24.8413349715329,24.8671404277798,24.8258485704877,24.8516579356668,24.836173098535,24.8413349715329,24.8413349715329,24.8310109648659,24.8413349715329,24.7845400253874,24.7845400253874,24.8671404277798,24.8516579356668,24.8155229994525,24.8774607869049,24.8206859153626,24.8980983810354,24.8826205758957,24.8877801045559,24.8310109648659,24.7897045068028,24.8000326866343,24.8774607869049,24.8980983810354,24.8155229994525,24.7897045068028,24.7432147730614,24.9032571289301,24.7328808471969,24.7845400253874,24.7897045068028,24.8206859153626,24.7380479408253,24.8155229994525,24.8000326866343,24.836173098535,24.8000326866343,24.8258485704877,24.7948687272058,24.7483813439431,24.8206859153626,24.86197985757,24.8980983810354,24.8671404277798,24.86197985757,24.86197985757,24.9032571289301,24.8774607869049,24.8877801045559,24.8774607869049,24.8877801045559,24.7173779975772,24.7638794888426,24.7122098579989,24.7587137017957,24.7690450146872,24.7742102793675,24.7690450146872,24.7483813439431,24.7380479408253,24.7897045068028,24.8723007375455,24.8310109648659,24.9960701368761,24.7793752829217,24.8568190268782,24.8464965838976,24.7587137017957,24.7948687272058,24.8155229994525,24.8310109648659,24.9599861922213,24.8774607869049,24.9496741564303,24.8980983810354,24.9445177487934,24.9290469664651,24.9651418204509,24.9393610812787,24.9445177487934,24.8464965838976,24.8568190268782,24.86197985757,24.9238895190908,24.8000326866343,24.7948687272058,24.7122098579989,24.8206859153626,24.8051963851263,24.7897045068028,24.7173779975772,24.7638794888426,24.7690450146872,24.86197985757,24.8051963851263,24.8155229994525,24.8051963851263,24.8516579356668,24.8155229994525,24.8464965838976,24.8774607869049,24.8826205758957,24.8980983810354,24.9496741564303,24.9960701368761,24.9135738442187,25.0218365972651,25.1917328656758,25.2894243522202,25.2945634334578,25.3048408239653,25.4742694202044,25.4845288451903,25.4845288451903,25.4793992606996,25.4845288451903,25.494787246305,25.5306835914689,25.5358106179362,25.5614419170025,25.4999160630027,25.6075621671384,25.5050446238429,25.5153009780981,25.5306835914689,25.5306835914689,25.5204287715866
24.3446010620456,24.3757179413665,24.3601606905737,24.5466910676864,24.5363372209139,24.6605140688826,24.6139654618445,24.6501717687129,24.6087920833666,24.6553430497988,24.6760255545029,24.6605140688826,24.68119552596,24.7483813439431,24.6656848260024,24.7277134921382,24.6191385780148,24.6863652356057,24.6243114319154,24.6967038696157,24.7018727940562,24.6553430497988,24.6501717687129,24.6501717687129,24.6398284203822,24.5052693701856,24.525982322611,24.5363372209139,24.6087920833666,24.5104480028654,24.4793722593216,24.417192326936,24.5415142757223,24.5104480028654,24.417192326936,24.7793752829217,24.6708553211965,24.6501717687129,24.6398284203822,24.4741920473867,24.6501717687129,24.5570438632356,24.593270373703,24.6863652356057,24.7122098579989,24.6243114319154,24.6243114319154,24.6139654618445,24.6036184425424,24.7587137017957,24.7638794888426,24.7483813439431,24.7070414568379,24.6863652356057,24.7070414568379,24.8310109648659,24.5829212550199,24.6605140688826,24.6708553211965,24.6915346834782,24.6243114319154,24.7018727940562,24.6553430497988,24.6708553211965,24.7277134921382,24.7277134921382,24.7432147730614,24.6605140688826,24.7277134921382,24.7018727940562,24.7742102793675,24.6863652356057,24.7328808471969,24.7948687272058,24.7277134921382,24.6656848260024,24.7638794888426,24.7638794888426,24.5415142757223,24.7070414568379,24.7535476535085,24.6915346834782,24.7018727940562,24.7018727940562,24.5829212550199,24.6294840235847,24.6760255545029,24.6087920833666,24.4534685658236,24.588095945611,24.4534685658236,24.5311599032229,24.5777463018912,24.5777463018912,24.7070414568379,24.6760255545029,24.6915346834782,24.7277134921382,24.6501717687129,24.6398284203822,24.7070414568379,24.7225458756109,24.8051963851263,24.68119552596,24.7483813439431,24.6708553211965,24.6243114319154,24.7122098579989,24.7173779975772,24.7432147730614,24.7070414568379,24.7793752829217,24.8051963851263,24.7793752829217,24.86197985757,24.7742102793675,24.7483813439431,24.7535476535085,24.836173098535,24.8413349715329,24.86197985757,24.8051963851263,24.86197985757,24.8671404277798,24.7897045068028,24.7638794888426,24.7793752829217,24.8051963851263,24.8000326866343,24.7742102793675,24.86197985757,24.836173098535,24.836173098535,24.8051963851263,24.8155229994525,24.7638794888426,24.7845400253874,24.7587137017957,24.7432147730614,24.7742102793675,24.7277134921382,24.8723007375455,24.8310109648659,24.7328808471969,24.836173098535,24.8000326866343,24.8206859153626,24.8051963851263,24.7742102793675,24.8051963851263,24.9238895190908,24.8206859153626,24.7070414568379,24.836173098535,24.8929393729232,24.8723007375455,24.9393610812787,24.8155229994525,24.8103598227198,24.7845400253874,24.8774607869049,24.8774607869049,24.8723007375455,24.8723007375455,24.8310109648659,24.8000326866343,24.8051963851263,24.7845400253874,24.7638794888426,24.8568190268782,24.8258485704877,24.8516579356668,24.8464965838976,24.7845400253874,24.8103598227198,24.8723007375455,24.8671404277798,24.8723007375455,24.7587137017957,24.7587137017957,24.8310109648659,24.9135738442187,24.9238895190908,24.8929393729232,24.918731811688,24.9651418204509,25.0321413659635,24.9909160664447,24.9754522977662,24.9342041538485,24.954830304227,24.8671404277798,24.9496741564303,25.0321413659635,24.9445177487934,24.9342041538485,24.9135738442187,24.9238895190908,24.7277134921382,24.8413349715329,24.7173779975772,24.7638794888426,24.6760255545029,24.68119552596,24.7277134921382,24.7535476535085,24.8103598227198,24.836173098535,24.86197985757,24.8103598227198,24.8568190268782,24.8103598227198,24.8310109648659,24.86197985757,24.9084156166453,24.9496741564303,25.0578987516956,25.0012239478063,25.0630494515398,25.0218365972651,25.0269891112523,25.2071640245704,25.2945634334578,25.2842850136107,25.3562123467933,25.3099791333095,25.4742694202044,25.4332214756594,25.4793992606996,25.4332214756594,25.4383533655169,25.5306835914689,25.5819423585322,25.5614419170025,25.4793992606996,25.5101729288625,25.4280893294658,25.4486163763711,25.4486163763711,25.5255563093646
24.3809031634257,24.5363372209139,24.3912728154683,24.5466910676864,24.5777463018912,24.588095945611,24.6863652356057,24.6656848260024,24.7380479408253,24.593270373703,24.6036184425424,24.6553430497988,24.6863652356057,24.6656848260024,24.6243114319154,24.6191385780148,24.5208044790397,24.7122098579989,24.7070414568379,24.5777463018912,24.598444539334,24.6243114319154,24.68119552596,24.6243114319154,24.6243114319154,24.6450002255868,24.5622198668973,24.5415142757223,24.5466910676864,24.5622198668973,24.3860881214467,24.3912728154683,24.4482870367845,24.4068253139224,24.4327408682945,24.4586498313649,24.4690115721079,24.4482870367845,24.5363372209139,24.5829212550199,24.5777463018912,24.6036184425424,24.5777463018912,24.7638794888426,24.6605140688826,24.7225458756109,24.6553430497988,24.6191385780148,24.6294840235847,24.7328808471969,24.7793752829217,24.7277134921382,24.6605140688826,24.7328808471969,24.7328808471969,24.7535476535085,24.6553430497988,24.7018727940562,24.598444539334,24.7173779975772,24.7070414568379,24.7587137017957,24.6036184425424,24.593270373703,24.7173779975772,24.7173779975772,24.7483813439431,24.5829212550199,24.7277134921382,24.7380479408253,24.68119552596,24.6967038696157,24.7173779975772,24.7793752829217,24.8258485704877,24.7948687272058,24.7638794888426,24.68119552596,24.593270373703,24.7070414568379,24.7380479408253,24.7948687272058,24.7122098579989,24.6915346834782,24.6036184425424,24.5829212550199,24.7070414568379,24.5415142757223,24.5829212550199,24.6501717687129,24.5673956078683,24.5673956078683,24.5725710861868,24.5570438632356,24.6243114319154,24.6708553211965,24.6656848260024,24.7018727940562,24.7018727940562,24.5673956078683,24.6243114319154,24.6191385780148,24.6501717687129,24.7483813439431,24.7638794888426,24.7483813439431,24.5777463018912,24.6967038696157,24.6656848260024,24.7070414568379,24.7690450146872,24.7845400253874,24.7845400253874,24.7432147730614,24.6863652356057,24.8000326866343,24.9084156166453,24.7587137017957,24.7483813439431,24.8103598227198,24.8568190268782,24.8258485704877,24.8723007375455,24.8258485704877,24.8568190268782,24.7587137017957,24.7845400253874,24.918731811688,24.7897045068028,24.8103598227198,24.7897045068028,24.9135738442187,24.7845400253874,24.836173098535,24.836173098535,24.8258485704877,24.8155229994525,24.8310109648659,24.8723007375455,24.7948687272058,24.7845400253874,24.86197985757,24.8516579356668,24.7742102793675,24.7432147730614,24.8206859153626,24.7948687272058,24.8103598227198,24.7587137017957,24.8877801045559,24.8258485704877,24.7948687272058,24.86197985757,24.7897045068028,24.9445177487934,24.9084156166453,24.9342041538485,24.8723007375455,24.9393610812787,24.8980983810354,24.8723007375455,24.9084156166453,24.8723007375455,24.836173098535,24.8155229994525,24.8258485704877,24.7793752829217,24.8103598227198,24.8206859153626,24.8155229994525,24.7948687272058,24.8206859153626,24.8051963851263,24.8980983810354,24.8671404277798,24.8774607869049,24.8929393729232,24.8568190268782,24.8980983810354,24.86197985757,24.8155229994525,24.9084156166453,24.8310109648659,24.9290469664651,24.8774607869049,24.9445177487934,24.9393610812787,24.954830304227,24.9857617364743,24.9342041538485,24.9651418204509,25.0321413659635,25.0063774992726,24.9960701368761,25.0475965748176,24.9651418204509,25.0321413659635,24.918731811688,24.7845400253874,24.9135738442187,24.8310109648659,24.8155229994525,24.6915346834782,24.7587137017957,24.7897045068028,24.7328808471969,24.7897045068028,24.836173098535,24.8929393729232,24.8413349715329,25.0012239478063,24.8206859153626,24.8155229994525,24.8826205758957,24.8774607869049,24.9342041538485,25.0166838239645,25.0063774992726,25.0269891112523,25.0321413659635,25.0218365972651,25.2637250847104,25.2277352917338,25.3921571255997,25.4742694202044,25.464008971053,25.4588783623232,25.4793992606996,25.4434849990752,25.4537474974415,25.4280893294658,25.5101729288625,25.4845288451903,25.4332214756594,25.4845288451903,25.4332214756594,25.5153009780981,25.4280893294658,25.4742694202044,25.5153009780981
24.3497878691456,24.4586498313649,24.6346563530609,24.3757179413665,24.6294840235847,24.6346563530609,24.7328808471969,24.7070414568379,24.6191385780148,24.6605140688826,24.5518675968447,24.6243114319154,24.6656848260024,24.7432147730614,24.6243114319154,24.5208044790397,24.5466910676864,24.5829212550199,24.7070414568379,24.6553430497988,24.6450002255868,24.6036184425424,24.6450002255868,24.6398284203822,24.5777463018912,24.4379231880585,24.5622198668973,24.4949113154483,24.5570438632356,24.5104480028654,24.4120089523324,24.3860881214467,24.396457245529,24.4845522079513,24.2719579925803,24.2460014642685,24.4223754377718,24.5673956078683,24.598444539334,24.5156263724707,24.4223754377718,24.4741920473867,24.598444539334,24.6036184425424,24.6967038696157,24.6656848260024,24.6191385780148,24.4586498313649,24.7432147730614,24.6967038696157,24.7690450146872,24.8155229994525,24.7535476535085,24.8516579356668,24.7742102793675,24.6760255545029,24.8671404277798,24.6656848260024,24.6760255545029,24.6450002255868,24.7122098579989,24.68119552596,24.7018727940562,24.6036184425424,24.7638794888426,24.7483813439431,24.7328808471969,24.7380479408253,24.7380479408253,24.7173779975772,24.598444539334,24.7018727940562,24.8516579356668,24.7845400253874,24.7793752829217,24.7793752829217,24.7328808471969,24.7587137017957,24.6967038696157,24.7277134921382,24.6967038696157,24.7018727940562,24.6915346834782,24.7690450146872,24.6863652356057,24.6863652356057,24.6243114319154,24.5156263724707,24.6605140688826,24.4949113154483,24.6398284203822,24.5777463018912,24.588095945611,24.6036184425424,24.6760255545029,24.7225458756109,24.6967038696157,24.6605140688826,24.7070414568379,24.6346563530609,24.6863652356057,24.6760255545029,24.6501717687129,24.7225458756109,24.8103598227198,24.7380479408253,24.598444539334,24.6553430497988,24.7380479408253,24.7018727940562,24.7587137017957,24.7535476535085,24.7587137017957,24.6915346834782,24.7793752829217,24.836173098535,24.7587137017957,24.9290469664651,24.8103598227198,24.7948687272058,24.7948687272058,24.836173098535,24.7587137017957,24.8516579356668,24.7948687272058,24.6915346834782,24.7638794888426,24.8413349715329,24.7638794888426,24.7690450146872,24.8980983810354,24.7948687272058,24.8413349715329,24.8051963851263,24.7742102793675,24.7638794888426,24.7948687272058,24.8258485704877,24.8774607869049,24.7483813439431,24.7432147730614,24.8826205758957,24.836173098535,24.7225458756109,24.8464965838976,24.7948687272058,24.7380479408253,24.6553430497988,24.7845400253874,24.8516579356668,24.8464965838976,24.8258485704877,24.954830304227,24.8723007375455,24.8980983810354,24.8774607869049,24.9857617364743,24.8826205758957,24.8774607869049,24.8723007375455,24.8413349715329,24.8051963851263,24.8774607869049,24.8568190268782,24.8258485704877,24.8103598227198,24.9238895190908,24.7948687272058,24.7845400253874,24.8413349715329,24.8310109648659,24.9290469664651,24.8877801045559,24.836173098535,24.7690450146872,24.8568190268782,24.8671404277798,24.8877801045559,24.9032571289301,24.9135738442187,24.8103598227198,24.9342041538485,24.8310109648659,24.9342041538485,25.0166838239645,25.0218365972651,25.1351320700124,25.0012239478063,24.9960701368761,25.0166838239645,25.0166838239645,24.9496741564303,24.9909160664447,24.9393610812787,25.0424450977087,24.9290469664651,24.9238895190908,24.9960701368761,24.8929393729232,24.8671404277798,24.7018727940562,24.836173098535,24.7018727940562,24.8000326866343,24.7690450146872,24.8310109648659,24.8103598227198,24.8000326866343,24.9032571289301,24.8516579356668,24.8464965838976,24.9238895190908,24.7587137017957,24.8103598227198,24.9445177487934,24.9342041538485,25.0218365972651,25.0836496611589,25.1299849929454,25.0269891112523,25.1454254487159,25.2328774638867,25.3664835674914,25.4332214756594,25.4999160630027,25.5614419170025,25.4999160630027,25.4332214756594,25.4793992606996,25.4280893294658,25.5563161681696,25.5511901638832,25.5153009780981,25.6382975199907,25.6280534222343,25.5973150092137,25.5716926484544,25.5511901638832,25.6331755985647,25.4434849990752
24.6398284203822,24.4741920473867,24.5725710861868,24.6139654618445,24.7328808471969,24.6398284203822,24.593270373703,24.6967038696157,24.5829212550199,24.6553430497988,24.5052693701856,24.5104480028654,24.7483813439431,24.6450002255868,24.6501717687129,24.6605140688826,24.7122098579989,24.6967038696157,24.5725710861868,24.6087920833666,24.6087920833666,24.5415142757223,24.6191385780148,24.6036184425424,24.4793722593216,24.2719579925803,24.4586498313649,24.5518675968447,24.5570438632356,24.5208044790397,24.417192326936,24.3809031634257,24.4586498313649,24.6243114319154,24.3186630611374,24.3705324552306,24.4690115721079,24.5673956078683,24.6656848260024,24.5673956078683,24.4690115721079,24.5104480028654,24.4845522079513,24.588095945611,24.7380479408253,24.6191385780148,24.6708553211965,24.6501717687129,24.6450002255868,24.7587137017957,24.7793752829217,24.6656848260024,24.6346563530609,24.6915346834782,24.7587137017957,24.6243114319154,24.7690450146872,24.6760255545029,24.7587137017957,24.7328808471969,24.7277134921382,24.7432147730614,24.6863652356057,24.7070414568379,24.8000326866343,24.9084156166453,24.7483813439431,24.7483813439431,24.7897045068028,24.8877801045559,24.7638794888426,24.7948687272058,24.6863652356057,24.7483813439431,24.7535476535085,24.8103598227198,24.6915346834782,24.6967038696157,24.7690450146872,24.7277134921382,24.7122098579989,24.7638794888426,24.7018727940562,24.6346563530609,24.6863652356057,24.6967038696157,24.6191385780148,24.598444539334,24.6863652356057,24.6863652356057,24.6139654618445,24.5777463018912,24.6605140688826,24.68119552596,24.593270373703,24.6708553211965,24.6967038696157,24.68119552596,24.6294840235847,24.6915346834782,24.6967038696157,24.8000326866343,24.5518675968447,24.6553430497988,24.7328808471969,24.7948687272058,24.6087920833666,24.7328808471969,24.6967038696157,24.7173779975772,24.7483813439431,24.7070414568379,24.7690450146872,24.8464965838976,24.7638794888426,24.8464965838976,24.8413349715329,24.7690450146872,24.6656848260024,24.8464965838976,24.836173098535,24.8568190268782,24.7793752829217,24.7897045068028,24.9032571289301,24.7535476535085,24.8774607869049,24.7432147730614,24.8310109648659,24.7845400253874,24.7897045068028,24.7845400253874,24.8671404277798,24.8155229994525,24.8413349715329,24.8155229994525,24.8103598227198,24.7742102793675,24.8723007375455,24.8413349715329,24.7483813439431,24.836173098535,24.836173098535,24.7535476535085,24.7122098579989,24.7225458756109,24.7845400253874,24.8310109648659,24.9135738442187,24.8929393729232,25.0012239478063,24.8826205758957,24.8723007375455,24.8464965838976,24.7845400253874,24.9342041538485,24.8671404277798,24.9084156166453,24.8929393729232,24.7535476535085,24.8826205758957,24.7845400253874,24.8568190268782,24.8671404277798,24.918731811688,24.8103598227198,24.9135738442187,24.8310109648659,24.9599861922213,24.8774607869049,24.8464965838976,24.9496741564303,24.9084156166453,24.836173098535,24.8671404277798,24.8877801045559,24.918731811688,24.9238895190908,24.9393610812787,24.9032571289301,25.0527477928007,24.8568190268782,24.8464965838976,24.9754522977662,24.9238895190908,25.1196900631945,25.0115307913128,25.0321413659635,24.9599861922213,25.14027888859,24.9857617364743,24.9496741564303,25.0578987516956,25.0115307913128,25.0218365972651,25.0475965748176,25.0424450977087,24.9290469664651,24.9084156166453,24.8413349715329,24.7122098579989,24.7225458756109,24.7277134921382,24.7018727940562,24.7380479408253,24.836173098535,24.7018727940562,24.8103598227198,24.8516579356668,24.9496741564303,24.8516579356668,24.9393610812787,24.9135738442187,24.918731811688,24.918731811688,24.9960701368761,25.0063774992726,25.0166838239645,25.0218365972651,25.1557177937613,25.1505717504272,25.2380193782588,25.3356668224182,25.4434849990752,25.4537474974415,25.4537474974415,25.5204287715866,25.5614419170025,25.4845288451903,25.494787246305,25.5050446238429,25.5870668306474,25.6485405982759,25.6331755985647,25.5306835914689,25.6280534222343,25.5306835914689,25.4126913524992,25.5563161681696,25.3818884725093
24.5208044790397,24.4327408682945,24.3394139906367,24.6708553211965,24.5052693701856,24.593270373703,24.7173779975772,24.598444539334,24.598444539334,24.5622198668973,24.4586498313649,24.5518675968447,24.5415142757223,24.6605140688826,24.6656848260024,24.6760255545029,24.5777463018912,24.6450002255868,24.5673956078683,24.4068253139224,24.6191385780148,24.6553430497988,24.5415142757223,24.5208044790397,24.4793722593216,24.4068253139224,24.4223754377718,24.5415142757223,24.3757179413665,24.3705324552306,24.3757179413665,24.4741920473867,24.5363372209139,24.417192326936,24.3446010620456,24.2460014642685,24.5311599032229,24.6036184425424,24.6139654618445,24.593270373703,24.6915346834782,24.4741920473867,24.4741920473867,24.6036184425424,24.7328808471969,24.6656848260024,24.7225458756109,24.7173779975772,24.7225458756109,24.7018727940562,24.6863652356057,24.7897045068028,24.6915346834782,24.7070414568379,24.7225458756109,24.6294840235847,24.6708553211965,24.68119552596,24.7380479408253,24.7948687272058,24.6760255545029,24.7225458756109,24.8051963851263,24.7638794888426,24.7587137017957,24.7328808471969,24.9496741564303,24.8206859153626,24.7948687272058,24.8155229994525,24.7432147730614,24.7897045068028,24.8051963851263,24.7897045068028,24.8258485704877,24.8258485704877,24.6863652356057,24.7432147730614,24.7690450146872,24.7173779975772,24.7380479408253,24.8206859153626,24.7587137017957,24.7690450146872,24.6760255545029,24.6760255545029,24.5052693701856,24.4949113154483,24.6243114319154,24.5777463018912,24.6346563530609,24.6346563530609,24.6191385780148,24.6553430497988,24.6501717687129,24.6553430497988,24.6656848260024,24.6553430497988,24.7225458756109,24.6708553211965,24.5725710861868,24.68119552596,24.6915346834782,24.6139654618445,24.68119552596,24.7948687272058,24.7173779975772,24.6863652356057,24.5829212550199,24.7483813439431,24.7897045068028,24.8206859153626,24.7070414568379,24.7483813439431,24.7845400253874,24.8413349715329,24.8258485704877,24.86197985757,24.9135738442187,24.7742102793675,24.8568190268782,24.7742102793675,24.7793752829217,24.8723007375455,24.8516579356668,24.8464965838976,24.7535476535085,24.7328808471969,24.7742102793675,24.7742102793675,24.9342041538485,24.8206859153626,24.8206859153626,24.8464965838976,24.7277134921382,24.8413349715329,24.7742102793675,24.86197985757,24.954830304227,24.7897045068028,24.8826205758957,24.8826205758957,24.8103598227198,24.7742102793675,24.7173779975772,24.6967038696157,24.7018727940562,24.8206859153626,24.8568190268782,24.9599861922213,24.9702971889533,24.9754522977662,24.9342041538485,24.9909160664447,24.9960701368761,24.6553430497988,24.7897045068028,24.8000326866343,24.8206859153626,24.8826205758957,24.8258485704877,24.7793752829217,24.7793752829217,24.8877801045559,24.8103598227198,24.9135738442187,24.8980983810354,24.918731811688,24.9496741564303,24.8826205758957,24.918731811688,24.9084156166453,24.8464965838976,24.9290469664651,24.8774607869049,24.8051963851263,24.9599861922213,24.8980983810354,24.7948687272058,24.8051963851263,24.7535476535085,24.8723007375455,25.0063774992726,24.918731811688,25.0939482126385,25.1299849929454,25.0063774992726,24.9599861922213,25.0012239478063,24.9599861922213,24.9342041538485,24.9702971889533,25.0475965748176,25.0784999971428,25.0218365972651,25.0784999971428,24.9084156166453,25.0012239478063,24.9960701368761,24.8206859153626,24.8000326866343,24.9445177487934,24.7638794888426,24.68119552596,24.7122098579989,24.8000326866343,24.7432147730614,24.836173098535,24.8155229994525,24.8310109648659,24.8568190268782,24.836173098535,24.8671404277798,24.9393610812787,24.9238895190908,25.0269891112523,24.9135738442187,25.0115307913128,25.1145422104357,25.0475965748176,25.2225928617629,25.4126913524992,25.3972910671794,25.3818884725093,25.4537474974415,25.5101729288625,25.4434849990752,25.4332214756594,25.3664835674914,25.5511901638832,25.5101729288625,25.5255563093646,25.5204287715866,25.5153009780981,25.5409373888032,25.5511901638832,25.4896581737131,25.4896581737131,25.3664835674914,25.4280893294658
24.3860881214467,24.5570438632356,24.4638308334468,24.5518675968447,24.6036184425424,24.6087920833666,24.6036184425424,24.593270373703,24.5777463018912,24.4690115721079,24.3238511901693,24.4897318933139,24.4897318933139,24.7328808471969,24.68119552596,24.5466910676864,24.6553430497988,24.4897318933139,24.5622198668973,24.5104480028654,24.4949113154483,24.5208044790397,24.525982322611,24.4897318933139,24.3860881214467,24.3705324552306,24.4690115721079,24.4638308334468,24.4638308334468,24.266767216777,24.4845522079513,24.3030970868713,24.4638308334468,24.2771485035319,24.3082860095273,24.3082860095273,24.2304243670388,24.5622198668973,24.5363372209139,24.5622198668973,24.5311599032229,24.5415142757223,24.4845522079513,24.5673956078683,24.5000904743927,24.6191385780148,24.6243114319154,24.6967038696157,24.7328808471969,24.7122098579989,24.7690450146872,24.68119552596,24.7122098579989,24.7122098579989,24.588095945611,24.6191385780148,24.6605140688826,24.6243114319154,24.6760255545029,24.836173098535,24.7070414568379,24.7587137017957,24.7070414568379,24.7742102793675,24.7432147730614,24.8000326866343,24.8000326866343,24.7948687272058,24.7690450146872,24.7897045068028,24.7173779975772,24.6087920833666,24.7277134921382,24.7948687272058,24.6501717687129,24.8206859153626,24.7793752829217,24.7380479408253,24.8826205758957,24.7380479408253,24.7225458756109,24.7845400253874,24.7070414568379,24.7793752829217,24.6501717687129,24.6294840235847,24.5829212550199,24.6501717687129,24.6243114319154,24.6605140688826,24.6760255545029,24.6708553211965,24.6656848260024,24.6863652356057,24.6915346834782,24.6450002255868,24.6605140688826,24.7948687272058,24.6294840235847,24.6915346834782,24.6605140688826,24.6863652356057,24.6915346834782,24.6036184425424,24.6398284203822,24.5570438632356,24.7587137017957,24.7845400253874,24.7225458756109,24.7742102793675,24.7432147730614,24.86197985757,24.7897045068028,24.8310109648659,24.8310109648659,24.7225458756109,24.8568190268782,24.8516579356668,24.7845400253874,24.8464965838976,24.8000326866343,24.954830304227,24.7793752829217,24.7690450146872,24.8671404277798,24.7380479408253,24.7793752829217,24.7948687272058,24.7535476535085,24.7690450146872,24.8206859153626,24.8980983810354,24.86197985757,24.8723007375455,24.86197985757,24.7948687272058,24.7432147730614,24.7793752829217,24.8000326866343,24.7897045068028,24.8155229994525,24.8258485704877,24.8413349715329,24.7483813439431,24.7948687272058,24.8000326866343,24.7070414568379,24.8671404277798,24.8774607869049,24.8103598227198,24.8877801045559,24.9445177487934,25.0012239478063,24.9857617364743,24.9909160664447,24.8877801045559,24.8516579356668,24.8929393729232,24.86197985757,24.8516579356668,24.7483813439431,24.7845400253874,24.8516579356668,24.7845400253874,24.918731811688,24.7793752829217,24.9032571289301,24.8929393729232,24.8464965838976,24.836173098535,24.9084156166453,24.9806071469274,24.8877801045559,24.8671404277798,24.8413349715329,24.8671404277798,24.836173098535,24.8929393729232,24.9032571289301,24.9290469664651,25.0269891112523,25.0218365972651,25.0012239478063,24.9960701368761,24.9445177487934,25.0733500742259,25.0063774992726,24.9702971889533,25.0424450977087,25.0887990663117,24.9393610812787,25.0733500742259,25.0115307913128,25.1505717504272,25.0269891112523,25.0475965748176,24.9290469664651,24.8671404277798,24.9032571289301,24.86197985757,24.9960701368761,24.954830304227,24.7432147730614,24.9135738442187,24.7742102793675,24.7173779975772,24.7587137017957,24.8568190268782,24.86197985757,24.8568190268782,24.8568190268782,24.954830304227,24.8671404277798,24.9806071469274,25.0012239478063,24.9496741564303,24.9084156166453,25.0115307913128,25.0681998923707,25.0681998923707,25.1351320700124,25.2945634334578,25.464008971053,25.464008971053,25.494787246305,25.5511901638832,25.5153009780981,25.4486163763711,25.5716926484544,25.5614419170025,25.5819423585322,25.5101729288625,25.5870668306474,25.5255563093646,25.5409373888032,25.5409373888032,25.5409373888032,25.5101729288625,25.4691393236678,25.5614419170025
24.5725710861868,24.4793722593216,24.5725710861868,24.5777463018912,24.5363372209139,24.5570438632356,24.7380479408253,24.4690115721079,24.5622198668973,24.5363372209139,24.4586498313649,24.4534685658236,24.4431052442089,24.6656848260024,24.6605140688826,24.598444539334,24.5829212550199,24.5156263724707,24.4793722593216,24.593270373703,24.525982322611,24.5466910676864,24.5311599032229,24.5000904743927,24.4897318933139,24.3601606905737,24.4690115721079,24.4690115721079,24.3757179413665,24.4793722593216,24.3912728154683,24.5052693701856,24.5208044790397,24.2563848704595,24.0797225681742,24.235616997893,24.3601606905737,24.5363372209139,24.6191385780148,24.6139654618445,24.4897318933139,24.4275582848784,24.4016414116675,24.598444539334,24.4638308334468,24.4741920473867,24.6501717687129,24.7173779975772,24.6450002255868,24.7122098579989,24.7070414568379,24.6450002255868,24.7018727940562,24.7122098579989,24.6553430497988,24.5673956078683,24.6605140688826,24.6139654618445,24.7277134921382,24.6915346834782,24.7122098579989,24.7070414568379,24.6967038696157,24.6760255545029,24.6398284203822,24.7225458756109,24.7793752829217,24.7483813439431,24.7483813439431,24.7638794888426,24.8051963851263,24.6605140688826,24.8155229994525,24.9084156166453,24.7122098579989,24.6915346834782,24.8206859153626,24.7948687272058,24.7380479408253,24.7380479408253,24.6863652356057,24.7483813439431,24.7638794888426,24.7225458756109,24.7122098579989,24.6605140688826,24.6605140688826,24.6656848260024,24.6760255545029,24.6139654618445,24.6760255545029,24.6863652356057,24.6191385780148,24.6450002255868,24.6863652356057,24.598444539334,24.6760255545029,24.68119552596,24.6243114319154,24.6915346834782,24.598444539334,24.7070414568379,24.7225458756109,24.7638794888426,24.8000326866343,24.593270373703,24.6243114319154,24.5415142757223,24.6863652356057,24.7328808471969,24.6967038696157,24.7845400253874,24.7793752829217,24.7948687272058,24.8413349715329,24.7897045068028,24.8464965838976,24.7587137017957,24.8774607869049,24.8258485704877,24.8826205758957,24.7845400253874,24.9135738442187,24.7483813439431,24.8206859153626,24.7948687272058,24.8206859153626,24.7690450146872,24.7742102793675,24.7483813439431,24.7483813439431,24.7432147730614,24.7948687272058,24.8206859153626,24.8464965838976,24.8310109648659,24.86197985757,24.7690450146872,24.7948687272058,24.8155229994525,24.8155229994525,24.8206859153626,24.7638794888426,24.7948687272058,24.5622198668973,24.8258485704877,24.8258485704877,24.8310109648659,24.8000326866343,24.8206859153626,24.9135738442187,24.918731811688,24.8980983810354,24.86197985757,24.8155229994525,24.7638794888426,24.8103598227198,24.8723007375455,24.8000326866343,24.8826205758957,24.7793752829217,24.6760255545029,24.6708553211965,24.8051963851263,24.7277134921382,24.7587137017957,24.8826205758957,24.8723007375455,24.836173098535,24.836173098535,24.8206859153626,24.918731811688,24.9342041538485,24.8980983810354,24.8774607869049,24.8206859153626,24.8258485704877,24.9084156166453,24.9238895190908,24.9032571289301,24.918731811688,24.9754522977662,25.0321413659635,24.9393610812787,24.8929393729232,25.0063774992726,25.0063774992726,25.0218365972651,25.0630494515398,24.9960701368761,25.0681998923707,24.9599861922213,24.9084156166453,24.8980983810354,25.0321413659635,24.8980983810354,24.9032571289301,24.9806071469274,24.9599861922213,24.8877801045559,24.9135738442187,24.9496741564303,24.9393610812787,24.7690450146872,24.7897045068028,24.7948687272058,24.8568190268782,24.8310109648659,24.9651418204509,24.8516579356668,24.9393610812787,24.8980983810354,25.0424450977087,24.9599861922213,24.8774607869049,25.0012239478063,24.9135738442187,25.0269891112523,25.0836496611589,25.0578987516956,25.1042457289643,25.2225928617629,25.3202549803643,25.4280893294658,25.4793992606996,25.4229569268991,25.5511901638832,25.5409373888032,25.4280893294658,25.4896581737131,25.4999160630027,25.5819423585322,25.5870668306474,25.4999160630027,25.4793992606996,25.4793992606996,25.5204287715866,25.4999160630027,25.5358106179362,25.3870229273887
24.525982322611,24.5622198668973,24.5466910676864,24.6501717687129,24.5829212550199,24.598444539334,24.6191385780148,24.7122098579989,24.5104480028654,24.5518675968447,24.4949113154483,24.4431052442089,24.4793722593216,24.5466910676864,24.7432147730614,24.6346563530609,24.6656848260024,24.525982322611,24.4586498313649,24.5570438632356,24.5570438632356,24.6191385780148,24.6139654618445,24.5156263724707,24.5104480028654,24.6087920833666,24.4845522079513,24.4068253139224,24.3601606905737,24.4741920473867,24.4793722593216,24.5725710861868,24.5156263724707,24.3860881214467,24.396457245529,24.3549744119754,24.3705324552306,24.5000904743927,24.6087920833666,24.6243114319154,24.5518675968447,24.4482870367845,24.5000904743927,24.5466910676864,24.2719579925803,24.4431052442089,24.68119552596,24.7122098579989,24.7018727940562,24.7793752829217,24.6708553211965,24.6915346834782,24.6967038696157,24.6398284203822,24.6760255545029,24.593270373703,24.6294840235847,24.6450002255868,24.7432147730614,24.7225458756109,24.8258485704877,24.6967038696157,24.6915346834782,24.68119552596,24.7018727940562,24.7277134921382,24.7483813439431,24.7845400253874,24.7483813439431,24.6501717687129,24.7535476535085,24.6553430497988,24.8103598227198,24.7845400253874,24.836173098535,24.8155229994525,24.6605140688826,24.7587137017957,24.7587137017957,24.7793752829217,24.9238895190908,24.7070414568379,24.7070414568379,24.7070414568379,24.7432147730614,24.6191385780148,24.5570438632356,24.5673956078683,24.6139654618445,24.6036184425424,24.7690450146872,24.7328808471969,24.5311599032229,24.5622198668973,24.5829212550199,24.5518675968447,24.6294840235847,24.6243114319154,24.5777463018912,24.6294840235847,24.6036184425424,24.6036184425424,24.5829212550199,24.68119552596,24.6398284203822,24.5777463018912,24.5156263724707,24.6863652356057,24.5725710861868,24.7432147730614,24.6915346834782,24.6656848260024,24.8000326866343,24.7173779975772,24.7122098579989,24.8464965838976,24.836173098535,24.6501717687129,24.8155229994525,24.8051963851263,24.8464965838976,24.6708553211965,24.7535476535085,24.7483813439431,24.7690450146872,24.8051963851263,24.8310109648659,24.7690450146872,24.7432147730614,24.7897045068028,24.8516579356668,24.8516579356668,24.8103598227198,24.7328808471969,24.7948687272058,24.9290469664651,24.7638794888426,24.7690450146872,24.7328808471969,24.7897045068028,24.7380479408253,24.7380479408253,24.7432147730614,24.7690450146872,24.6915346834782,24.7948687272058,24.836173098535,24.8155229994525,24.8051963851263,24.836173098535,24.7535476535085,24.8774607869049,24.9496741564303,24.8568190268782,24.8568190268782,24.8671404277798,24.8464965838976,24.8051963851263,24.8568190268782,24.8206859153626,24.7122098579989,24.7897045068028,24.7897045068028,24.7845400253874,24.8464965838976,24.7535476535085,24.7587137017957,24.7742102793675,24.8568190268782,24.8568190268782,24.9032571289301,24.8464965838976,24.8103598227198,24.8516579356668,24.9032571289301,24.7897045068028,24.8206859153626,24.8929393729232,24.8826205758957,24.8826205758957,24.9084156166453,24.9806071469274,24.9960701368761,24.9754522977662,25.0115307913128,25.0372933614365,25.0063774992726,24.9238895190908,24.9445177487934,24.9290469664651,24.9960701368761,24.9238895190908,24.9032571289301,25.0630494515398,25.0115307913128,24.9032571289301,24.9702971889533,24.8826205758957,24.9806071469274,25.1814441360816,24.9599861922213,24.8877801045559,24.836173098535,24.8051963851263,24.7535476535085,24.8568190268782,24.7948687272058,24.86197985757,24.8568190268782,24.8671404277798,24.8568190268782,24.9806071469274,24.8774607869049,25.0681998923707,24.9238895190908,24.9084156166453,24.9290469664651,24.9393610812787,25.0578987516956,25.0990971001769,25.0836496611589,25.0939482126385,25.4075581805922,25.4229569268991,25.4588783623232,25.4588783623232,25.5409373888032,25.5050446238429,25.5101729288625,25.5614419170025,25.4229569268991,25.5306835914689,25.5563161681696,25.5665674104186,25.5563161681696,25.4332214756594,25.5204287715866,25.4742694202044,25.4999160630027,25.4486163763711
24.5673956078683,24.5622198668973,24.5208044790397,24.6346563530609,24.6139654618445,24.6036184425424,24.6139654618445,24.5829212550199,24.6139654618445,24.5518675968447,24.5311599032229,24.4690115721079,24.4793722593216,24.5052693701856,24.5466910676864,24.6346563530609,24.593270373703,24.5466910676864,24.4431052442089,24.5725710861868,24.4845522079513,24.5673956078683,24.6450002255868,24.6087920833666,24.5311599032229,24.6087920833666,24.4275582848784,24.4638308334468,24.4741920473867,24.4120089523324,24.4586498313649,24.5311599032229,24.598444539334,24.3860881214467,24.4741920473867,24.4327408682945,24.4690115721079,24.5052693701856,24.4897318933139,24.4949113154483,24.4327408682945,24.4949113154483,24.4897318933139,24.4431052442089,24.4949113154483,24.4741920473867,24.6501717687129,24.7483813439431,24.8310109648659,24.6450002255868,24.6708553211965,24.6501717687129,24.6243114319154,24.7018727940562,24.5622198668973,24.4949113154483,24.6760255545029,24.5829212550199,24.6450002255868,24.6863652356057,24.8258485704877,24.6760255545029,24.7070414568379,24.6863652356057,24.7277134921382,24.7587137017957,24.8155229994525,24.9290469664651,24.7742102793675,24.7122098579989,24.7018727940562,24.7483813439431,24.7328808471969,24.7845400253874,24.7690450146872,24.8310109648659,24.7638794888426,24.7897045068028,24.7742102793675,24.7018727940562,24.8980983810354,24.8723007375455,24.7122098579989,24.7070414568379,24.6708553211965,24.5777463018912,24.6398284203822,24.6346563530609,24.6760255545029,24.6294840235847,24.7690450146872,24.6450002255868,24.7483813439431,24.5777463018912,24.6191385780148,24.5518675968447,24.8103598227198,24.6967038696157,24.593270373703,24.6656848260024,24.7018727940562,24.6863652356057,24.6294840235847,24.6036184425424,24.7122098579989,24.6243114319154,24.6036184425424,24.7277134921382,24.7638794888426,24.6760255545029,24.7793752829217,24.7690450146872,24.68119552596,24.8258485704877,24.8464965838976,24.8155229994525,24.7690450146872,24.8051963851263,24.8516579356668,24.6708553211965,24.8723007375455,24.7432147730614,24.7380479408253,24.7535476535085,24.8155229994525,24.8929393729232,24.7742102793675,24.8516579356668,24.7742102793675,24.8877801045559,24.8723007375455,24.8826205758957,24.8774607869049,24.7845400253874,24.7897045068028,24.8516579356668,24.8258485704877,24.7535476535085,24.7690450146872,24.86197985757,24.6656848260024,24.7793752829217,24.8155229994525,24.7225458756109,24.7380479408253,24.8671404277798,24.8000326866343,24.836173098535,24.8516579356668,24.7948687272058,24.7690450146872,24.8464965838976,24.918731811688,24.9135738442187,24.9599861922213,24.8464965838976,24.8258485704877,24.7587137017957,24.8413349715329,24.8310109648659,24.8000326866343,24.6346563530609,24.6760255545029,24.6605140688826,24.8051963851263,24.8671404277798,24.7483813439431,24.7793752829217,24.7638794888426,24.7742102793675,24.8464965838976,24.836173098535,24.9496741564303,24.8413349715329,24.9599861922213,24.9445177487934,24.954830304227,24.9032571289301,24.8464965838976,24.9393610812787,24.9702971889533,24.9702971889533,25.0063774992726,25.0269891112523,25.0424450977087,24.9290469664651,25.0115307913128,24.9342041538485,24.9599861922213,24.9754522977662,24.9135738442187,24.9135738442187,24.918731811688,24.9960701368761,25.0527477928007,24.9342041538485,24.9032571289301,24.8826205758957,25.0012239478063,24.9238895190908,24.9393610812787,24.9032571289301,24.954830304227,24.8516579356668,24.8206859153626,24.8155229994525,24.8671404277798,24.8723007375455,24.836173098535,24.918731811688,24.8723007375455,24.9135738442187,24.8310109648659,25.124837657352,24.9238895190908,24.9290469664651,24.9342041538485,25.0733500742259,25.0733500742259,25.2328774638867,25.0836496611589,25.3151171854302,25.4588783623232,25.5460639041067,25.5819423585322,25.5665674104186,25.4332214756594,25.4332214756594,25.4999160630027,25.5665674104186,25.5614419170025,25.7355656438188,25.5153009780981,25.5306835914689,25.4896581737131,25.5101729288625,25.5101729288625,25.4434849990752,25.464008971053,25.5050446238429
24.6087920833666,24.4897318933139,24.5518675968447,24.598444539334,24.6605140688826,24.6243114319154,24.6139654618445,24.417192326936,24.5518675968447,24.5622198668973,24.4793722593216,24.4327408682945,24.4275582848784,24.417192326936,24.3860881214467,24.6501717687129,24.6553430497988,24.3290390547373,24.4275582848784,24.4690115721079,24.4379231880585,24.5415142757223,24.5415142757223,24.5466910676864,24.5829212550199,24.5622198668973,24.4223754377718,24.4431052442089,24.3705324552306,24.4275582848784,24.6294840235847,24.593270373703,24.6243114319154,24.4793722593216,24.4016414116675,24.3394139906367,24.4897318933139,24.4949113154483,24.4741920473867,24.4949113154483,24.4534685658236,24.4534685658236,24.4275582848784,24.5156263724707,24.4016414116675,24.4793722593216,24.6708553211965,24.7793752829217,24.7587137017957,24.7122098579989,24.6346563530609,24.7225458756109,24.6915346834782,24.6656848260024,24.5363372209139,24.6191385780148,24.6087920833666,24.5622198668973,24.7070414568379,24.7018727940562,24.7173779975772,24.6760255545029,24.6501717687129,24.7070414568379,24.7173779975772,24.6294840235847,24.7690450146872,24.7432147730614,24.8671404277798,24.8155229994525,24.7277134921382,24.7535476535085,24.7742102793675,24.7690450146872,24.8206859153626,24.7742102793675,24.7535476535085,24.7742102793675,24.7587137017957,24.7742102793675,24.6605140688826,24.7122098579989,24.7070414568379,24.7018727940562,24.6139654618445,24.588095945611,24.6036184425424,24.6346563530609,24.6501717687129,24.6605140688826,24.7793752829217,24.5415142757223,24.5777463018912,24.6087920833666,24.6346563530609,24.5673956078683,24.6501717687129,24.6450002255868,24.6346563530609,24.6915346834782,24.6294840235847,24.6191385780148,24.6346563530609,24.68119552596,24.6708553211965,24.68119552596,24.7018727940562,24.7070414568379,24.6760255545029,24.6656848260024,24.68119552596,24.6915346834782,24.7897045068028,24.6760255545029,24.7948687272058,24.8000326866343,24.7638794888426,24.7483813439431,24.7173779975772,24.836173098535,24.86197985757,24.6915346834782,24.7173779975772,24.7587137017957,24.8206859153626,24.8568190268782,24.7225458756109,24.8723007375455,24.8258485704877,24.7535476535085,24.8516579356668,24.8155229994525,24.8206859153626,24.7638794888426,24.8516579356668,24.7845400253874,24.7225458756109,24.7225458756109,24.7070414568379,24.7122098579989,24.6501717687129,24.7742102793675,24.7897045068028,24.7742102793675,24.86197985757,24.7897045068028,24.8103598227198,24.8723007375455,24.9135738442187,24.836173098535,24.7380479408253,24.7897045068028,24.8413349715329,24.7638794888426,24.918731811688,24.7225458756109,24.7070414568379,24.7070414568379,24.8000326866343,24.836173098535,24.7018727940562,24.6967038696157,24.8051963851263,24.7587137017957,24.7897045068028,24.8103598227198,24.8774607869049,24.8671404277798,24.8774607869049,24.8568190268782,24.8413349715329,24.8464965838976,24.8310109648659,24.8516579356668,24.8774607869049,24.9599861922213,24.8516579356668,24.9084156166453,24.8929393729232,24.9032571289301,24.9496741564303,25.0012239478063,25.0269891112523,25.1093940990381,25.0218365972651,25.0269891112523,25.0990971001769,25.0990971001769,24.9496741564303,24.9857617364743,25.0115307913128,24.9909160664447,25.0887990663117,24.9445177487934,24.8258485704877,24.9651418204509,24.9290469664651,24.9032571289301,24.9393610812787,24.9651418204509,24.918731811688,24.9599861922213,24.9599861922213,24.8671404277798,24.86197985757,24.7432147730614,24.7638794888426,25.0527477928007,24.9651418204509,24.8929393729232,24.9445177487934,24.9496741564303,24.9599861922213,24.9599861922213,24.7690450146872,24.9290469664651,24.9909160664447,25.0166838239645,24.9342041538485,25.2225928617629,25.2791454175921,25.2894243522202,25.5255563093646,25.4486163763711,25.4332214756594,25.5460639041067,25.4280893294658,25.4486163763711,25.4537474974415,25.5050446238429,25.4896581737131,25.4999160630027,25.4691393236678,25.5614419170025,25.4332214756594,25.4896581737131,25.4896581737131,25.5255563093646,25.4075581805922,25.4126913524992
24.4223754377718,24.4638308334468,24.6243114319154,24.5363372209139,24.598444539334,24.593270373703,24.3549744119754,24.525982322611,24.5156263724707,24.525982322611,24.4223754377718,24.5363372209139,24.5570438632356,24.5104480028654,24.4897318933139,24.5311599032229,24.5622198668973,24.5415142757223,24.4482870367845,24.4431052442089,24.525982322611,24.5415142757223,24.3601606905737,24.525982322611,24.6346563530609,24.4223754377718,24.5622198668973,24.4845522079513,24.6087920833666,24.5311599032229,24.5622198668973,24.6501717687129,24.6450002255868,24.4482870367845,24.4690115721079,24.3342266548802,24.4949113154483,24.3290390547373,24.3653467049792,24.5000904743927,24.4482870367845,24.4327408682945,24.5052693701856,24.4741920473867,24.3757179413665,24.525982322611,24.6656848260024,24.6346563530609,24.7070414568379,24.7018727940562,24.7122098579989,24.6915346834782,24.5725710861868,24.593270373703,24.6243114319154,24.6501717687129,24.4845522079513,24.5622198668973,24.5570438632356,24.7225458756109,24.8568190268782,24.6605140688826,24.6863652356057,24.7328808471969,24.7587137017957,24.7380479408253,24.7483813439431,24.6294840235847,24.7690450146872,24.8206859153626,24.7793752829217,24.6760255545029,24.7277134921382,24.86197985757,24.7587137017957,24.7122098579989,24.7793752829217,24.7380479408253,24.7535476535085,24.6139654618445,24.7070414568379,24.7070414568379,24.6967038696157,24.7018727940562,24.68119552596,24.6294840235847,24.6553430497988,24.588095945611,24.6450002255868,24.6708553211965,24.525982322611,24.7018727940562,24.525982322611,24.5777463018912,24.5156263724707,24.5673956078683,24.6398284203822,24.5104480028654,24.6346563530609,24.7122098579989,24.6501717687129,24.7018727940562,24.5829212550199,24.5673956078683,24.6346563530609,24.6760255545029,24.7328808471969,24.6656848260024,24.7535476535085,24.6656848260024,24.6656848260024,24.6294840235847,24.6656848260024,24.8000326866343,24.7948687272058,24.7897045068028,24.6243114319154,24.7535476535085,24.6967038696157,24.7483813439431,24.6398284203822,24.7018727940562,24.7277134921382,24.7845400253874,24.6863652356057,24.7380479408253,24.7897045068028,24.8413349715329,24.7483813439431,24.7380479408253,24.8464965838976,24.8774607869049,24.7897045068028,24.7897045068028,24.7638794888426,24.7070414568379,24.7483813439431,24.7070414568379,24.7225458756109,24.7432147730614,24.7742102793675,24.6708553211965,24.7793752829217,24.8310109648659,24.8774607869049,24.7018727940562,24.8774607869049,24.8000326866343,24.9342041538485,24.7638794888426,24.7225458756109,24.68119552596,24.6656848260024,24.7483813439431,24.8413349715329,24.8516579356668,24.8310109648659,24.7587137017957,24.7277134921382,24.8464965838976,24.6915346834782,24.6294840235847,24.6967038696157,24.7793752829217,24.8051963851263,24.6553430497988,24.7587137017957,24.7793752829217,24.8310109648659,24.8671404277798,24.8464965838976,24.8516579356668,24.7432147730614,24.86197985757,24.836173098535,24.9445177487934,24.7793752829217,24.7483813439431,24.8723007375455,24.9032571289301,24.9496741564303,25.0218365972651,25.0166838239645,24.9857617364743,25.0115307913128,25.0166838239645,25.0063774992726,25.0784999971428,24.9702971889533,24.9342041538485,25.0063774992726,24.9135738442187,24.9857617364743,24.9290469664651,24.8516579356668,24.9135738442187,24.9599861922213,24.9496741564303,24.8877801045559,24.8774607869049,24.8929393729232,24.8877801045559,24.8980983810354,24.86197985757,24.8258485704877,24.7638794888426,24.8310109648659,24.9290469664651,24.9754522977662,24.8723007375455,24.954830304227,24.9599861922213,24.9445177487934,24.9342041538485,24.9393610812787,24.9702971889533,24.9651418204509,24.9496741564303,25.0424450977087,25.0990971001769,25.2842850136107,25.3716187925976,25.4075581805922,25.5153009780981,25.464008971053,25.3870229273887,25.5358106179362,25.4075581805922,25.5050446238429,25.4793992606996,25.5306835914689,25.4845288451903,25.4588783623232,25.4126913524992,25.5409373888032,25.5921910475291,25.5460639041067,25.4845288451903,25.4383533655169,25.3459400985342
24.6398284203822,24.593270373703,24.6398284203822,24.6450002255868,24.6243114319154,24.7277134921382,24.593270373703,24.5570438632356,24.5777463018912,24.6915346834782,24.5570438632356,24.5208044790397,24.5311599032229,24.525982322611,24.4016414116675,24.6036184425424,24.6243114319154,24.6139654618445,24.6243114319154,24.4845522079513,24.4638308334468,24.3342266548802,24.4482870367845,24.5829212550199,24.5518675968447,24.5104480028654,24.5363372209139,24.5466910676864,24.4845522079513,24.5570438632356,24.525982322611,24.5104480028654,24.6243114319154,24.6450002255868,24.5570438632356,24.3394139906367,24.4534685658236,24.4845522079513,24.3705324552306,24.3809031634257,24.4068253139224,24.5104480028654,24.5415142757223,24.3757179413665,24.3912728154683,24.6346563530609,24.6294840235847,24.7070414568379,24.7638794888426,24.6553430497988,24.7173779975772,24.6967038696157,24.6087920833666,24.6294840235847,24.5415142757223,24.5415142757223,24.5570438632356,24.5570438632356,24.7173779975772,24.6501717687129,24.7277134921382,24.68119552596,24.6656848260024,24.7173779975772,24.7018727940562,24.7948687272058,24.7277134921382,24.7432147730614,24.6553430497988,24.5622198668973,24.6346563530609,24.5104480028654,24.7018727940562,24.8051963851263,24.8051963851263,24.7483813439431,24.7948687272058,24.7225458756109,24.7483813439431,24.7070414568379,24.7432147730614,24.7018727940562,24.6967038696157,24.6915346834782,24.593270373703,24.588095945611,24.6398284203822,24.6605140688826,24.6708553211965,24.7070414568379,24.5415142757223,24.7173779975772,24.5725710861868,24.5104480028654,24.5415142757223,24.5673956078683,24.4431052442089,24.5725710861868,24.5466910676864,24.7070414568379,24.6346563530609,24.6346563530609,24.6139654618445,24.6398284203822,24.6450002255868,24.6243114319154,24.5829212550199,24.598444539334,24.6450002255868,24.6139654618445,24.6708553211965,24.6243114319154,24.6294840235847,24.7742102793675,24.7173779975772,24.7742102793675,24.6191385780148,24.7380479408253,24.7535476535085,24.7432147730614,24.6967038696157,24.7122098579989,24.6915346834782,24.6760255545029,24.6553430497988,24.7122098579989,24.6087920833666,24.6553430497988,24.7328808471969,24.8000326866343,24.7638794888426,24.7638794888426,24.8568190268782,24.7897045068028,24.7742102793675,24.7793752829217,24.7483813439431,24.7380479408253,24.7225458756109,24.6915346834782,24.6450002255868,24.6863652356057,24.7948687272058,24.7793752829217,24.8413349715329,24.7328808471969,24.7742102793675,24.86197985757,24.7742102793675,24.7587137017957,24.5570438632356,24.7483813439431,24.7018727940562,24.7277134921382,24.7793752829217,24.7793752829217,24.7638794888426,24.7018727940562,24.7742102793675,24.8206859153626,24.7277134921382,24.6139654618445,24.7328808471969,24.6450002255868,24.7845400253874,24.7328808471969,24.7948687272058,24.7948687272058,24.7948687272058,24.8464965838976,24.8774607869049,24.7380479408253,24.8413349715329,24.7948687272058,24.8103598227198,24.8568190268782,24.8258485704877,24.7690450146872,24.8774607869049,24.8929393729232,24.8774607869049,25.0012239478063,24.9857617364743,24.9084156166453,25.0321413659635,25.0321413659635,24.9393610812787,25.0218365972651,24.9909160664447,24.9754522977662,24.9857617364743,25.0115307913128,24.9806071469274,24.954830304227,24.9599861922213,24.9290469664651,24.8826205758957,24.8155229994525,24.9135738442187,24.8671404277798,24.9909160664447,24.8723007375455,24.8155229994525,24.8516579356668,24.8103598227198,24.7535476535085,24.7587137017957,24.7793752829217,24.8826205758957,24.9599861922213,24.9135738442187,24.9496741564303,24.8413349715329,24.9445177487934,24.954830304227,24.954830304227,25.0012239478063,25.0321413659635,24.9135738442187,25.2380193782588,25.2431610348875,25.2842850136107,25.3870229273887,25.5255563093646,25.5614419170025,25.5460639041067,25.4434849990752,25.5409373888032,25.4793992606996,25.4845288451903,25.4845288451903,25.5204287715866,25.5511901638832,25.5409373888032,25.5358106179362,25.4486163763711,25.4178242679226,25.4280893294658,25.3202549803643,25.3767537609245
24.7173779975772,24.5777463018912,24.6501717687129,24.6398284203822,24.7638794888426,24.6243114319154,24.593270373703,24.6139654618445,24.5104480028654,24.5518675968447,24.5725710861868,24.4690115721079,24.5363372209139,24.4897318933139,24.6036184425424,24.6656848260024,24.5622198668973,24.6760255545029,24.6863652356057,24.5311599032229,24.4482870367845,24.525982322611,24.525982322611,24.5829212550199,24.5466910676864,24.5466910676864,24.5311599032229,24.5466910676864,24.5518675968447,24.5363372209139,24.4586498313649,24.5673956078683,24.593270373703,24.6346563530609,24.6501717687129,24.4379231880585,24.4379231880585,24.4379231880585,24.4431052442089,24.3809031634257,24.396457245529,24.4223754377718,24.417192326936,24.4068253139224,24.4016414116675,24.525982322611,24.7122098579989,24.7173779975772,24.6398284203822,24.7742102793675,24.7483813439431,24.7122098579989,24.6294840235847,24.4793722593216,24.4482870367845,24.4690115721079,24.5466910676864,24.5622198668973,24.6708553211965,24.7173779975772,24.6605140688826,24.7173779975772,24.6656848260024,24.6087920833666,24.6139654618445,24.6036184425424,24.6398284203822,24.7277134921382,24.6398284203822,24.7380479408253,24.7225458756109,24.6501717687129,24.7018727940562,24.8051963851263,24.5622198668973,24.7897045068028,24.7380479408253,24.7070414568379,24.7122098579989,24.6967038696157,24.6863652356057,24.7122098579989,24.7070414568379,24.6863652356057,24.6967038696157,24.6346563530609,24.6036184425424,24.6605140688826,24.6760255545029,24.6760255545029,24.6760255545029,24.6501717687129,24.6915346834782,24.5156263724707,24.5777463018912,24.593270373703,24.5725710861868,24.6087920833666,24.6139654618445,24.6087920833666,24.6553430497988,24.6294840235847,24.6139654618445,24.6450002255868,24.6191385780148,24.6294840235847,24.6139654618445,24.6243114319154,24.6605140688826,24.6398284203822,24.6501717687129,24.6139654618445,24.7535476535085,24.6863652356057,24.6036184425424,24.6605140688826,24.7173779975772,24.7432147730614,24.6967038696157,24.7070414568379,24.6346563530609,24.6863652356057,24.6605140688826,24.6553430497988,24.7535476535085,24.68119552596,24.7277134921382,24.7122098579989,24.6967038696157,24.7690450146872,24.7225458756109,24.7897045068028,24.7173779975772,24.7277134921382,24.7690450146872,24.7587137017957,24.7018727940562,24.7328808471969,24.7070414568379,24.6346563530609,24.7638794888426,24.7690450146872,24.7948687272058,24.7690450146872,24.7587137017957,24.7122098579989,24.8310109648659,24.7638794888426,24.836173098535,24.8206859153626,24.7225458756109,24.9084156166453,24.86197985757,24.8258485704877,24.8258485704877,24.7638794888426,24.6863652356057,24.7897045068028,24.8000326866343,24.8310109648659,24.8413349715329,24.6553430497988,24.7948687272058,24.7948687272058,24.7328808471969,24.8051963851263,24.7845400253874,24.8103598227198,24.8877801045559,24.86197985757,24.8516579356668,24.8877801045559,24.8103598227198,24.8000326866343,24.8516579356668,24.9857617364743,24.7948687272058,24.8723007375455,24.8723007375455,24.8980983810354,24.8774607869049,24.9135738442187,25.0012239478063,25.0063774992726,25.0218365972651,25.0681998923707,25.0939482126385,25.0990971001769,24.9806071469274,25.0424450977087,25.0012239478063,25.0012239478063,24.9806071469274,24.8671404277798,24.9290469664651,24.9084156166453,24.8310109648659,24.8516579356668,24.8774607869049,24.8671404277798,24.8671404277798,24.8155229994525,24.8516579356668,24.8774607869049,24.7742102793675,24.7897045068028,24.7897045068028,24.7638794888426,24.9445177487934,24.9599861922213,24.9084156166453,24.9135738442187,24.954830304227,25.0630494515398,24.9032571289301,24.8929393729232,24.8723007375455,25.0321413659635,25.0269891112523,25.124837657352,25.3305297988212,25.3202549803643,25.4280893294658,25.4126913524992,25.4126913524992,25.5204287715866,25.4691393236678,25.3664835674914,25.3972910671794,25.4999160630027,25.4537474974415,25.4178242679226,25.5358106179362,25.5358106179362,25.5460639041067,25.4486163763711,25.4896581737131,25.5409373888032,25.4178242679226,25.4845288451903
24.5104480028654,24.4431052442089,24.4793722593216,24.4482870367845,24.7328808471969,24.6139654618445,24.6294840235847,24.598444539334,24.5466910676864,24.4845522079513,24.5570438632356,24.3757179413665,24.525982322611,24.4845522079513,24.5363372209139,24.5518675968447,24.5777463018912,24.7018727940562,24.5622198668973,24.5000904743927,24.4431052442089,24.4068253139224,24.4379231880585,24.4016414116675,24.4016414116675,24.5363372209139,24.6036184425424,24.5156263724707,24.5104480028654,24.4223754377718,24.5208044790397,24.5104480028654,24.4431052442089,24.5208044790397,24.5415142757223,24.4379231880585,24.3912728154683,24.3860881214467,24.4275582848784,24.4638308334468,24.4482870367845,24.4120089523324,24.417192326936,24.3497878691456,24.3809031634257,24.5311599032229,24.6294840235847,24.7380479408253,24.7277134921382,24.7277134921382,24.6501717687129,24.6294840235847,24.7535476535085,24.5673956078683,24.4379231880585,24.4845522079513,24.5622198668973,24.588095945611,24.5311599032229,24.7225458756109,24.5622198668973,24.6863652356057,24.6191385780148,24.6346563530609,24.6605140688826,24.7328808471969,24.6450002255868,24.593270373703,24.6863652356057,24.68119552596,24.6450002255868,24.6243114319154,24.8000326866343,24.6863652356057,24.6605140688826,24.6863652356057,24.6398284203822,24.7225458756109,24.6501717687129,24.7018727940562,24.68119552596,24.7122098579989,24.7380479408253,24.6398284203822,24.588095945611,24.6398284203822,24.6087920833666,24.6656848260024,24.5725710861868,24.5518675968447,24.5829212550199,24.5415142757223,24.6450002255868,24.6863652356057,24.5725710861868,24.5725710861868,24.6863652356057,24.7122098579989,24.6708553211965,24.6553430497988,24.6294840235847,24.598444539334,24.6191385780148,24.6243114319154,24.7948687272058,24.7690450146872,24.68119552596,24.6708553211965,24.6656848260024,24.6087920833666,24.7225458756109,24.6501717687129,24.6915346834782,24.6656848260024,24.6087920833666,24.6553430497988,24.7070414568379,24.5570438632356,24.6398284203822,24.7173779975772,24.68119552596,24.593270373703,24.6863652356057,24.7380479408253,24.7587137017957,24.6553430497988,24.6708553211965,24.6967038696157,24.836173098535,24.7173779975772,24.7380479408253,24.7070414568379,24.7328808471969,24.6760255545029,24.6605140688826,24.6967038696157,24.7070414568379,24.7122098579989,24.86197985757,24.6656848260024,24.7070414568379,24.7690450146872,24.6191385780148,24.836173098535,24.8310109648659,24.8310109648659,24.8103598227198,24.8723007375455,24.7277134921382,24.8568190268782,24.7483813439431,24.8568190268782,24.7535476535085,24.7948687272058,24.7018727940562,24.7432147730614,24.7483813439431,24.7897045068028,24.7638794888426,24.7638794888426,24.7432147730614,24.7432147730614,24.7587137017957,24.7587137017957,24.7742102793675,24.8258485704877,24.7483813439431,24.6863652356057,24.7845400253874,24.8980983810354,24.8258485704877,24.836173098535,24.7742102793675,24.8155229994525,24.7483813439431,24.7690450146872,24.8774607869049,24.7535476535085,24.7742102793675,24.86197985757,24.9599861922213,24.9032571289301,24.9960701368761,25.0115307913128,25.0063774992726,25.0424450977087,24.9702971889533,25.0218365972651,25.0424450977087,25.0630494515398,24.9238895190908,24.9857617364743,24.9651418204509,24.8671404277798,24.9342041538485,24.9496741564303,24.9032571289301,24.8000326866343,24.8103598227198,24.8516579356668,24.836173098535,24.8980983810354,24.8413349715329,24.8000326866343,24.8051963851263,24.7845400253874,24.7897045068028,24.7793752829217,24.8051963851263,24.8980983810354,24.8258485704877,24.8258485704877,24.9032571289301,24.9754522977662,24.9238895190908,24.86197985757,24.86197985757,25.0115307913128,25.1093940990381,25.1299849929454,25.3048408239653,25.3048408239653,25.3767537609245,25.3818884725093,25.4178242679226,25.3716187925976,25.4126913524992,25.3613480855689,25.4434849990752,25.3818884725093,25.464008971053,25.4178242679226,25.4178242679226,25.4383533655169,25.4537474974415,25.4280893294658,25.5563161681696,25.3818884725093,25.3921571255997,25.4126913524992
24.4431052442089,24.7380479408253,24.598444539334,24.5725710861868,24.6243114319154,24.6243114319154,24.6243114319154,24.593270373703,24.588095945611,24.6036184425424,24.5518675968447,24.6708553211965,24.4845522079513,24.4586498313649,24.5622198668973,24.5052693701856,24.588095945611,24.6087920833666,24.5415142757223,24.5311599032229,24.4690115721079,24.4482870367845,24.4534685658236,24.3912728154683,24.4016414116675,24.4586498313649,24.6139654618445,24.3757179413665,24.5156263724707,24.4431052442089,24.2875287310348,24.3912728154683,24.4275582848784,24.3342266548802,24.5311599032229,24.5777463018912,24.5777463018912,24.4897318933139,24.4431052442089,24.5415142757223,24.3860881214467,24.4016414116675,24.396457245529,24.4379231880585,24.3549744119754,24.3809031634257,24.5570438632356,24.7948687272058,24.7432147730614,24.7018727940562,24.8671404277798,24.7638794888426,24.7122098579989,24.7535476535085,24.5363372209139,24.6967038696157,24.6346563530609,24.6863652356057,24.7070414568379,24.6967038696157,24.9393610812787,24.7380479408253,24.7380479408253,24.6915346834782,24.6863652356057,24.6708553211965,24.7018727940562,24.6708553211965,24.7225458756109,24.5725710861868,24.7122098579989,24.6656848260024,24.6191385780148,24.6708553211965,24.7845400253874,24.6708553211965,24.7018727940562,24.7948687272058,24.6605140688826,24.6656848260024,24.6760255545029,24.7587137017957,24.5415142757223,24.6863652356057,24.5311599032229,24.6605140688826,24.5725710861868,24.5829212550199,24.5673956078683,24.6398284203822,24.5570438632356,24.5673956078683,24.5829212550199,24.6139654618445,24.5518675968447,24.5673956078683,24.6036184425424,24.6036184425424,24.7122098579989,24.6501717687129,24.6450002255868,24.7173779975772,24.7277134921382,24.6553430497988,24.7587137017957,24.7328808471969,24.6450002255868,24.7070414568379,24.7328808471969,24.7173779975772,24.6087920833666,24.7070414568379,24.6139654618445,24.7432147730614,24.68119552596,24.6967038696157,24.7277134921382,24.7277134921382,24.7638794888426,24.7225458756109,24.7122098579989,24.6139654618445,24.6915346834782,24.7070414568379,24.7070414568379,24.68119552596,24.68119552596,24.8051963851263,24.6708553211965,24.7122098579989,24.7277134921382,24.6915346834782,24.6708553211965,24.7897045068028,24.8051963851263,24.7070414568379,24.6398284203822,24.6450002255868,24.7122098579989,24.5363372209139,24.7225458756109,24.7328808471969,24.7845400253874,24.7380479408253,24.7173779975772,24.6708553211965,24.8516579356668,24.8774607869049,24.8774607869049,24.8671404277798,24.7845400253874,24.6760255545029,24.836173098535,24.7948687272058,24.7070414568379,24.7793752829217,24.8000326866343,24.8980983810354,24.7793752829217,24.7483813439431,24.7483813439431,24.7742102793675,24.7535476535085,24.7587137017957,24.8206859153626,24.7793752829217,24.7845400253874,24.7638794888426,24.8723007375455,24.8413349715329,24.8723007375455,24.8000326866343,24.7742102793675,24.7845400253874,24.8051963851263,24.8774607869049,24.8671404277798,24.7483813439431,24.7793752829217,24.8877801045559,24.9084156166453,24.8877801045559,25.0424450977087,24.9135738442187,25.0321413659635,25.0424450977087,25.0321413659635,25.0887990663117,25.0733500742259,25.1145422104357,25.0475965748176,25.0115307913128,25.0063774992726,24.8671404277798,24.8929393729232,24.8671404277798,25.0475965748176,24.9702971889533,24.8206859153626,24.8516579356668,24.8000326866343,24.8826205758957,24.8826205758957,24.8826205758957,24.8206859153626,24.8155229994525,24.7948687272058,24.8826205758957,24.6760255545029,24.9599861922213,24.8826205758957,24.9393610812787,24.9084156166453,25.0321413659635,24.8671404277798,25.0424450977087,25.0321413659635,25.0115307913128,25.0527477928007,25.1042457289643,25.2791454175921,25.4742694202044,25.4434849990752,25.3818884725093,25.4537474974415,25.5204287715866,25.3664835674914,25.4845288451903,25.4793992606996,25.4434849990752,25.4691393236678,25.4024247521646,25.4383533655169,25.4332214756594,25.4434849990752,25.5665674104186,25.4486163763711,25.4024247521646,25.4024247521646,25.3408035889768
24.5363372209139,24.525982322611,24.68119552596,24.5208044790397,24.525982322611,24.5518675968447,24.5415142757223,24.4949113154483,24.6398284203822,24.5311599032229,24.4741920473867,24.4120089523324,24.3549744119754,24.4845522079513,24.5311599032229,24.5673956078683,24.6191385780148,24.5363372209139,24.5156263724707,24.4793722593216,24.3446010620456,24.5000904743927,24.4275582848784,24.3238511901693,24.4223754377718,24.4482870367845,24.4949113154483,24.5156263724707,24.396457245529,24.4534685658236,24.4897318933139,24.3860881214467,24.313474667603,24.4327408682945,24.4431052442089,24.4534685658236,24.5363372209139,24.4482870367845,24.5570438632356,24.4949113154483,24.2823387496704,24.4068253139224,24.3705324552306,24.3912728154683,24.3860881214467,24.4275582848784,24.5000904743927,24.6760255545029,24.7328808471969,24.7432147730614,24.7380479408253,24.598444539334,24.7173779975772,24.588095945611,24.6346563530609,24.5777463018912,24.588095945611,24.5156263724707,24.6553430497988,24.5311599032229,24.6915346834782,24.5311599032229,24.7122098579989,24.6398284203822,24.6553430497988,24.7638794888426,24.7690450146872,24.7690450146872,24.6501717687129,24.6605140688826,24.6346563530609,24.6087920833666,24.6087920833666,24.7587137017957,24.7742102793675,24.7638794888426,24.7793752829217,24.7018727940562,24.7018727940562,24.7380479408253,24.7225458756109,24.6967038696157,24.8464965838976,24.6656848260024,24.588095945611,24.6243114319154,24.6087920833666,24.5777463018912,24.5725710861868,24.6398284203822,24.6243114319154,24.6191385780148,24.525982322611,24.5622198668973,24.6243114319154,24.6346563530609,24.5518675968447,24.7173779975772,24.6294840235847,24.5673956078683,24.588095945611,24.7742102793675,24.6915346834782,24.5673956078683,24.7483813439431,24.6708553211965,24.6967038696157,24.7173779975772,24.6605140688826,24.6915346834782,24.6553430497988,24.86197985757,24.6346563530609,24.7277134921382,24.6656848260024,24.7380479408253,24.7277134921382,24.7277134921382,24.7587137017957,24.8155229994525,24.7328808471969,24.7018727940562,24.6656848260024,24.7328808471969,24.7018727940562,24.7122098579989,24.6760255545029,24.6967038696157,24.6501717687129,24.6553430497988,24.68119552596,24.6915346834782,24.6605140688826,24.8258485704877,24.8155229994525,24.7070414568379,24.8000326866343,24.7483813439431,24.6450002255868,24.7328808471969,24.7793752829217,24.7948687272058,24.7432147730614,24.8258485704877,24.6915346834782,24.7277134921382,24.7018727940562,24.7483813439431,24.8103598227198,24.8310109648659,24.8206859153626,24.8826205758957,24.8929393729232,24.7018727940562,24.8000326866343,24.7845400253874,24.7328808471969,24.7328808471969,24.6760255545029,24.7432147730614,24.7793752829217,24.6036184425424,24.7638794888426,24.8155229994525,24.7948687272058,24.7793752829217,24.7122098579989,24.7225458756109,24.7793752829217,24.7742102793675,24.7638794888426,24.8310109648659,24.7742102793675,24.7845400253874,24.7742102793675,24.9032571289301,24.7742102793675,24.8877801045559,24.8826205758957,24.8671404277798,24.8155229994525,24.8877801045559,24.8877801045559,24.8464965838976,24.9651418204509,25.0475965748176,24.9754522977662,25.0527477928007,25.0527477928007,25.0475965748176,24.9651418204509,24.9857617364743,25.0012239478063,25.0115307913128,24.8671404277798,24.8310109648659,24.836173098535,24.8723007375455,24.8671404277798,24.7897045068028,24.7948687272058,24.9032571289301,24.9032571289301,24.8774607869049,24.8155229994525,24.8206859153626,24.6605140688826,24.8671404277798,24.8929393729232,24.86197985757,24.9032571289301,24.8929393729232,24.9393610812787,24.8929393729232,24.8671404277798,24.9651418204509,24.9496741564303,24.9857617364743,25.0887990663117,25.1505717504272,25.2071640245704,25.3151171854302,25.464008971053,25.4845288451903,25.3921571255997,25.4793992606996,25.4793992606996,25.5204287715866,25.3972910671794,25.4793992606996,25.4691393236678,25.4383533655169,25.4486163763711,25.5358106179362,25.4383533655169,25.4332214756594,25.464008971053,25.3870229273887,25.3716187925976,25.3972910671794
24.6346563530609,24.525982322611,24.6346563530609,24.5104480028654,24.6087920833666,24.6294840235847,24.5725710861868,24.525982322611,24.5777463018912,24.5725710861868,24.5052693701856,24.4275582848784,24.4431052442089,24.5052693701856,24.3860881214467,24.5311599032229,24.5208044790397,24.4690115721079,24.4120089523324,24.3912728154683,24.4638308334468,24.4845522079513,24.313474667603,24.396457245529,24.4120089523324,24.3653467049792,24.3446010620456,24.5000904743927,24.3705324552306,24.4223754377718,24.2979078995965,24.5466910676864,24.4379231880585,24.4120089523324,24.5570438632356,24.5829212550199,24.588095945611,24.5208044790397,24.6036184425424,24.3809031634257,24.2875287310348,24.3082860095273,24.4016414116675,24.4534685658236,24.3809031634257,24.5052693701856,24.3809031634257,24.7122098579989,24.7690450146872,24.7483813439431,24.7173779975772,24.7328808471969,24.7483813439431,24.7070414568379,24.6450002255868,24.4845522079513,24.5415142757223,24.6605140688826,24.5829212550199,24.6139654618445,24.7277134921382,24.6346563530609,24.7122098579989,24.6398284203822,24.6450002255868,24.6760255545029,24.8310109648659,24.6398284203822,24.6915346834782,24.598444539334,24.6191385780148,24.6346563530609,24.6243114319154,24.7070414568379,24.6863652356057,24.7742102793675,24.7483813439431,24.7845400253874,24.7018727940562,24.6760255545029,24.7948687272058,24.7380479408253,24.7225458756109,24.5673956078683,24.5673956078683,24.6191385780148,24.6191385780148,24.6191385780148,24.6036184425424,24.593270373703,24.6501717687129,24.6708553211965,24.6398284203822,24.6760255545029,24.6087920833666,24.8464965838976,24.7432147730614,24.6605140688826,24.6760255545029,24.7018727940562,24.593270373703,24.7225458756109,24.7277134921382,24.588095945611,24.5570438632356,24.7690450146872,24.7122098579989,24.7070414568379,24.6863652356057,24.7587137017957,24.7225458756109,24.7483813439431,24.7483813439431,24.7432147730614,24.7432147730614,24.7742102793675,24.6760255545029,24.7070414568379,24.7793752829217,24.7277134921382,24.6243114319154,24.7225458756109,24.7328808471969,24.6656848260024,24.6915346834782,24.7070414568379,24.7793752829217,24.7587137017957,24.6863652356057,24.7328808471969,24.8568190268782,24.6656848260024,24.7845400253874,24.7328808471969,24.68119552596,24.7432147730614,24.7897045068028,24.6967038696157,24.7432147730614,24.836173098535,24.7845400253874,24.8516579356668,24.8155229994525,24.7483813439431,24.7380479408253,24.7535476535085,24.6346563530609,24.7535476535085,24.8980983810354,24.8051963851263,24.7432147730614,24.7535476535085,24.8258485704877,24.7225458756109,24.6967038696157,24.7277134921382,24.7638794888426,24.7483813439431,24.7173779975772,24.7328808471969,24.7328808471969,24.7793752829217,24.7690450146872,24.7638794888426,24.8051963851263,24.7948687272058,24.8774607869049,24.7742102793675,24.7793752829217,24.8310109648659,24.8155229994525,24.8206859153626,24.8103598227198,24.7948687272058,24.9393610812787,24.8155229994525,24.8723007375455,24.8464965838976,24.7587137017957,24.918731811688,24.8103598227198,25.0424450977087,24.9702971889533,24.8671404277798,24.9238895190908,25.0218365972651,25.0218365972651,24.9135738442187,25.0475965748176,25.1042457289643,25.0372933614365,25.0372933614365,25.0372933614365,24.9702971889533,24.9496741564303,24.954830304227,24.9342041538485,24.8413349715329,24.8310109648659,24.8568190268782,24.8980983810354,24.8413349715329,24.9135738442187,24.8206859153626,24.8051963851263,24.6760255545029,24.8258485704877,24.8774607869049,24.8155229994525,24.86197985757,24.9135738442187,24.8774607869049,24.9496741564303,24.7070414568379,24.7948687272058,24.8516579356668,24.8980983810354,25.0321413659635,25.0887990663117,25.2174501739369,25.1814441360816,25.3716187925976,25.3767537609245,25.4486163763711,25.4999160630027,25.4896581737131,25.5101729288625,25.3716187925976,25.3870229273887,25.5050446238429,25.4537474974415,25.5306835914689,25.4999160630027,25.4793992606996,25.4126913524992,25.4332214756594,25.4691393236678,25.4075581805922,25.3562123467933,25.4793992606996
24.6087920833666,24.598444539334,24.5000904743927,24.5052693701856,24.5570438632356,24.5052693701856,24.6450002255868,24.6656848260024,24.593270373703,24.6087920833666,24.4534685658236,24.4379231880585,24.4431052442089,24.4379231880585,24.3653467049792,24.4482870367845,24.3705324552306,24.396457245529,24.3549744119754,24.3030970868713,24.3238511901693,24.3238511901693,24.4016414116675,24.4534685658236,24.3912728154683,24.4068253139224,24.4534685658236,24.3290390547373,24.4897318933139,24.4016414116675,24.3290390547373,24.4379231880585,24.4016414116675,24.4275582848784,24.5156263724707,24.5518675968447,24.588095945611,24.525982322611,24.5777463018912,24.4534685658236,24.4379231880585,24.4586498313649,24.4638308334468,24.3290390547373,24.3912728154683,24.4897318933139,24.3809031634257,24.5777463018912,24.588095945611,24.7070414568379,24.7638794888426,24.7328808471969,24.6243114319154,24.5415142757223,24.593270373703,24.6191385780148,24.6863652356057,24.6501717687129,24.6656848260024,24.6863652356057,24.6346563530609,24.7173779975772,24.6553430497988,24.6243114319154,24.525982322611,24.5466910676864,24.593270373703,24.7225458756109,24.7225458756109,24.7173779975772,24.6294840235847,24.6036184425424,24.8051963851263,24.6656848260024,24.7845400253874,24.7483813439431,24.7018727940562,24.7070414568379,24.7225458756109,24.7328808471969,24.7535476535085,24.7277134921382,24.8568190268782,24.6450002255868,24.5777463018912,24.5777463018912,24.6398284203822,24.5725710861868,24.5673956078683,24.4638308334468,24.5829212550199,24.6398284203822,24.5829212550199,24.6036184425424,24.6605140688826,24.7380479408253,24.7225458756109,24.7277134921382,24.5725710861868,24.6915346834782,24.6605140688826,24.5777463018912,24.6450002255868,24.6708553211965,24.593270373703,24.5829212550199,24.5777463018912,24.8000326866343,24.7122098579989,24.6967038696157,24.6139654618445,24.6605140688826,24.7018727940562,24.7070414568379,24.6605140688826,24.7690450146872,24.7122098579989,24.7587137017957,24.7277134921382,24.7018727940562,24.8000326866343,24.7277134921382,24.8000326866343,24.8206859153626,24.6501717687129,24.7173779975772,24.7225458756109,24.7173779975772,24.6967038696157,24.7018727940562,24.7122098579989,24.7225458756109,24.7742102793675,24.68119552596,24.6760255545029,24.68119552596,24.8155229994525,24.7638794888426,24.8568190268782,24.8000326866343,24.7380479408253,24.7483813439431,24.836173098535,24.7380479408253,24.8051963851263,24.6243114319154,24.6346563530609,24.7793752829217,24.7742102793675,24.8000326866343,24.8000326866343,24.8155229994525,24.7897045068028,24.8258485704877,24.6967038696157,24.8826205758957,24.7638794888426,24.7122098579989,24.6036184425424,24.8000326866343,24.8051963851263,24.8206859153626,24.836173098535,24.7897045068028,24.836173098535,24.8155229994525,24.8464965838976,24.8826205758957,24.9032571289301,24.7380479408253,24.7432147730614,24.7638794888426,24.7173779975772,24.9135738442187,24.8155229994525,24.8826205758957,24.8877801045559,24.86197985757,24.8310109648659,24.9651418204509,24.9084156166453,24.9032571289301,24.8877801045559,24.8826205758957,24.8826205758957,24.9857617364743,25.0372933614365,25.0321413659635,25.0269891112523,25.0321413659635,24.9342041538485,25.0424450977087,25.0218365972651,25.0321413659635,24.9393610812787,25.0372933614365,24.9393610812787,24.9651418204509,24.8516579356668,24.836173098535,24.8155229994525,24.8000326866343,24.8568190268782,24.9032571289301,24.8774607869049,24.7793752829217,24.8258485704877,24.9238895190908,24.8155229994525,24.9084156166453,24.836173098535,24.9393610812787,24.9084156166453,24.9342041538485,24.8568190268782,24.8568190268782,24.9290469664651,24.9135738442187,24.918731811688,25.0475965748176,25.1711543738743,25.3664835674914,25.3716187925976,25.3664835674914,25.4280893294658,25.4229569268991,25.4229569268991,25.4280893294658,25.5819423585322,25.4845288451903,25.464008971053,25.4845288451903,25.4178242679226,25.4845288451903,25.4434849990752,25.4742694202044,25.494787246305,25.4588783623232,25.3818884725093,25.4280893294658
24.6708553211965,24.5363372209139,24.6139654618445,24.5673956078683,24.5415142757223,24.6036184425424,24.4897318933139,24.588095945611,24.5466910676864,24.5829212550199,24.4327408682945,24.4327408682945,24.5466910676864,24.4016414116675,24.4120089523324,24.5000904743927,24.4223754377718,24.4068253139224,24.3394139906367,24.3446010620456,24.4638308334468,24.4586498313649,24.4431052442089,24.3290390547373,24.3186630611374,24.3860881214467,24.4690115721079,24.5000904743927,24.4845522079513,24.5363372209139,24.4949113154483,24.5156263724707,24.4586498313649,24.4327408682945,24.5052693701856,24.5311599032229,24.6967038696157,24.5311599032229,24.4586498313649,24.4949113154483,24.4482870367845,24.4068253139224,24.5000904743927,24.2979078995965,24.3653467049792,24.3757179413665,24.2979078995965,24.4068253139224,24.5829212550199,24.7173779975772,24.7535476535085,24.7328808471969,24.7380479408253,24.7070414568379,24.7018727940562,24.6967038696157,24.7432147730614,24.6967038696157,24.7070414568379,24.8103598227198,24.7122098579989,24.6553430497988,24.6346563530609,24.6346563530609,24.6501717687129,24.6708553211965,24.6398284203822,24.7587137017957,24.7122098579989,24.6294840235847,24.6139654618445,24.6087920833666,24.7483813439431,24.7122098579989,24.7845400253874,24.7897045068028,24.6967038696157,24.7587137017957,24.7845400253874,24.8000326866343,24.7638794888426,24.7432147730614,24.6191385780148,24.6760255545029,24.5673956078683,24.6294840235847,24.593270373703,24.5673956078683,24.525982322611,24.5673956078683,24.6450002255868,24.5725710861868,24.6760255545029,24.6346563530609,24.5777463018912,24.6553430497988,24.7328808471969,24.7122098579989,24.5829212550199,24.5829212550199,24.6553430497988,24.6243114319154,24.6087920833666,24.6087920833666,24.6708553211965,24.6708553211965,24.7742102793675,24.6863652356057,24.7018727940562,24.6450002255868,24.588095945611,24.5673956078683,24.6139654618445,24.7587137017957,24.7483813439431,24.7483813439431,24.8051963851263,24.7380479408253,24.7587137017957,24.7432147730614,24.7483813439431,24.7380479408253,24.7845400253874,24.7638794888426,24.7328808471969,24.7277134921382,24.7173779975772,24.6915346834782,24.7277134921382,24.7173779975772,24.7690450146872,24.7018727940562,24.7845400253874,24.7742102793675,24.7277134921382,24.7845400253874,24.7845400253874,24.7742102793675,24.8671404277798,24.7122098579989,24.7432147730614,24.7432147730614,24.7432147730614,24.8258485704877,24.6243114319154,24.6760255545029,24.6294840235847,24.7948687272058,24.9032571289301,24.8980983810354,24.9135738442187,24.8051963851263,24.7742102793675,24.7328808471969,24.8103598227198,24.8516579356668,24.7173779975772,24.8310109648659,24.8155229994525,24.7225458756109,24.7638794888426,24.8671404277798,24.7793752829217,24.8877801045559,24.8980983810354,24.836173098535,24.8310109648659,24.8000326866343,24.8051963851263,24.8155229994525,24.8155229994525,24.7432147730614,24.7380479408253,24.8464965838976,24.8723007375455,24.9496741564303,24.8877801045559,24.9032571289301,24.9393610812787,24.8877801045559,24.9754522977662,24.8980983810354,24.9032571289301,24.9084156166453,25.0321413659635,25.0012239478063,24.9290469664651,25.0321413659635,24.918731811688,25.0424450977087,25.0269891112523,25.0115307913128,24.9857617364743,25.2123072282184,24.9960701368761,25.0424450977087,24.9702971889533,24.8826205758957,25.0012239478063,24.8516579356668,24.8723007375455,24.7742102793675,24.9342041538485,24.9599861922213,24.8568190268782,24.8774607869049,24.9445177487934,24.8310109648659,24.8826205758957,24.8723007375455,24.8568190268782,24.8516579356668,24.8774607869049,24.8826205758957,24.9342041538485,24.8723007375455,24.8877801045559,25.0475965748176,25.0475965748176,25.0527477928007,25.3664835674914,25.2894243522202,25.4896581737131,25.4486163763711,25.5101729288625,25.4691393236678,25.4742694202044,25.4896581737131,25.4691393236678,25.5819423585322,25.4793992606996,25.4845288451903,25.4742694202044,25.494787246305,25.6741438357205,25.4896581737131,25.494787246305,25.5204287715866,25.4845288451903,25.4178242679226
24.4897318933139,24.6501717687129,24.6656848260024,24.5673956078683,24.4586498313649,24.3809031634257,24.3757179413665,24.5518675968447,24.4120089523324,24.4120089523324,24.4068253139224,24.3186630611374,24.3653467049792,24.2927184476639,24.3186630611374,24.417192326936,24.4897318933139,24.4068253139224,24.3601606905737,24.3342266548802,24.4534685658236,24.593270373703,24.4223754377718,24.4223754377718,24.4379231880585,24.4534685658236,24.3705324552306,24.1888737710728,24.3186630611374,24.4793722593216,24.3757179413665,24.4223754377718,24.4690115721079,24.4327408682945,24.4327408682945,24.4638308334468,24.5466910676864,24.5000904743927,24.4845522079513,24.4793722593216,24.4379231880585,24.4379231880585,24.5104480028654,24.4120089523324,24.3757179413665,24.3860881214467,24.4741920473867,24.5777463018912,24.6967038696157,24.8774607869049,24.8206859153626,24.7070414568379,24.6346563530609,24.6656848260024,24.6863652356057,24.6656848260024,24.7018727940562,24.7742102793675,24.6863652356057,24.7122098579989,24.6760255545029,24.7122098579989,24.6605140688826,24.6346563530609,24.6191385780148,24.6760255545029,24.7483813439431,24.7225458756109,24.6760255545029,24.8051963851263,24.7483813439431,24.7173779975772,24.7122098579989,24.8258485704877,24.7742102793675,24.7277134921382,24.68119552596,24.7277134921382,24.8310109648659,24.7277134921382,24.7122098579989,24.6553430497988,24.7587137017957,24.6967038696157,24.5725710861868,24.598444539334,24.6139654618445,24.588095945611,24.5829212550199,24.6036184425424,24.588095945611,24.6501717687129,24.6398284203822,24.6967038696157,24.5466910676864,24.588095945611,24.7277134921382,24.7483813439431,24.593270373703,24.7018727940562,24.6243114319154,24.7380479408253,24.7070414568379,24.8155229994525,24.68119552596,24.6915346834782,24.7173779975772,24.7742102793675,24.6501717687129,24.68119552596,24.6760255545029,24.5570438632356,24.7380479408253,24.8206859153626,24.8103598227198,24.8155229994525,24.7225458756109,24.6863652356057,24.7328808471969,24.7535476535085,24.7328808471969,24.7845400253874,24.8000326866343,24.7122098579989,24.7122098579989,24.7897045068028,24.7328808471969,24.6863652356057,24.8206859153626,24.6139654618445,24.598444539334,24.8258485704877,24.6915346834782,24.7897045068028,24.7432147730614,24.8723007375455,24.8516579356668,24.8051963851263,24.8310109648659,24.7897045068028,24.8155229994525,24.7483813439431,24.8826205758957,24.8671404277798,24.7070414568379,24.6863652356057,24.6605140688826,24.7225458756109,24.7535476535085,24.8258485704877,24.8568190268782,24.9032571289301,24.7897045068028,24.8258485704877,24.7793752829217,24.8568190268782,24.8464965838976,24.7742102793675,24.8206859153626,24.8206859153626,24.7587137017957,24.8051963851263,24.7690450146872,24.8310109648659,24.8258485704877,24.8723007375455,24.8929393729232,24.8671404277798,24.8413349715329,24.8413349715329,24.8000326866343,24.7587137017957,24.836173098535,24.7690450146872,24.7845400253874,24.8413349715329,24.8310109648659,24.8206859153626,24.7948687272058,24.7897045068028,24.8877801045559,24.954830304227,24.918731811688,24.8980983810354,24.8877801045559,24.9599861922213,25.0424450977087,25.0321413659635,25.0475965748176,25.0321413659635,25.0063774992726,25.0218365972651,24.9651418204509,24.9342041538485,25.0218365972651,24.9754522977662,25.0527477928007,24.8929393729232,24.8671404277798,24.8671404277798,24.8516579356668,24.8723007375455,24.9496741564303,24.9599861922213,24.8206859153626,24.6915346834782,24.8310109648659,24.9084156166453,24.8413349715329,24.8310109648659,24.8310109648659,24.954830304227,24.8929393729232,24.86197985757,24.8671404277798,24.9135738442187,24.9651418204509,24.9599861922213,25.0990971001769,24.9909160664447,25.2842850136107,25.1968768433364,25.3767537609245,25.4126913524992,25.3972910671794,25.464008971053,25.4383533655169,25.4588783623232,25.5255563093646,25.5153009780981,25.5563161681696,25.5819423585322,25.4845288451903,25.5614419170025,25.669023697602,25.5204287715866,25.5665674104186,25.4896581737131,25.4434849990752,25.5101729288625
24.5466910676864,24.4845522079513,24.588095945611,24.5673956078683,24.5725710861868,24.5052693701856,24.3082860095273,24.3860881214467,24.5518675968447,24.5673956078683,24.4327408682945,24.3290390547373,24.3030970868713,24.3186630611374,24.2875287310348,24.3394139906367,24.417192326936,24.4275582848784,24.3860881214467,24.4016414116675,24.6656848260024,24.4327408682945,24.4275582848784,24.5673956078683,24.4379231880585,24.4327408682945,24.5311599032229,24.3601606905737,24.3912728154683,24.3549744119754,24.2875287310348,24.5622198668973,24.4586498313649,24.4327408682945,24.5156263724707,24.5725710861868,24.6191385780148,24.4638308334468,24.3446010620456,24.3601606905737,24.4690115721079,24.4741920473867,24.417192326936,24.5208044790397,24.4793722593216,24.3601606905737,24.4741920473867,24.4690115721079,24.6967038696157,24.7638794888426,24.6915346834782,24.7225458756109,24.7173779975772,24.7122098579989,24.6036184425424,24.7173779975772,24.6346563530609,24.6450002255868,24.6605140688826,24.6656848260024,24.68119552596,24.8051963851263,24.7018727940562,24.7845400253874,24.593270373703,24.68119552596,24.7793752829217,24.7277134921382,24.7122098579989,24.6863652356057,24.6915346834782,24.8258485704877,24.6967038696157,24.68119552596,24.68119552596,24.8155229994525,24.8258485704877,24.7070414568379,24.7742102793675,24.7638794888426,24.7380479408253,24.8000326866343,24.7380479408253,24.6346563530609,24.7225458756109,24.6863652356057,24.6346563530609,24.6036184425424,24.5829212550199,24.6087920833666,24.7535476535085,24.7587137017957,24.7277134921382,24.7328808471969,24.6967038696157,24.7225458756109,24.7277134921382,24.7483813439431,24.68119552596,24.7122098579989,24.7587137017957,24.6501717687129,24.6760255545029,24.5777463018912,24.6139654618445,24.6553430497988,24.7742102793675,24.6450002255868,24.6915346834782,24.7225458756109,24.6346563530609,24.7328808471969,24.7225458756109,24.7483813439431,24.7742102793675,24.7328808471969,24.8206859153626,24.6398284203822,24.7432147730614,24.6915346834782,24.7742102793675,24.6605140688826,24.7897045068028,24.7328808471969,24.7173779975772,24.7845400253874,24.6243114319154,24.6863652356057,24.7845400253874,24.7535476535085,24.6501717687129,24.7122098579989,24.6863652356057,24.836173098535,24.7277134921382,24.8413349715329,24.8103598227198,24.8310109648659,24.8206859153626,24.7897045068028,24.8258485704877,24.836173098535,24.9084156166453,24.7638794888426,24.7432147730614,24.6450002255868,24.6656848260024,24.6915346834782,24.6915346834782,24.8155229994525,24.8258485704877,24.7897045068028,24.7587137017957,24.7845400253874,24.7742102793675,24.8310109648659,24.68119552596,24.7122098579989,24.7483813439431,24.6760255545029,24.8155229994525,24.9238895190908,24.7897045068028,24.8723007375455,24.8000326866343,24.9290469664651,24.8413349715329,24.8464965838976,24.7845400253874,24.8155229994525,24.8155229994525,24.8516579356668,24.8877801045559,24.9238895190908,24.8980983810354,24.8671404277798,24.9238895190908,24.8774607869049,24.9599861922213,24.9445177487934,24.9496741564303,24.8980983810354,24.9290469664651,24.9290469664651,25.0475965748176,24.86197985757,24.8671404277798,25.0475965748176,25.0321413659635,24.9702971889533,25.0166838239645,25.0063774992726,25.0990971001769,25.0475965748176,24.9806071469274,25.0063774992726,25.0527477928007,24.8877801045559,24.8413349715329,24.8258485704877,24.9702971889533,24.8723007375455,24.8671404277798,24.9290469664651,24.8413349715329,24.68119552596,24.68119552596,24.9084156166453,24.7483813439431,24.8671404277798,24.8826205758957,24.9393610812787,24.8774607869049,24.9135738442187,24.9496741564303,24.8980983810354,24.8980983810354,24.9032571289301,25.0372933614365,25.1557177937613,25.0733500742259,25.3408035889768,25.4742694202044,25.4434849990752,25.4486163763711,25.4178242679226,25.4383533655169,25.5306835914689,25.4742694202044,25.5460639041067,25.4537474974415,25.4999160630027,25.5563161681696,25.5101729288625,25.4024247521646,25.622930990963,25.3818884725093,25.464008971053,25.494787246305,25.4793992606996
24.525982322611,24.4482870367845,24.5208044790397,24.4482870367845,24.5570438632356,24.3446010620456,24.3446010620456,24.3809031634257,24.3394139906367,24.2563848704595,24.3342266548802,24.2927184476639,24.3497878691456,24.3186630611374,24.3082860095273,24.3912728154683,24.4223754377718,24.4275582848784,24.4327408682945,24.3186630611374,24.4586498313649,24.5466910676864,24.4638308334468,24.4068253139224,24.4120089523324,24.4690115721079,24.417192326936,24.3549744119754,24.3912728154683,24.3653467049792,24.3912728154683,24.7122098579989,24.3030970868713,24.4741920473867,24.4793722593216,24.6553430497988,24.4845522079513,24.4223754377718,24.4741920473867,24.3653467049792,24.525982322611,24.5208044790397,24.4120089523324,24.5208044790397,24.5570438632356,24.417192326936,24.4482870367845,24.5052693701856,24.6708553211965,24.8155229994525,24.68119552596,24.6863652356057,24.7690450146872,24.6708553211965,24.7122098579989,24.6398284203822,24.7070414568379,24.7380479408253,24.6967038696157,24.7018727940562,24.6656848260024,24.6294840235847,24.5829212550199,24.6243114319154,24.6191385780148,24.6450002255868,24.7277134921382,24.7277134921382,24.6915346834782,24.7432147730614,24.8155229994525,24.7173779975772,24.8464965838976,24.8103598227198,24.8000326866343,24.836173098535,24.7742102793675,24.7742102793675,24.7845400253874,24.7742102793675,24.7638794888426,24.836173098535,24.7897045068028,24.6915346834782,24.6708553211965,24.6243114319154,24.6139654618445,24.6501717687129,24.6708553211965,24.7587137017957,24.7432147730614,24.598444539334,24.7173779975772,24.7173779975772,24.7483813439431,24.9445177487934,24.7380479408253,24.7122098579989,24.7070414568379,24.6139654618445,24.68119552596,24.6656848260024,24.7328808471969,24.7070414568379,24.7070414568379,24.7018727940562,24.6398284203822,24.6450002255868,24.7535476535085,24.7483813439431,24.7225458756109,24.6915346834782,24.7070414568379,24.7173779975772,24.7742102793675,24.836173098535,24.7587137017957,24.7845400253874,24.7845400253874,24.86197985757,24.7948687272058,24.7587137017957,24.7690450146872,24.7845400253874,24.7277134921382,24.6553430497988,24.7225458756109,24.68119552596,24.7070414568379,24.7380479408253,24.7070414568379,24.7122098579989,24.7328808471969,24.7277134921382,24.7225458756109,24.8568190268782,24.7948687272058,24.8206859153626,24.7948687272058,24.836173098535,24.8464965838976,24.9135738442187,24.8826205758957,24.8516579356668,24.7380479408253,24.7793752829217,24.7122098579989,24.6501717687129,24.7173779975772,24.6139654618445,24.8206859153626,24.7948687272058,24.918731811688,24.8155229994525,24.8464965838976,24.9806071469274,24.8258485704877,24.7328808471969,24.8671404277798,24.7690450146872,24.9032571289301,24.7845400253874,24.8000326866343,24.8258485704877,24.7742102793675,24.8516579356668,24.836173098535,24.8413349715329,24.7948687272058,24.8723007375455,24.8258485704877,24.7793752829217,24.8826205758957,24.86197985757,24.8980983810354,24.9651418204509,24.8000326866343,24.8929393729232,24.8877801045559,25.0527477928007,25.0784999971428,24.9651418204509,24.9445177487934,25.0372933614365,24.8980983810354,25.0475965748176,25.1042457289643,25.0424450977087,25.0063774992726,25.0115307913128,25.0321413659635,24.954830304227,24.9702971889533,25.1351320700124,25.0578987516956,24.9651418204509,24.8310109648659,24.8929393729232,24.86197985757,24.9084156166453,24.9445177487934,24.918731811688,24.9651418204509,24.8980983810354,24.954830304227,24.8877801045559,24.8103598227198,24.8877801045559,24.8155229994525,24.9393610812787,24.7948687272058,24.8826205758957,25.0115307913128,24.918731811688,25.0887990663117,25.1608635787557,25.0475965748176,25.0681998923707,25.0218365972651,25.0836496611589,25.2842850136107,25.3048408239653,25.4588783623232,25.4434849990752,25.4486163763711,25.4383533655169,25.5204287715866,25.602438715738,25.4845288451903,25.5716926484544,25.5204287715866,25.5460639041067,25.5768176311468,25.4280893294658,25.5665674104186,25.6126853634517,25.5255563093646,25.4896581737131,25.4126913524992,25.4486163763711
24.68119552596,24.6553430497988,24.5311599032229,24.5052693701856,24.4275582848784,24.3757179413665,24.396457245529,24.4068253139224,24.2875287310348,24.3238511901693,24.3030970868713,24.4482870367845,24.3653467049792,24.3912728154683,24.2771485035319,24.3860881214467,24.2511932998677,24.4016414116675,24.4016414116675,24.3342266548802,24.4379231880585,24.4379231880585,24.4379231880585,24.4431052442089,24.4431052442089,24.5104480028654,24.5415142757223,24.3809031634257,24.3860881214467,24.3653467049792,24.3757179413665,24.4379231880585,24.4793722593216,24.4949113154483,24.4845522079513,24.6605140688826,24.4690115721079,24.4741920473867,24.4638308334468,24.4638308334468,24.5104480028654,24.5363372209139,24.5363372209139,24.5415142757223,24.5363372209139,24.4120089523324,24.4482870367845,24.4534685658236,24.8051963851263,24.7277134921382,24.8051963851263,24.7070414568379,24.7225458756109,24.6967038696157,24.7742102793675,24.598444539334,24.6967038696157,24.7070414568379,24.6605140688826,24.6605140688826,24.6708553211965,24.6553430497988,24.7173779975772,24.6139654618445,24.7845400253874,24.7225458756109,24.6605140688826,24.7122098579989,24.7277134921382,24.7483813439431,24.7535476535085,24.7742102793675,24.7587137017957,24.7638794888426,24.7535476535085,24.7742102793675,24.6501717687129,24.7587137017957,24.7690450146872,24.7690450146872,24.7793752829217,24.7690450146872,24.7948687272058,24.6967038696157,24.68119552596,24.6294840235847,24.6294840235847,24.6656848260024,24.6294840235847,24.7328808471969,24.6139654618445,24.6036184425424,24.7380479408253,24.6967038696157,24.68119552596,24.7380479408253,24.7070414568379,24.7432147730614,24.7225458756109,24.598444539334,24.7277134921382,24.7122098579989,24.6915346834782,24.6656848260024,24.7122098579989,24.6501717687129,24.7018727940562,24.7225458756109,24.7380479408253,24.6398284203822,24.6760255545029,24.7173779975772,24.7225458756109,24.7122098579989,24.6915346834782,24.7845400253874,24.6294840235847,24.7587137017957,24.7070414568379,24.6863652356057,24.7070414568379,24.7587137017957,24.7328808471969,24.68119552596,24.6708553211965,24.7225458756109,24.7225458756109,24.6294840235847,24.6915346834782,24.7328808471969,24.7638794888426,24.7328808471969,24.7070414568379,24.7897045068028,24.8310109648659,24.7793752829217,24.8155229994525,24.7948687272058,24.7948687272058,24.7380479408253,24.8980983810354,24.9857617364743,24.8568190268782,24.8206859153626,24.6708553211965,24.6398284203822,24.6760255545029,24.7070414568379,24.7742102793675,24.7483813439431,24.8258485704877,24.8000326866343,24.8258485704877,24.8206859153626,24.8464965838976,24.8413349715329,24.7690450146872,24.7742102793675,24.8206859153626,24.7897045068028,24.7432147730614,24.8568190268782,24.8051963851263,24.9342041538485,24.8723007375455,24.7690450146872,24.9032571289301,24.8464965838976,24.9135738442187,24.8723007375455,24.9393610812787,24.836173098535,24.7948687272058,24.8774607869049,24.86197985757,24.954830304227,24.9702971889533,24.9135738442187,24.7948687272058,24.8929393729232,25.0166838239645,25.0269891112523,25.0321413659635,25.0063774992726,24.9960701368761,25.0372933614365,25.0784999971428,25.1145422104357,25.0475965748176,25.0218365972651,25.0269891112523,24.9496741564303,25.0166838239645,24.9857617364743,24.9909160664447,24.9754522977662,24.954830304227,24.9393610812787,24.9290469664651,24.9393610812787,24.8826205758957,24.9599861922213,24.954830304227,24.9754522977662,24.9342041538485,24.9032571289301,24.7897045068028,24.8051963851263,24.8723007375455,24.8826205758957,24.8877801045559,24.8774607869049,24.8258485704877,24.8980983810354,25.0115307913128,25.0784999971428,25.1196900631945,25.0475965748176,24.9806071469274,25.1351320700124,25.3099791333095,25.3510763511273,25.4588783623232,25.5050446238429,25.5153009780981,25.5358106179362,25.5358106179362,25.5665674104186,25.5921910475291,25.4896581737131,25.5563161681696,25.5665674104186,25.5921910475291,25.5409373888032,25.5358106179362,25.4537474974415,25.4383533655169,25.494787246305,25.4178242679226,25.4383533655169
24.4379231880585,24.4690115721079,24.4845522079513,24.4741920473867,24.5777463018912,24.4741920473867,24.5000904743927,24.5052693701856,24.4949113154483,24.3705324552306,24.3653467049792,24.3549744119754,24.313474667603,24.3082860095273,24.3446010620456,24.2408093636233,24.5052693701856,24.4016414116675,24.3549744119754,24.3238511901693,24.4534685658236,24.3290390547373,24.3549744119754,24.4482870367845,24.4431052442089,24.525982322611,24.4431052442089,24.5466910676864,24.3705324552306,24.3601606905737,24.3860881214467,24.4949113154483,24.5415142757223,24.3653467049792,24.4949113154483,24.6450002255868,24.6036184425424,24.5673956078683,24.3653467049792,24.3030970868713,24.5415142757223,24.5104480028654,24.7277134921382,24.5518675968447,24.5311599032229,24.5622198668973,24.4586498313649,24.4690115721079,24.6656848260024,24.7432147730614,24.7277134921382,24.6501717687129,24.7328808471969,24.7742102793675,24.6450002255868,24.598444539334,24.7018727940562,24.68119552596,24.6605140688826,24.6605140688826,24.6398284203822,24.6501717687129,24.6087920833666,24.68119552596,24.6139654618445,24.6708553211965,24.7690450146872,24.7018727940562,24.7948687272058,24.7277134921382,24.7587137017957,24.8516579356668,24.8000326866343,24.7897045068028,24.7897045068028,24.7328808471969,24.7225458756109,24.7742102793675,24.7638794888426,24.7638794888426,24.86197985757,24.9135738442187,24.8774607869049,24.7225458756109,24.7690450146872,24.7225458756109,24.9135738442187,24.5415142757223,24.6967038696157,24.6191385780148,24.6967038696157,24.7380479408253,24.7483813439431,24.7173779975772,24.7173779975772,24.7225458756109,24.6760255545029,24.6863652356057,24.6967038696157,24.6087920833666,24.6346563530609,24.6553430497988,24.6915346834782,24.8103598227198,24.7483813439431,24.7070414568379,24.6553430497988,24.7122098579989,24.6243114319154,24.7690450146872,24.7277134921382,24.7277134921382,24.6243114319154,24.8516579356668,24.8516579356668,24.6863652356057,24.6243114319154,24.7690450146872,24.7328808471969,24.6139654618445,24.6915346834782,24.9135738442187,24.6863652356057,24.6915346834782,24.4793722593216,24.7380479408253,24.68119552596,24.7380479408253,24.8103598227198,24.7173779975772,24.6863652356057,24.6656848260024,24.7380479408253,24.8464965838976,24.8464965838976,24.7380479408253,24.7277134921382,24.8310109648659,24.7535476535085,24.7845400253874,24.8258485704877,24.8516579356668,24.836173098535,24.918731811688,24.6450002255868,24.6450002255868,24.8310109648659,24.6605140688826,24.7483813439431,24.7432147730614,24.7173779975772,24.7018727940562,24.8000326866343,24.8103598227198,24.7690450146872,24.8413349715329,24.8310109648659,24.8155229994525,24.7328808471969,24.7328808471969,24.7948687272058,24.8103598227198,24.86197985757,24.7277134921382,24.9960701368761,24.8413349715329,24.7845400253874,24.7742102793675,24.8568190268782,24.836173098535,24.86197985757,24.86197985757,24.8258485704877,24.8826205758957,24.9651418204509,24.8774607869049,24.8929393729232,24.86197985757,24.8929393729232,25.0012239478063,25.0372933614365,24.9857617364743,25.0475965748176,24.9135738442187,24.9342041538485,25.0887990663117,25.0733500742259,25.0527477928007,25.0218365972651,25.0166838239645,25.0321413659635,25.0475965748176,25.1660091054476,25.0578987516956,24.9754522977662,25.0475965748176,24.9806071469274,24.8516579356668,25.0012239478063,24.8826205758957,24.954830304227,24.9445177487934,24.9084156166453,24.9496741564303,24.9032571289301,24.7897045068028,24.918731811688,24.8516579356668,24.9702971889533,24.8980983810354,24.8877801045559,24.8929393729232,25.0115307913128,25.1042457289643,25.0939482126385,25.0887990663117,25.0784999971428,25.0372933614365,25.124837657352,25.3202549803643,25.3305297988212,25.4126913524992,25.3408035889768,25.5204287715866,25.5101729288625,25.4896581737131,25.4845288451903,25.5255563093646,25.5101729288625,25.4588783623232,25.622930990963,25.5409373888032,25.5409373888032,25.6075621671384,25.5204287715866,25.4588783623232,25.4486163763711,25.4332214756594,25.5204287715866,25.5204287715866
24.6967038696157,24.5777463018912,24.6036184425424,24.593270373703,24.5415142757223,24.4897318933139,24.5156263724707,24.5052693701856,24.4793722593216,24.2304243670388,24.261576176083,24.2148448833435,24.3809031634257,24.3912728154683,24.4016414116675,24.3238511901693,24.3912728154683,24.417192326936,24.396457245529,24.4275582848784,24.4690115721079,24.4897318933139,24.417192326936,24.4534685658236,24.4845522079513,24.4741920473867,24.5363372209139,24.5415142757223,24.4534685658236,24.4275582848784,24.4793722593216,24.5570438632356,24.5518675968447,24.5466910676864,24.5725710861868,24.6398284203822,24.4741920473867,24.4690115721079,24.2511932998677,24.3549744119754,24.5363372209139,24.5415142757223,24.5415142757223,24.5673956078683,24.4845522079513,24.4223754377718,24.5363372209139,24.4741920473867,24.6553430497988,24.7793752829217,24.6450002255868,24.6398284203822,24.6863652356057,24.7948687272058,24.7793752829217,24.6605140688826,24.7277134921382,24.6346563530609,24.593270373703,24.6346563530609,24.7535476535085,24.6087920833666,24.6346563530609,24.6139654618445,24.7225458756109,24.6191385780148,24.6087920833666,24.7845400253874,24.7018727940562,24.8051963851263,24.7897045068028,24.8206859153626,24.7897045068028,24.8103598227198,24.8000326866343,24.8000326866343,24.7793752829217,24.7328808471969,24.8723007375455,24.7793752829217,24.8671404277798,24.7948687272058,24.86197985757,24.7225458756109,24.7070414568379,24.6915346834782,24.7380479408253,24.6708553211965,24.6915346834782,24.6656848260024,24.5622198668973,24.6087920833666,24.7225458756109,24.7122098579989,24.68119552596,24.7483813439431,24.6967038696157,24.6967038696157,24.5725710861868,24.593270373703,24.7070414568379,24.7225458756109,24.7328808471969,24.7070414568379,24.8103598227198,24.6967038696157,24.6656848260024,24.6605140688826,24.6294840235847,24.6553430497988,24.7328808471969,24.7328808471969,24.6139654618445,24.6915346834782,24.6191385780148,24.6087920833666,24.6967038696157,24.6708553211965,24.7173779975772,24.7277134921382,24.7328808471969,24.68119552596,24.7328808471969,24.8000326866343,24.6915346834782,24.6346563530609,24.7277134921382,24.7225458756109,24.7225458756109,24.7173779975772,24.7380479408253,24.8155229994525,24.6967038696157,24.86197985757,24.8258485704877,24.7380479408253,24.7018727940562,24.8774607869049,24.8206859153626,24.836173098535,24.7225458756109,24.8103598227198,24.8000326866343,24.8310109648659,24.8516579356668,24.7845400253874,24.8103598227198,24.6398284203822,24.7948687272058,24.6708553211965,24.7690450146872,24.7897045068028,24.8103598227198,24.7535476535085,24.8103598227198,24.7483813439431,24.8413349715329,24.86197985757,24.7742102793675,24.836173098535,24.7225458756109,24.8051963851263,24.8103598227198,24.7845400253874,24.8413349715329,24.8051963851263,24.9084156166453,24.8155229994525,24.7225458756109,24.7845400253874,24.8206859153626,24.8877801045559,24.8877801045559,24.9496741564303,24.9393610812787,24.9702971889533,25.0372933614365,24.9806071469274,25.0012239478063,24.918731811688,24.9754522977662,25.0527477928007,25.0733500742259,25.0166838239645,25.0166838239645,24.918731811688,25.0063774992726,25.0269891112523,25.0887990663117,24.918731811688,25.0372933614365,25.0681998923707,25.0681998923707,25.0630494515398,25.0475965748176,24.9960701368761,24.9393610812787,24.9651418204509,24.8568190268782,24.8568190268782,24.9393610812787,24.9290469664651,24.9857617364743,24.9754522977662,24.9084156166453,24.9909160664447,24.7948687272058,24.8000326866343,24.8826205758957,24.8774607869049,24.8774607869049,25.0269891112523,24.9754522977662,25.124837657352,25.1196900631945,25.0527477928007,25.0321413659635,25.124837657352,25.2894243522202,25.325392518149,25.4537474974415,25.3562123467933,25.3818884725093,25.494787246305,25.3921571255997,25.4793992606996,25.5050446238429,25.602438715738,25.5768176311468,25.5870668306474,25.5050446238429,25.6741438357205,25.494787246305,25.5255563093646,25.3099791333095,25.5973150092137,25.4742694202044,25.5870668306474,25.4588783623232,25.4588783623232
24.4379231880585,24.5777463018912,24.4638308334468,24.4690115721079,24.4586498313649,24.4897318933139,24.5518675968447,24.5156263724707,24.3394139906367,24.3290390547373,24.0277045513642,24.3757179413665,24.3757179413665,24.3653467049792,24.2096511916044,24.3653467049792,24.3082860095273,24.3653467049792,24.3705324552306,24.4068253139224,24.4223754377718,24.4431052442089,24.4275582848784,24.4431052442089,24.4897318933139,24.6346563530609,24.5311599032229,24.5363372209139,24.4275582848784,24.4068253139224,24.3860881214467,24.4534685658236,24.5208044790397,24.5622198668973,24.5466910676864,24.588095945611,24.5104480028654,24.4068253139224,24.3238511901693,24.2771485035319,24.4327408682945,24.4690115721079,24.5156263724707,24.5622198668973,24.4379231880585,24.3082860095273,24.3290390547373,24.417192326936,24.6398284203822,24.6863652356057,24.7638794888426,24.6191385780148,24.6863652356057,24.6346563530609,24.6760255545029,24.6398284203822,24.7380479408253,24.7483813439431,24.6450002255868,24.8000326866343,24.6398284203822,24.6087920833666,24.6450002255868,24.7173779975772,24.7070414568379,24.5725710861868,24.7897045068028,24.8000326866343,24.7432147730614,24.8051963851263,24.8929393729232,24.8051963851263,24.8155229994525,24.8310109648659,24.8413349715329,24.7328808471969,24.7380479408253,24.7638794888426,24.7070414568379,24.7483813439431,24.7690450146872,24.9651418204509,24.7638794888426,24.6605140688826,24.7380479408253,24.7018727940562,24.7173779975772,24.6501717687129,24.6501717687129,24.7122098579989,24.5570438632356,24.6346563530609,24.6501717687129,24.7070414568379,24.7173779975772,24.7380479408253,24.7277134921382,24.7122098579989,24.7122098579989,24.7225458756109,24.6501717687129,24.6656848260024,24.7535476535085,24.7122098579989,24.7018727940562,24.6967038696157,24.6863652356057,24.6501717687129,24.6708553211965,24.7432147730614,24.6450002255868,24.6294840235847,24.7277134921382,24.6915346834782,24.6863652356057,24.7328808471969,24.6967038696157,24.6915346834782,24.7535476535085,24.6501717687129,24.6760255545029,24.7432147730614,24.7432147730614,24.7122098579989,24.6656848260024,24.7018727940562,24.6605140688826,24.7380479408253,24.7638794888426,24.836173098535,24.7742102793675,24.8464965838976,24.7380479408253,24.8826205758957,24.7380479408253,24.86197985757,24.8103598227198,24.8464965838976,24.7225458756109,24.7432147730614,24.7483813439431,24.8000326866343,24.8258485704877,24.8206859153626,24.7535476535085,24.7948687272058,24.8051963851263,24.7018727940562,24.8051963851263,24.7897045068028,24.7948687272058,24.7897045068028,24.8000326866343,24.8723007375455,24.7225458756109,24.8826205758957,24.8000326866343,24.8051963851263,24.8258485704877,24.836173098535,24.8206859153626,24.8258485704877,24.8929393729232,24.8980983810354,24.8464965838976,24.7845400253874,24.918731811688,24.8258485704877,24.7948687272058,24.836173098535,24.9032571289301,24.8413349715329,24.8258485704877,24.954830304227,24.9909160664447,24.954830304227,24.9857617364743,24.9651418204509,24.9960701368761,25.0269891112523,24.9135738442187,25.0321413659635,25.0218365972651,25.0166838239645,24.9238895190908,25.0166838239645,24.9290469664651,25.0990971001769,24.9496741564303,24.9496741564303,25.0372933614365,25.0372933614365,25.0424450977087,25.0681998923707,25.0115307913128,25.0887990663117,24.9651418204509,24.9960701368761,24.9496741564303,24.9754522977662,24.9393610812787,25.0681998923707,24.8826205758957,24.954830304227,24.8826205758957,24.8568190268782,24.9651418204509,24.8877801045559,24.8671404277798,24.86197985757,24.7070414568379,24.9135738442187,25.0166838239645,24.9084156166453,25.1299849929454,25.124837657352,25.0475965748176,25.0990971001769,25.2637250847104,25.2740055641272,25.4537474974415,25.4588783623232,25.4178242679226,25.4896581737131,25.4075581805922,25.5460639041067,25.5153009780981,25.4896581737131,25.4793992606996,25.6587826573823,25.5204287715866,25.5358106179362,25.6536617552083,25.5306835914689,25.3870229273887,25.4793992606996,25.5870668306474,25.4075581805922,25.5153009780981,25.464008971053
24.4690115721079,24.4482870367845,24.593270373703,24.4897318933139,24.5363372209139,24.5000904743927,24.6346563530609,24.5829212550199,24.4845522079513,24.2096511916044,24.0589185591878,24.3809031634257,24.4897318933139,24.3549744119754,24.417192326936,24.4534685658236,24.3601606905737,24.4482870367845,24.4327408682945,24.4120089523324,24.3653467049792,24.4793722593216,24.4690115721079,24.4431052442089,24.4482870367845,24.5311599032229,24.5415142757223,24.5052693701856,24.4016414116675,24.4275582848784,24.417192326936,24.5415142757223,24.5208044790397,24.5104480028654,24.6036184425424,24.5311599032229,24.4949113154483,24.4431052442089,24.3394139906367,24.4223754377718,24.4638308334468,24.5208044790397,24.4897318933139,24.5777463018912,24.4327408682945,24.4223754377718,24.396457245529,24.5311599032229,24.5311599032229,24.525982322611,24.6967038696157,24.6398284203822,24.6139654618445,24.598444539334,24.6553430497988,24.6760255545029,24.68119552596,24.7328808471969,24.7897045068028,24.7587137017957,24.6967038696157,24.7638794888426,24.6294840235847,24.7483813439431,24.7122098579989,24.7070414568379,24.6760255545029,24.7638794888426,24.7018727940562,24.8310109648659,24.8980983810354,24.8413349715329,24.8258485704877,24.8258485704877,24.7587137017957,24.8155229994525,24.6760255545029,24.7587137017957,24.8671404277798,24.7638794888426,24.8155229994525,24.7742102793675,24.7638794888426,24.9445177487934,24.8051963851263,24.7535476535085,24.7483813439431,24.7277134921382,24.68119552596,24.6605140688826,24.6294840235847,24.6708553211965,24.6708553211965,24.6139654618445,24.7173779975772,24.6760255545029,24.7018727940562,24.6967038696157,24.68119552596,24.7018727940562,24.6553430497988,24.6708553211965,24.7070414568379,24.7225458756109,24.7897045068028,24.7793752829217,24.8206859153626,24.6863652356057,24.7122098579989,24.7432147730614,24.8671404277798,24.7483813439431,24.7380479408253,24.6191385780148,24.7328808471969,24.6553430497988,24.6398284203822,24.7018727940562,24.7122098579989,24.7225458756109,24.588095945611,24.7277134921382,24.7535476535085,24.7173779975772,24.6863652356057,24.5725710861868,24.7070414568379,24.7277134921382,24.8464965838976,24.7948687272058,24.7483813439431,24.7122098579989,24.836173098535,24.9342041538485,24.8258485704877,24.7432147730614,24.7638794888426,24.8103598227198,24.8000326866343,24.7742102793675,24.6501717687129,24.7793752829217,24.8155229994525,24.7793752829217,24.8103598227198,24.8206859153626,24.8206859153626,24.8413349715329,24.7845400253874,24.7173779975772,24.8310109648659,24.7948687272058,24.7587137017957,24.7277134921382,24.7173779975772,24.9238895190908,24.8000326866343,24.8568190268782,24.8051963851263,24.8155229994525,24.8774607869049,24.7845400253874,24.8310109648659,24.8258485704877,24.8413349715329,24.7897045068028,24.918731811688,24.8413349715329,24.8103598227198,24.8464965838976,24.8000326866343,24.8877801045559,24.9084156166453,24.8568190268782,24.86197985757,24.9806071469274,24.9857617364743,24.8774607869049,25.0424450977087,24.8774607869049,24.9702971889533,24.8568190268782,25.0372933614365,25.0321413659635,25.0733500742259,25.0784999971428,24.8464965838976,24.9960701368761,24.9651418204509,24.9238895190908,24.918731811688,25.0630494515398,25.0269891112523,25.0321413659635,25.0269891112523,25.0372933614365,25.0372933614365,24.9702971889533,24.9806071469274,24.9960701368761,25.0887990663117,24.9135738442187,25.0681998923707,24.86197985757,24.8051963851263,24.8464965838976,24.8723007375455,24.7432147730614,24.8103598227198,24.7845400253874,24.6915346834782,24.9290469664651,24.9342041538485,24.8413349715329,24.9599861922213,25.1093940990381,25.1557177937613,25.0321413659635,25.2431610348875,25.2637250847104,25.4691393236678,25.4229569268991,25.4588783623232,25.4896581737131,25.3870229273887,25.4024247521646,25.5614419170025,25.5460639041067,25.5358106179362,25.5665674104186,25.5511901638832,25.4229569268991,25.4537474974415,25.5819423585322,25.5409373888032,25.602438715738,25.5153009780981,25.5819423585322,25.4742694202044,25.5204287715866
24.7277134921382,24.6243114319154,24.5829212550199,24.593270373703,24.4690115721079,24.598444539334,24.6450002255868,24.5104480028654,24.3705324552306,24.3757179413665,24.220038309803,24.220038309803,24.2408093636233,24.3342266548802,24.3342266548802,24.3394139906367,24.4638308334468,24.4949113154483,24.5052693701856,24.4586498313649,24.6036184425424,24.588095945611,24.5052693701856,24.5156263724707,24.3912728154683,24.5311599032229,24.5052693701856,24.525982322611,24.4275582848784,24.3912728154683,24.4223754377718,24.4379231880585,24.5208044790397,24.5052693701856,24.6450002255868,24.4327408682945,24.4431052442089,24.5104480028654,24.4431052442089,24.4223754377718,24.5000904743927,24.5208044790397,24.5363372209139,24.4327408682945,24.5052693701856,24.417192326936,24.417192326936,24.5208044790397,24.6863652356057,24.598444539334,24.68119552596,24.5415142757223,24.6656848260024,24.598444539334,24.6294840235847,24.7070414568379,24.7173779975772,24.6501717687129,24.7587137017957,24.8310109648659,24.6243114319154,24.7122098579989,24.7380479408253,24.7277134921382,24.68119552596,24.7483813439431,24.6398284203822,24.7225458756109,24.7225458756109,24.7277134921382,24.7328808471969,24.7535476535085,24.836173098535,24.7690450146872,24.8310109648659,24.7483813439431,24.7380479408253,24.7535476535085,24.7587137017957,24.6708553211965,24.8568190268782,24.8206859153626,24.8310109648659,24.8000326866343,24.8103598227198,24.7948687272058,24.68119552596,24.6967038696157,24.7380479408253,24.7483813439431,24.6605140688826,24.6036184425424,24.6553430497988,24.6139654618445,24.7638794888426,24.7535476535085,24.7070414568379,24.7122098579989,24.68119552596,24.6656848260024,24.7277134921382,24.7690450146872,24.7277134921382,24.7225458756109,24.8310109648659,24.6915346834782,24.6967038696157,24.6915346834782,24.7225458756109,24.7328808471969,24.7380479408253,24.7793752829217,24.6501717687129,24.6656848260024,24.6915346834782,24.6863652356057,24.7483813439431,24.6191385780148,24.6087920833666,24.6863652356057,24.7122098579989,24.7122098579989,24.593270373703,24.7845400253874,24.593270373703,24.7173779975772,24.7277134921382,24.7845400253874,24.7897045068028,24.7948687272058,24.7897045068028,24.8103598227198,24.8051963851263,24.8516579356668,24.7638794888426,24.836173098535,24.8258485704877,24.7432147730614,24.7587137017957,24.7793752829217,24.7690450146872,24.7638794888426,24.7690450146872,24.7587137017957,24.8155229994525,24.8051963851263,24.7845400253874,24.9393610812787,24.7690450146872,24.8051963851263,24.7483813439431,24.7070414568379,24.7897045068028,24.7742102793675,24.7122098579989,24.7793752829217,24.7225458756109,24.8258485704877,24.8103598227198,24.7948687272058,24.8051963851263,24.8980983810354,24.8155229994525,24.9084156166453,24.8464965838976,24.86197985757,24.9084156166453,24.8826205758957,24.8774607869049,24.7845400253874,24.8671404277798,24.8774607869049,24.9342041538485,24.9806071469274,24.9599861922213,25.0836496611589,25.0424450977087,25.0269891112523,24.9806071469274,25.0166838239645,24.9032571289301,24.9909160664447,24.9445177487934,25.0218365972651,25.0063774992726,24.9135738442187,24.9754522977662,25.0321413659635,24.9393610812787,25.0115307913128,25.0218365972651,25.0630494515398,25.0939482126385,25.0063774992726,25.0166838239645,25.0269891112523,25.0836496611589,25.0887990663117,24.9806071469274,24.9754522977662,24.9806071469274,25.0527477928007,24.9445177487934,24.9651418204509,24.9496741564303,24.954830304227,24.8774607869049,24.8258485704877,24.8568190268782,24.8258485704877,24.7225458756109,24.8000326866343,24.954830304227,24.9445177487934,24.9909160664447,24.9393610812787,25.0321413659635,25.0527477928007,25.2123072282184,25.258584458684,25.3305297988212,25.3870229273887,25.5358106179362,25.464008971053,25.5050446238429,25.5614419170025,25.5460639041067,25.5614419170025,25.3972910671794,25.4537474974415,25.6382975199907,25.4845288451903,25.5870668306474,25.5768176311468,25.5153009780981,25.6485405982759,25.494787246305,25.5050446238429,25.5614419170025,25.3510763511273
24.7277134921382,24.6243114319154,24.4741920473867,24.4897318933139,24.4534685658236,24.5311599032229,24.598444539334,24.5104480028654,24.4534685658236,24.4223754377718,24.2096511916044,24.0277045513642,24.2148448833435,24.4016414116675,24.4534685658236,24.3809031634257,24.4534685658236,24.4741920473867,24.3912728154683,24.525982322611,24.4897318933139,24.4793722593216,24.5052693701856,24.3653467049792,24.5415142757223,24.5363372209139,24.4223754377718,24.4275582848784,24.4379231880585,24.417192326936,24.3601606905737,24.4068253139224,24.4534685658236,24.588095945611,24.5570438632356,24.6501717687129,24.5311599032229,24.4275582848784,24.4223754377718,24.4897318933139,24.4275582848784,24.4638308334468,24.4482870367845,24.3446010620456,24.3860881214467,24.3860881214467,24.3342266548802,24.4690115721079,24.5311599032229,24.6450002255868,24.598444539334,24.6294840235847,24.5518675968447,24.593270373703,24.593270373703,24.5777463018912,24.7225458756109,24.598444539334,24.7638794888426,24.7690450146872,24.6915346834782,24.7690450146872,24.8155229994525,24.7690450146872,24.7277134921382,24.7638794888426,24.7483813439431,24.68119552596,24.7122098579989,24.6967038696157,24.7070414568379,24.7173779975772,24.7225458756109,24.8516579356668,24.7277134921382,24.8051963851263,24.7018727940562,24.6967038696157,24.6553430497988,24.6450002255868,24.8671404277798,24.7638794888426,24.7793752829217,24.8258485704877,24.8826205758957,24.7328808471969,24.7018727940562,24.6501717687129,24.6450002255868,24.6863652356057,24.7018727940562,24.6346563530609,24.5415142757223,24.6036184425424,24.7225458756109,24.6915346834782,24.6915346834782,24.7587137017957,24.5415142757223,24.6760255545029,24.7277134921382,24.6760255545029,24.836173098535,24.7328808471969,24.7380479408253,24.7070414568379,24.7690450146872,24.7225458756109,24.6708553211965,24.7587137017957,24.6915346834782,24.7845400253874,24.7380479408253,24.7690450146872,24.593270373703,24.6760255545029,24.6139654618445,24.6501717687129,24.6863652356057,24.598444539334,24.6450002255868,24.5777463018912,24.6967038696157,24.6863652356057,24.7690450146872,24.7070414568379,24.7535476535085,24.7432147730614,24.7793752829217,24.7535476535085,24.8000326866343,24.8103598227198,24.7845400253874,24.8206859153626,24.8000326866343,24.8051963851263,24.7948687272058,24.8155229994525,24.6605140688826,24.8155229994525,24.7587137017957,24.8464965838976,24.8000326866343,25.0166838239645,24.8671404277798,24.7897045068028,24.8103598227198,24.9084156166453,24.8774607869049,24.7328808471969,24.7173779975772,24.8051963851263,24.7277134921382,24.68119552596,24.7277134921382,24.7277134921382,24.7845400253874,24.8103598227198,24.8206859153626,24.7535476535085,24.7845400253874,24.8980983810354,24.8413349715329,24.8568190268782,24.7845400253874,24.8671404277798,24.8516579356668,24.8671404277798,24.918731811688,24.8155229994525,24.8000326866343,24.8723007375455,24.9445177487934,24.8826205758957,24.9909160664447,24.9909160664447,25.0836496611589,25.0784999971428,24.9960701368761,24.9496741564303,24.9754522977662,24.9393610812787,24.8774607869049,25.0424450977087,24.9445177487934,25.0321413659635,24.9290469664651,25.0115307913128,25.0115307913128,25.0321413659635,25.0424450977087,25.0012239478063,25.0372933614365,25.0424450977087,25.0939482126385,25.0475965748176,25.0836496611589,25.1093940990381,25.0269891112523,24.9599861922213,25.0321413659635,25.0218365972651,24.9496741564303,24.9599861922213,24.8310109648659,24.9445177487934,24.8723007375455,24.8464965838976,24.8051963851263,24.8310109648659,24.8413349715329,24.8464965838976,24.8568190268782,24.9135738442187,25.0939482126385,25.1093940990381,25.0424450977087,25.1917328656758,25.2277352917338,25.3921571255997,25.3767537609245,25.5255563093646,25.4537474974415,25.4486163763711,25.4537474974415,25.494787246305,25.5614419170025,25.5614419170025,25.5204287715866,25.6536617552083,25.6178083047144,25.5409373888032,25.5716926484544,25.5819423585322,25.5204287715866,25.5306835914689,25.4742694202044,25.5460639041067,25.464008971053,25.494787246305
24.4741920473867,24.6346563530609,24.7173779975772,24.5363372209139,24.588095945611,24.5777463018912,24.5777463018912,24.588095945611,24.4120089523324,24.235616997893,24.1369116310709,24.220038309803,24.2511932998677,24.2771485035319,24.4638308334468,24.4793722593216,24.4897318933139,24.4949113154483,24.7070414568379,24.6863652356057,24.5104480028654,24.5311599032229,24.5000904743927,24.598444539334,24.5466910676864,24.5311599032229,24.6398284203822,24.4897318933139,24.525982322611,24.4741920473867,24.3497878691456,24.4431052442089,24.5104480028654,24.6553430497988,24.6398284203822,24.6450002255868,24.6294840235847,24.4793722593216,24.4120089523324,24.4223754377718,24.5052693701856,24.4327408682945,24.4327408682945,24.4845522079513,24.4431052442089,24.4327408682945,24.3912728154683,24.4379231880585,24.6398284203822,24.5777463018912,24.5363372209139,24.5673956078683,24.5622198668973,24.6036184425424,24.588095945611,24.7380479408253,24.588095945611,24.7328808471969,24.7690450146872,24.7018727940562,24.7535476535085,24.7897045068028,24.7793752829217,24.7742102793675,24.6346563530609,24.7742102793675,24.7483813439431,24.6915346834782,24.8103598227198,24.7432147730614,24.6915346834782,24.68119552596,24.7380479408253,24.8516579356668,24.7535476535085,24.6656848260024,24.6760255545029,24.7690450146872,24.6553430497988,24.8206859153626,24.7742102793675,24.7638794888426,24.7845400253874,24.7483813439431,24.8413349715329,24.8310109648659,24.8413349715329,24.6863652356057,24.7690450146872,24.6967038696157,24.6863652356057,24.7122098579989,24.6915346834782,24.598444539334,24.7432147730614,24.7742102793675,24.7173779975772,24.7173779975772,24.7173779975772,24.7587137017957,24.7328808471969,24.7483813439431,24.7587137017957,24.8464965838976,24.7173779975772,24.7277134921382,24.8155229994525,24.7432147730614,24.9599861922213,24.7690450146872,24.7587137017957,24.7587137017957,24.6605140688826,24.7587137017957,24.6605140688826,24.6863652356057,24.6501717687129,24.7328808471969,24.593270373703,24.6605140688826,24.6967038696157,24.6087920833666,24.7793752829217,24.8206859153626,24.7897045068028,24.6863652356057,24.86197985757,24.7587137017957,24.8206859153626,24.8206859153626,24.8155229994525,24.7742102793675,24.7948687272058,24.7793752829217,24.7793752829217,24.7587137017957,24.8051963851263,24.6501717687129,24.6656848260024,24.7742102793675,24.7845400253874,24.8155229994525,24.7793752829217,24.8568190268782,24.8000326866343,24.8000326866343,24.7948687272058,24.9445177487934,24.8774607869049,24.7070414568379,24.7225458756109,24.7535476535085,24.7690450146872,24.6915346834782,24.6967038696157,24.7225458756109,24.8155229994525,24.8103598227198,24.8206859153626,24.7483813439431,24.8413349715329,24.7587137017957,24.8723007375455,24.8051963851263,24.8413349715329,24.8516579356668,24.9135738442187,24.86197985757,24.86197985757,24.8723007375455,24.8671404277798,24.9599861922213,24.9960701368761,25.0939482126385,24.9496741564303,25.1196900631945,25.1557177937613,24.9754522977662,25.0990971001769,25.124837657352,24.7690450146872,25.0218365972651,25.0578987516956,24.8826205758957,25.0269891112523,24.9445177487934,25.0012239478063,24.9754522977662,24.9496741564303,25.0321413659635,25.0578987516956,25.0681998923707,25.0063774992726,25.0012239478063,24.9909160664447,25.0578987516956,25.0321413659635,25.0115307913128,25.0012239478063,24.9960701368761,25.0733500742259,24.9806071469274,24.9702971889533,24.9857617364743,24.8826205758957,24.9342041538485,24.9342041538485,24.8155229994525,24.8464965838976,24.9238895190908,24.9290469664651,24.8568190268782,24.9496741564303,24.9342041538485,25.0218365972651,25.0012239478063,25.0321413659635,25.2483024338098,25.3818884725093,25.3716187925976,25.3767537609245,25.4793992606996,25.5511901638832,25.4229569268991,25.5614419170025,25.4691393236678,25.5614419170025,25.5204287715866,25.5204287715866,25.5101729288625,25.4537474974415,25.3972910671794,25.5511901638832,25.5665674104186,25.602438715738,25.5819423585322,25.4434849990752,25.4999160630027,25.4845288451903,25.5204287715866
24.6605140688826,24.6967038696157,24.5673956078683,24.5000904743927,24.6346563530609,24.593270373703,24.6191385780148,24.4586498313649,24.5156263724707,24.4741920473867,24.2823387496704,24.2304243670388,24.4068253139224,24.4638308334468,24.4534685658236,24.4690115721079,24.588095945611,24.7122098579989,24.6967038696157,24.6708553211965,24.5415142757223,24.5725710861868,24.5208044790397,24.525982322611,24.4845522079513,24.5104480028654,24.4897318933139,24.4845522079513,24.4897318933139,24.4845522079513,24.4741920473867,24.4845522079513,24.5363372209139,24.6346563530609,24.6708553211965,24.6450002255868,24.525982322611,24.525982322611,24.4638308334468,24.4223754377718,24.4223754377718,24.4016414116675,24.4016414116675,24.417192326936,24.4379231880585,24.3757179413665,24.4068253139224,24.3809031634257,24.5052693701856,24.598444539334,24.5466910676864,24.5415142757223,24.6243114319154,24.5363372209139,24.593270373703,24.6915346834782,24.4949113154483,24.6346563530609,24.7380479408253,24.7845400253874,24.7225458756109,24.8310109648659,24.7638794888426,24.7948687272058,24.7173779975772,24.7432147730614,24.7845400253874,24.7483813439431,24.8206859153626,24.7535476535085,24.6863652356057,24.7277134921382,24.86197985757,24.8516579356668,24.836173098535,24.7587137017957,24.7793752829217,24.7483813439431,24.6501717687129,24.7638794888426,24.8774607869049,24.7948687272058,24.7793752829217,24.8671404277798,24.8568190268782,24.836173098535,24.9599861922213,24.8774607869049,24.7018727940562,24.6501717687129,24.7070414568379,24.7483813439431,24.6036184425424,24.5156263724707,24.6605140688826,24.6501717687129,24.7793752829217,24.6863652356057,24.7122098579989,24.6915346834782,24.7587137017957,24.7122098579989,24.7793752829217,24.6294840235847,24.7328808471969,24.68119552596,24.7328808471969,24.7948687272058,24.7483813439431,24.7225458756109,24.7380479408253,24.7277134921382,24.6863652356057,24.5829212550199,24.7173779975772,24.6656848260024,24.6708553211965,24.6036184425424,24.6708553211965,24.6656848260024,24.5622198668973,24.68119552596,24.7173779975772,24.68119552596,24.8671404277798,24.8103598227198,24.7897045068028,24.8826205758957,24.8310109648659,24.7173779975772,24.8774607869049,24.8103598227198,24.7948687272058,24.7845400253874,24.7845400253874,24.7845400253874,24.7690450146872,24.7328808471969,24.8155229994525,24.7897045068028,24.7948687272058,24.8051963851263,24.8051963851263,24.6605140688826,24.6243114319154,24.7845400253874,24.7845400253874,24.7948687272058,24.9290469664651,24.7845400253874,24.6967038696157,24.6915346834782,24.7070414568379,24.6967038696157,24.7638794888426,24.7070414568379,24.7948687272058,24.7587137017957,24.7535476535085,24.7328808471969,24.7432147730614,24.8155229994525,24.6450002255868,24.8206859153626,24.8310109648659,24.8464965838976,24.9084156166453,24.8051963851263,24.8516579356668,24.9032571289301,24.7897045068028,24.8774607869049,24.9857617364743,25.0063774992726,25.0990971001769,25.0990971001769,24.9754522977662,25.0784999971428,25.0166838239645,25.0372933614365,24.9960701368761,24.9651418204509,24.8980983810354,24.918731811688,24.8980983810354,24.9084156166453,24.918731811688,24.954830304227,24.7070414568379,24.9909160664447,24.9342041538485,24.9806071469274,24.9651418204509,25.0372933614365,25.1196900631945,25.1351320700124,25.0733500742259,25.0733500742259,25.0578987516956,25.0681998923707,25.1196900631945,25.0218365972651,24.9496741564303,24.9393610812787,24.8051963851263,24.8568190268782,24.9135738442187,24.9084156166453,24.9084156166453,24.7897045068028,24.8258485704877,24.7380479408253,24.954830304227,24.8826205758957,24.8568190268782,25.0733500742259,25.0475965748176,25.2277352917338,25.2123072282184,25.4845288451903,25.5101729288625,25.5358106179362,25.4486163763711,25.4537474974415,25.4742694202044,25.4178242679226,25.6895027225489,25.5306835914689,25.4742694202044,25.5358106179362,25.5768176311468,25.5358106179362,25.5716926484544,25.5050446238429,25.5768176311468,25.5768176311468,25.5973150092137,25.5921910475291,25.494787246305,25.4588783623232
24.6708553211965,24.6346563530609,24.7897045068028,24.5622198668973,24.4793722593216,24.5311599032229,24.4741920473867,24.598444539334,24.6553430497988,24.4431052442089,24.3186630611374,24.2927184476639,24.4793722593216,24.4949113154483,24.4949113154483,24.5725710861868,24.7277134921382,24.5829212550199,24.5725710861868,24.4949113154483,24.4793722593216,24.2771485035319,24.5104480028654,24.525982322611,24.4741920473867,24.4845522079513,24.5052693701856,24.4845522079513,24.4638308334468,24.4690115721079,24.4223754377718,24.598444539334,24.5156263724707,24.5156263724707,24.5466910676864,24.6243114319154,24.7122098579989,24.3757179413665,24.4327408682945,24.2563848704595,24.4690115721079,24.4431052442089,24.4379231880585,24.4949113154483,24.4690115721079,24.5104480028654,24.5104480028654,24.417192326936,24.5052693701856,24.5208044790397,24.6243114319154,24.593270373703,24.593270373703,24.6346563530609,24.6398284203822,24.7018727940562,24.6656848260024,24.6656848260024,24.68119552596,24.68119552596,24.7793752829217,24.8000326866343,24.7845400253874,24.7948687272058,24.7690450146872,24.7845400253874,24.7948687272058,24.7380479408253,24.8103598227198,24.6967038696157,24.7070414568379,24.6863652356057,24.6967038696157,24.7587137017957,24.7225458756109,24.7793752829217,24.7587137017957,24.7483813439431,24.7535476535085,24.7535476535085,24.6346563530609,24.7483813439431,24.8155229994525,24.8723007375455,24.8258485704877,24.8258485704877,24.8723007375455,24.8155229994525,24.8155229994525,24.8980983810354,24.8413349715329,24.7690450146872,24.6501717687129,24.5518675968447,24.7070414568379,24.7845400253874,24.6967038696157,24.7122098579989,24.6863652356057,24.8464965838976,24.7742102793675,24.7948687272058,24.7277134921382,24.7328808471969,24.7277134921382,24.8929393729232,24.7535476535085,24.8103598227198,24.7897045068028,24.8103598227198,24.68119552596,24.7483813439431,24.7483813439431,24.7587137017957,24.7173779975772,24.7483813439431,24.6656848260024,24.6863652356057,24.6760255545029,24.593270373703,24.6294840235847,24.7897045068028,24.6450002255868,24.7432147730614,24.7742102793675,24.8568190268782,24.9135738442187,24.8516579356668,24.9084156166453,24.7793752829217,24.9084156166453,24.836173098535,24.7793752829217,24.8671404277798,24.836173098535,24.8774607869049,24.7070414568379,24.6450002255868,24.7535476535085,24.6760255545029,24.6760255545029,24.8464965838976,24.6553430497988,24.7690450146872,24.7225458756109,24.7587137017957,24.8051963851263,24.8000326866343,24.7845400253874,24.8000326866343,24.6915346834782,24.7535476535085,24.593270373703,24.7328808471969,24.7070414568379,24.7638794888426,24.7225458756109,24.8464965838976,24.8258485704877,24.836173098535,24.8000326866343,24.7897045068028,24.8000326866343,24.8206859153626,24.8413349715329,24.8206859153626,24.8206859153626,24.8929393729232,24.8155229994525,24.9702971889533,24.9960701368761,24.9496741564303,24.9496741564303,25.1145422104357,25.0836496611589,24.9806071469274,25.0218365972651,25.0115307913128,25.0733500742259,25.0424450977087,24.8723007375455,24.9857617364743,24.9909160664447,24.9599861922213,24.9909160664447,24.954830304227,24.9135738442187,24.9290469664651,24.9393610812787,25.0063774992726,25.0115307913128,24.9599861922213,24.7948687272058,25.0527477928007,25.0784999971428,25.0527477928007,25.1042457289643,25.0012239478063,24.9960701368761,25.0166838239645,25.0630494515398,24.9702971889533,24.9496741564303,25.0527477928007,24.86197985757,24.9445177487934,24.8877801045559,24.8671404277798,24.8310109648659,24.8310109648659,24.8413349715329,24.9342041538485,24.8516579356668,24.9445177487934,24.9393610812787,24.8980983810354,25.124837657352,25.0630494515398,25.2225928617629,25.2020205629554,25.3562123467933,25.4178242679226,25.3921571255997,25.4332214756594,25.4845288451903,25.643419186549,25.4229569268991,25.5204287715866,25.6126853634517,25.6997407078597,25.5819423585322,25.5614419170025,25.5716926484544,25.6639033048348,25.6178083047144,25.5563161681696,25.4075581805922,25.5460639041067,25.3870229273887,25.5101729288625
24.6656848260024,24.6967038696157,24.4949113154483,24.6139654618445,24.5052693701856,24.5518675968447,24.7173779975772,24.5104480028654,24.4327408682945,24.5000904743927,24.3497878691456,24.2927184476639,24.4638308334468,24.5570438632356,24.6708553211965,24.5622198668973,24.6036184425424,24.5622198668973,24.6139654618445,24.5208044790397,24.3860881214467,24.5311599032229,24.6346563530609,24.5363372209139,24.5104480028654,24.5104480028654,24.5156263724707,24.5208044790397,24.5052693701856,24.5829212550199,24.4949113154483,24.4949113154483,24.5829212550199,24.5415142757223,24.5208044790397,24.4845522079513,24.4949113154483,24.5052693701856,24.4793722593216,24.3705324552306,24.4897318933139,24.4379231880585,24.5673956078683,24.417192326936,24.4845522079513,24.5518675968447,24.4949113154483,24.4638308334468,24.4638308334468,24.4068253139224,24.6294840235847,24.593270373703,24.5725710861868,24.6139654618445,24.6708553211965,24.6294840235847,24.5363372209139,24.5725710861868,24.6398284203822,24.7845400253874,24.7742102793675,24.7897045068028,24.8000326866343,24.7432147730614,24.8980983810354,24.8464965838976,24.8929393729232,24.836173098535,24.7380479408253,24.7483813439431,24.6501717687129,24.7845400253874,24.8000326866343,24.7535476535085,24.7742102793675,24.7742102793675,24.7638794888426,24.8826205758957,24.6760255545029,24.7277134921382,24.6553430497988,24.68119552596,24.8051963851263,24.7742102793675,24.7897045068028,24.8516579356668,24.8568190268782,24.6915346834782,24.6915346834782,24.8413349715329,24.8310109648659,24.7173779975772,24.7587137017957,24.8206859153626,24.7432147730614,24.7690450146872,24.6760255545029,24.7173779975772,24.7587137017957,24.8051963851263,24.7380479408253,24.7948687272058,24.8464965838976,24.6450002255868,24.7225458756109,24.7122098579989,24.7948687272058,24.7432147730614,24.7225458756109,24.8000326866343,24.7948687272058,24.8206859153626,24.6605140688826,24.68119552596,24.7483813439431,24.6243114319154,24.7535476535085,24.7483813439431,24.5777463018912,24.6036184425424,24.7173779975772,24.7277134921382,24.7432147730614,24.8155229994525,24.8206859153626,24.6915346834782,24.8774607869049,24.7897045068028,24.7948687272058,24.8310109648659,24.9393610812787,24.9084156166453,24.9084156166453,24.7845400253874,24.7380479408253,24.7122098579989,24.7638794888426,24.7173779975772,24.6708553211965,24.8155229994525,24.7173779975772,24.6036184425424,24.7638794888426,24.7225458756109,24.7173779975772,24.7587137017957,24.8310109648659,24.8155229994525,24.7690450146872,24.8155229994525,24.7225458756109,24.7122098579989,24.6915346834782,24.7018727940562,24.7070414568379,24.7587137017957,24.7638794888426,24.7535476535085,24.836173098535,24.8258485704877,24.7845400253874,24.8516579356668,24.8774607869049,24.8051963851263,24.8206859153626,24.7948687272058,24.8258485704877,24.8155229994525,24.8103598227198,24.8671404277798,24.9342041538485,24.9084156166453,24.9238895190908,24.9238895190908,24.9445177487934,25.1093940990381,25.0475965748176,25.0578987516956,25.0321413659635,25.0166838239645,24.9702971889533,24.9909160664447,24.9135738442187,24.918731811688,24.9806071469274,24.9290469664651,24.9135738442187,24.8929393729232,24.9032571289301,25.0372933614365,24.9754522977662,24.9960701368761,25.0939482126385,25.1196900631945,24.9909160664447,24.954830304227,25.0784999971428,25.0578987516956,25.0166838239645,25.0115307913128,25.0269891112523,24.8568190268782,24.9960701368761,25.0475965748176,24.9445177487934,24.9238895190908,24.836173098535,24.7225458756109,24.7793752829217,24.8877801045559,24.8568190268782,24.918731811688,24.9084156166453,24.9445177487934,24.9342041538485,24.9032571289301,24.9599861922213,25.124837657352,25.1917328656758,25.1608635787557,25.3664835674914,25.4691393236678,25.4742694202044,25.5870668306474,25.5716926484544,25.5306835914689,25.5665674104186,25.4126913524992,25.6331755985647,25.5460639041067,25.5511901638832,25.5614419170025,25.4999160630027,25.5409373888032,25.6485405982759,25.5563161681696,25.5665674104186,25.4793992606996,25.3818884725093,25.4999160630027
24.6708553211965,24.588095945611,24.5570438632356,24.6450002255868,24.525982322611,24.5156263724707,24.5777463018912,24.4949113154483,24.2719579925803,24.4586498313649,24.3082860095273,24.3238511901693,24.5000904743927,24.5725710861868,24.5777463018912,24.5725710861868,24.6501717687129,24.6243114319154,24.5777463018912,24.4482870367845,24.4690115721079,24.5208044790397,24.5466910676864,24.6346563530609,24.4327408682945,24.4949113154483,24.5052693701856,24.6087920833666,24.5156263724707,24.5156263724707,24.5415142757223,24.5466910676864,24.6605140688826,24.4586498313649,24.5311599032229,24.5156263724707,24.6346563530609,24.5104480028654,24.4327408682945,24.4586498313649,24.5052693701856,24.5518675968447,24.4379231880585,24.5363372209139,24.4586498313649,24.525982322611,24.4690115721079,24.3653467049792,24.5466910676864,24.5466910676864,24.6191385780148,24.5829212550199,24.6087920833666,24.5466910676864,24.8206859153626,24.7018727940562,24.6553430497988,24.6398284203822,24.6036184425424,24.7277134921382,24.7793752829217,24.6450002255868,24.7742102793675,24.7380479408253,24.8464965838976,24.7432147730614,24.7742102793675,24.8258485704877,24.7535476535085,24.7793752829217,24.7432147730614,24.6967038696157,24.7380479408253,24.7638794888426,24.6967038696157,24.8310109648659,24.7380479408253,24.8206859153626,24.5466910676864,24.6863652356057,24.6863652356057,24.7070414568379,24.7173779975772,24.8774607869049,24.7897045068028,24.8723007375455,24.8877801045559,24.8877801045559,24.8258485704877,24.8929393729232,24.8051963851263,24.8413349715329,24.7122098579989,24.7225458756109,24.7070414568379,24.7070414568379,24.7793752829217,24.68119552596,24.7793752829217,24.7018727940562,24.8051963851263,24.7018727940562,24.8103598227198,24.7380479408253,24.7845400253874,24.7587137017957,24.6708553211965,24.7897045068028,24.8671404277798,24.7277134921382,24.6191385780148,24.7380479408253,24.7483813439431,24.7587137017957,24.6915346834782,24.6605140688826,24.68119552596,24.7070414568379,24.5622198668973,24.6760255545029,24.6605140688826,24.7173779975772,24.7070414568379,24.7380479408253,24.8206859153626,24.8464965838976,24.7018727940562,24.7328808471969,24.8413349715329,24.8826205758957,24.7277134921382,24.8258485704877,24.836173098535,24.9084156166453,24.7535476535085,24.7535476535085,24.7690450146872,24.9135738442187,24.8000326866343,24.8103598227198,24.836173098535,24.7225458756109,24.6708553211965,24.7432147730614,24.7380479408253,24.6863652356057,24.836173098535,24.8671404277798,24.7483813439431,24.7277134921382,24.7070414568379,24.6294840235847,24.7173779975772,24.6915346834782,24.7070414568379,24.8103598227198,24.8671404277798,24.8155229994525,24.7897045068028,24.8464965838976,24.954830304227,24.8826205758957,24.8413349715329,24.9084156166453,24.9084156166453,24.8413349715329,24.8000326866343,25.1042457289643,24.9702971889533,24.9702971889533,24.9651418204509,24.8568190268782,24.9290469664651,24.9754522977662,24.9806071469274,25.0733500742259,25.0115307913128,25.1145422104357,25.0372933614365,25.0269891112523,24.9909160664447,24.9135738442187,24.8051963851263,24.9857617364743,24.9084156166453,25.0166838239645,24.9135738442187,25.0269891112523,24.9084156166453,25.0784999971428,24.9857617364743,25.0063774992726,25.0115307913128,25.0012239478063,25.0527477928007,25.1042457289643,25.1145422104357,25.0218365972651,25.0939482126385,25.0475965748176,24.9960701368761,25.1145422104357,25.0115307913128,24.954830304227,24.9135738442187,24.9754522977662,24.8155229994525,24.8051963851263,24.7225458756109,24.7948687272058,24.9342041538485,24.9393610812787,24.8826205758957,24.9290469664651,24.9342041538485,24.9960701368761,25.0218365972651,24.9909160664447,25.0012239478063,25.14027888859,25.3202549803643,25.3562123467933,25.4383533655169,25.4537474974415,25.5819423585322,25.5665674104186,25.5306835914689,25.6536617552083,25.5306835914689,25.494787246305,25.6843833481574,25.643419186549,25.5358106179362,25.5563161681696,25.5409373888032,25.464008971053,25.5050446238429,25.6331755985647,25.4486163763711,25.4024247521646
24.7742102793675,24.6605140688826,24.5570438632356,24.6139654618445,24.598444539334,24.6967038696157,24.6967038696157,24.5415142757223,24.3394139906367,24.2511932998677,24.2408093636233,24.3290390547373,24.4741920473867,24.5725710861868,24.588095945611,24.5466910676864,24.5829212550199,24.6243114319154,24.6036184425424,24.6501717687129,24.6139654618445,24.5363372209139,24.5829212550199,24.5156263724707,24.5052693701856,24.6501717687129,24.5156263724707,24.5052693701856,24.4741920473867,24.5000904743927,24.5311599032229,24.4482870367845,24.5208044790397,24.5311599032229,24.4482870367845,24.4431052442089,24.4431052442089,24.4690115721079,24.4897318933139,24.4327408682945,24.4223754377718,24.5104480028654,24.4793722593216,24.5363372209139,24.5052693701856,24.3705324552306,24.4845522079513,24.4431052442089,24.3809031634257,24.4482870367845,24.5363372209139,24.4793722593216,24.593270373703,24.6605140688826,24.6243114319154,24.6398284203822,24.6087920833666,24.5156263724707,24.5052693701856,24.5777463018912,24.6605140688826,24.7277134921382,24.7690450146872,24.7793752829217,24.8103598227198,24.7225458756109,24.7948687272058,24.8464965838976,24.8413349715329,24.7225458756109,24.7432147730614,24.7845400253874,24.7845400253874,24.7845400253874,24.7122098579989,24.7122098579989,24.7897045068028,24.6915346834782,24.7380479408253,24.6501717687129,24.7793752829217,24.7122098579989,24.8051963851263,24.7328808471969,24.8413349715329,24.7742102793675,24.7690450146872,24.8155229994525,24.9445177487934,24.8413349715329,24.7845400253874,24.8155229994525,24.7328808471969,24.7277134921382,24.6760255545029,24.7948687272058,24.7948687272058,24.6967038696157,24.7690450146872,24.6863652356057,24.7173779975772,24.8155229994525,24.9084156166453,24.7793752829217,24.8310109648659,24.7793752829217,24.6656848260024,24.7483813439431,24.7742102793675,24.7225458756109,24.7742102793675,24.7587137017957,24.7587137017957,24.7328808471969,24.7432147730614,24.7225458756109,24.68119552596,24.5829212550199,24.5466910676864,24.7432147730614,24.7070414568379,24.68119552596,24.6708553211965,24.8516579356668,24.7587137017957,24.6553430497988,24.6915346834782,24.7380479408253,24.6967038696157,24.8155229994525,24.8000326866343,24.8206859153626,24.8464965838976,24.6967038696157,24.7742102793675,24.7638794888426,24.8877801045559,24.7432147730614,24.7535476535085,24.7380479408253,24.7328808471969,24.7328808471969,24.7328808471969,24.7173779975772,24.7122098579989,24.8155229994525,24.6967038696157,24.7690450146872,24.7277134921382,24.7173779975772,24.7122098579989,24.7122098579989,24.7018727940562,24.7742102793675,24.7948687272058,24.7277134921382,24.7948687272058,24.86197985757,24.836173098535,24.8516579356668,24.8568190268782,24.7793752829217,24.7948687272058,24.8000326866343,24.8980983810354,24.8051963851263,24.8310109648659,24.8413349715329,24.9702971889533,24.9754522977662,25.0630494515398,24.9857617364743,25.0166838239645,25.0012239478063,25.124837657352,24.9960701368761,24.9702971889533,25.0475965748176,25.0475965748176,25.0527477928007,25.0218365972651,25.0166838239645,25.0012239478063,24.9290469664651,25.0063774992726,25.0166838239645,24.9909160664447,24.9393610812787,24.8413349715329,24.8877801045559,25.0424450977087,25.0115307913128,25.0012239478063,25.0063774992726,25.0784999971428,24.9960701368761,24.9806071469274,25.1505717504272,25.1557177937613,24.9238895190908,25.0321413659635,25.0063774992726,24.9599861922213,24.9496741564303,24.9806071469274,24.8258485704877,24.8723007375455,24.7897045068028,24.9393610812787,24.9342041538485,24.8568190268782,24.9290469664651,24.8103598227198,24.8206859153626,24.9599861922213,24.8774607869049,25.1454254487159,24.9806071469274,25.14027888859,25.1557177937613,25.1865886299367,25.3202549803643,25.3510763511273,25.3921571255997,25.5665674104186,25.4280893294658,25.4999160630027,25.5460639041067,25.4691393236678,25.5255563093646,25.5511901638832,25.5306835914689,25.4845288451903,25.6382975199907,25.6178083047144,25.5563161681696,25.4999160630027,25.5716926484544,25.5563161681696,25.5511901638832
24.5777463018912,24.593270373703,24.5104480028654,24.6243114319154,24.68119552596,24.5570438632356,24.5466910676864,24.4793722593216,24.2511932998677,24.261576176083,24.1888737710728,24.2408093636233,24.3082860095273,24.4431052442089,24.5104480028654,24.4223754377718,24.4845522079513,24.396457245529,24.6191385780148,24.6346563530609,24.6294840235847,24.6243114319154,24.6346563530609,24.6450002255868,24.6294840235847,24.5000904743927,24.2979078995965,24.4845522079513,24.5570438632356,24.4223754377718,24.5208044790397,24.5104480028654,24.4431052442089,24.4379231880585,24.4431052442089,24.4327408682945,24.4534685658236,24.4638308334468,24.4638308334468,24.4949113154483,24.3446010620456,24.4275582848784,24.4741920473867,24.5000904743927,24.4223754377718,24.417192326936,24.3705324552306,24.4327408682945,24.3601606905737,24.4845522079513,24.4223754377718,24.5829212550199,24.4379231880585,24.5725710861868,24.5311599032229,24.6243114319154,24.6398284203822,24.5000904743927,24.5622198668973,24.6915346834782,24.7638794888426,24.8310109648659,24.7535476535085,24.7587137017957,24.8568190268782,24.7173779975772,24.7328808471969,24.5725710861868,24.7845400253874,24.6863652356057,24.7122098579989,24.6346563530609,24.7535476535085,24.7587137017957,24.7483813439431,24.68119552596,24.7225458756109,24.7535476535085,24.6915346834782,24.6450002255868,24.6760255545029,24.7690450146872,24.7225458756109,24.7793752829217,24.7793752829217,24.7225458756109,24.8723007375455,24.7845400253874,24.7845400253874,24.7483813439431,24.8206859153626,24.9445177487934,24.8206859153626,24.836173098535,24.7018727940562,24.7173779975772,24.7432147730614,24.6760255545029,24.6605140688826,24.6863652356057,24.7483813439431,24.8568190268782,24.7948687272058,24.7328808471969,24.8155229994525,24.9238895190908,24.6863652356057,24.8723007375455,24.7587137017957,24.7432147730614,24.7122098579989,24.68119552596,24.6708553211965,24.6656848260024,24.6863652356057,24.7018727940562,24.7018727940562,24.5466910676864,24.6863652356057,24.5415142757223,24.6863652356057,24.7793752829217,24.8258485704877,24.7483813439431,24.7328808471969,24.8671404277798,24.8051963851263,24.7432147730614,24.7845400253874,24.8206859153626,24.8000326866343,24.8258485704877,24.6760255545029,24.7483813439431,24.7432147730614,24.7225458756109,24.6967038696157,24.7225458756109,24.7845400253874,24.7483813439431,24.7845400253874,24.7380479408253,24.7380479408253,24.6915346834782,24.86197985757,24.8723007375455,24.7587137017957,24.8568190268782,24.8310109648659,24.7122098579989,24.8155229994525,24.8206859153626,24.8155229994525,24.7173779975772,24.8206859153626,24.9084156166453,24.8051963851263,24.7793752829217,24.86197985757,24.8051963851263,24.8723007375455,24.8206859153626,24.7225458756109,24.7948687272058,24.918731811688,24.86197985757,24.918731811688,24.9238895190908,24.9599861922213,24.9290469664651,24.9651418204509,24.9651418204509,24.9238895190908,25.0063774992726,24.9496741564303,24.836173098535,25.0115307913128,24.9960701368761,25.0372933614365,25.0218365972651,24.86197985757,25.0012239478063,24.9496741564303,24.9342041538485,24.9445177487934,24.9754522977662,24.9754522977662,24.9238895190908,24.9806071469274,25.0372933614365,24.9754522977662,24.9806071469274,24.9651418204509,24.9857617364743,25.0269891112523,24.9806071469274,25.0321413659635,25.0321413659635,25.124837657352,25.1505717504272,25.0115307913128,25.0424450977087,24.9857617364743,25.0527477928007,24.9393610812787,24.9702971889533,24.8826205758957,24.8464965838976,24.8155229994525,24.9445177487934,24.8826205758957,24.8671404277798,24.8877801045559,24.9290469664651,24.9032571289301,24.9599861922213,25.0887990663117,25.1042457289643,25.1351320700124,25.1454254487159,25.1711543738743,25.3613480855689,25.3716187925976,25.4126913524992,25.5358106179362,25.5563161681696,25.4280893294658,25.5409373888032,25.4691393236678,25.5819423585322,25.5050446238429,25.5153009780981,25.494787246305,25.5768176311468,25.5460639041067,25.4742694202044,25.5050446238429,25.4537474974415,25.4486163763711,25.4742694202044
24.7845400253874,24.7070414568379,24.5208044790397,24.6863652356057,24.6605140688826,24.5673956078683,24.593270373703,24.3238511901693,24.2823387496704,24.2823387496704,24.2511932998677,24.2511932998677,24.261576176083,24.3601606905737,24.4949113154483,24.6553430497988,24.5622198668973,24.6036184425424,24.5570438632356,24.5518675968447,24.6450002255868,24.5570438632356,24.525982322611,24.7122098579989,24.525982322611,24.5777463018912,24.4741920473867,24.4379231880585,24.4068253139224,24.4793722593216,24.5104480028654,24.4897318933139,24.5208044790397,24.4327408682945,24.4379231880585,24.525982322611,24.4741920473867,24.4638308334468,24.5518675968447,24.5466910676864,24.5363372209139,24.5156263724707,24.5104480028654,24.5052693701856,24.5104480028654,24.3860881214467,24.4534685658236,24.4068253139224,24.4793722593216,24.5311599032229,24.593270373703,24.4949113154483,24.4638308334468,24.5466910676864,24.525982322611,24.6294840235847,24.5518675968447,24.525982322611,24.68119552596,24.6605140688826,24.7535476535085,24.6967038696157,24.7845400253874,24.6967038696157,24.8413349715329,24.836173098535,24.7328808471969,24.7432147730614,24.6656848260024,24.7018727940562,24.8103598227198,24.7122098579989,24.7122098579989,24.836173098535,24.7587137017957,24.6760255545029,24.6243114319154,24.6605140688826,24.588095945611,24.7638794888426,24.6605140688826,24.7328808471969,24.7587137017957,24.7638794888426,24.8206859153626,24.7742102793675,24.9496741564303,24.7587137017957,24.7638794888426,24.8103598227198,24.8103598227198,24.9754522977662,24.8413349715329,24.8464965838976,24.8000326866343,24.6605140688826,24.6191385780148,24.7535476535085,24.6605140688826,24.6863652356057,24.7173779975772,24.7535476535085,24.7380479408253,24.7535476535085,24.7535476535085,24.8155229994525,24.8103598227198,24.8206859153626,24.6553430497988,24.8000326866343,24.7328808471969,24.7638794888426,24.7070414568379,24.7277134921382,24.6760255545029,24.7122098579989,24.6863652356057,24.5570438632356,24.6760255545029,24.7018727940562,24.7587137017957,24.7122098579989,24.6915346834782,24.8155229994525,24.8413349715329,24.8206859153626,24.7638794888426,24.7328808471969,24.7897045068028,24.6708553211965,24.7173779975772,24.7793752829217,24.7897045068028,24.7793752829217,24.8103598227198,24.6967038696157,24.7690450146872,24.7018727940562,24.7225458756109,24.9393610812787,24.7432147730614,24.7432147730614,24.6605140688826,24.6708553211965,24.7277134921382,24.8464965838976,24.7948687272058,24.8206859153626,24.8258485704877,24.8000326866343,24.598444539334,24.8051963851263,24.7173779975772,24.7845400253874,24.7742102793675,24.8103598227198,24.8826205758957,24.7483813439431,24.8516579356668,24.7845400253874,24.8310109648659,24.8310109648659,24.8671404277798,24.8980983810354,24.8000326866343,24.8929393729232,24.918731811688,24.8671404277798,24.8877801045559,24.9702971889533,25.0166838239645,24.9909160664447,24.918731811688,24.9651418204509,25.0063774992726,24.954830304227,24.9806071469274,24.9909160664447,25.0630494515398,24.954830304227,25.0372933614365,24.9496741564303,24.9342041538485,24.954830304227,24.9445177487934,25.0681998923707,24.8774607869049,24.9238895190908,24.9754522977662,25.0372933614365,24.9806071469274,24.9960701368761,25.0681998923707,25.0630494515398,24.9702971889533,25.0218365972651,25.1608635787557,25.0166838239645,25.1505717504272,25.0269891112523,24.9393610812787,25.0321413659635,25.0578987516956,24.9702971889533,25.0578987516956,24.918731811688,24.8000326866343,24.8826205758957,24.8516579356668,24.86197985757,24.8155229994525,24.8826205758957,24.8980983810354,24.9960701368761,24.9857617364743,25.0630494515398,25.1454254487159,25.0939482126385,25.0784999971428,25.0887990663117,25.1557177937613,25.3356668224182,25.3767537609245,25.5409373888032,25.4486163763711,25.5768176311468,25.4537474974415,25.5614419170025,25.5973150092137,25.5716926484544,25.622930990963,25.6331755985647,25.5460639041067,25.7099776754511,25.494787246305,25.5563161681696,25.5819423585322,25.4383533655169,25.5921910475291,25.3562123467933
24.6605140688826,24.6398284203822,24.8051963851263,24.5725710861868,24.4897318933139,24.4431052442089,24.4845522079513,24.593270373703,24.2771485035319,24.235616997893,24.2771485035319,24.1888737710728,24.4275582848784,24.5052693701856,24.5104480028654,24.4068253139224,24.4586498313649,24.6191385780148,24.4793722593216,24.5829212550199,24.6398284203822,24.6450002255868,24.5415142757223,24.6501717687129,24.6036184425424,24.5208044790397,24.4949113154483,24.4482870367845,24.4482870367845,24.5208044790397,24.6294840235847,24.3912728154683,24.4327408682945,24.4482870367845,24.4275582848784,24.417192326936,24.4845522079513,24.4327408682945,24.5156263724707,24.525982322611,24.5311599032229,24.5311599032229,24.4120089523324,24.3342266548802,24.4068253139224,24.5104480028654,24.3757179413665,24.4638308334468,24.3809031634257,24.4534685658236,24.6087920833666,24.4586498313649,24.4845522079513,24.5622198668973,24.5622198668973,24.6243114319154,24.7432147730614,24.5673956078683,24.5673956078683,24.6863652356057,24.7018727940562,24.8464965838976,24.6915346834782,24.8103598227198,24.6967038696157,24.6967038696157,24.8671404277798,24.7122098579989,24.6863652356057,24.6708553211965,24.7380479408253,24.6967038696157,24.7018727940562,24.7328808471969,24.8671404277798,24.6553430497988,24.6139654618445,24.6087920833666,24.6087920833666,24.7225458756109,24.7742102793675,24.7432147730614,24.7070414568379,24.6605140688826,24.7122098579989,24.7587137017957,24.9135738442187,24.7845400253874,24.8206859153626,24.9960701368761,24.8155229994525,24.8723007375455,24.7948687272058,24.8000326866343,24.7897045068028,24.7587137017957,24.6760255545029,24.7225458756109,24.6708553211965,24.6294840235847,24.6915346834782,24.7535476535085,24.7948687272058,24.8464965838976,24.8258485704877,24.8155229994525,24.8206859153626,24.6967038696157,24.7948687272058,24.6605140688826,24.7690450146872,24.7070414568379,24.7587137017957,24.6915346834782,24.68119552596,24.6915346834782,24.6760255545029,24.5673956078683,24.6708553211965,24.6863652356057,24.6346563530609,24.6553430497988,24.836173098535,24.8206859153626,24.7535476535085,24.8516579356668,24.7070414568379,24.7018727940562,24.7793752829217,24.7122098579989,24.6967038696157,24.7690450146872,24.7845400253874,24.7948687272058,24.7380479408253,24.7793752829217,24.7845400253874,24.7742102793675,24.7638794888426,24.7587137017957,24.7638794888426,24.7173779975772,24.7173779975772,24.7380479408253,24.7122098579989,24.8258485704877,24.8723007375455,24.8206859153626,24.8000326866343,24.7897045068028,24.7380479408253,24.7845400253874,24.8464965838976,24.7432147730614,24.7432147730614,24.7638794888426,24.7380479408253,24.7483813439431,24.7638794888426,24.7742102793675,24.7535476535085,24.6967038696157,24.7845400253874,24.7690450146872,24.8000326866343,24.8310109648659,24.8774607869049,24.86197985757,24.9909160664447,25.0063774992726,24.9960701368761,24.9960701368761,24.9084156166453,24.9032571289301,24.9290469664651,24.9599861922213,25.0578987516956,24.954830304227,24.9651418204509,24.9599861922213,24.9754522977662,24.9806071469274,24.9445177487934,24.836173098535,24.9393610812787,24.9599861922213,24.9960701368761,24.9032571289301,25.1042457289643,24.8723007375455,25.1454254487159,25.0269891112523,25.0269891112523,25.0372933614365,25.0681998923707,25.0115307913128,25.1557177937613,25.1608635787557,25.0836496611589,25.1351320700124,25.0115307913128,25.1196900631945,24.9445177487934,25.0630494515398,24.9857617364743,24.9651418204509,24.8155229994525,24.9857617364743,24.9032571289301,24.9032571289301,24.8929393729232,24.8929393729232,24.9393610812787,24.9857617364743,25.0939482126385,24.9806071469274,25.1299849929454,25.0527477928007,25.1196900631945,25.3408035889768,25.14027888859,25.2380193782588,25.3510763511273,25.5358106179362,25.3972910671794,25.5204287715866,25.5614419170025,25.5614419170025,25.715095777693,25.5306835914689,25.6075621671384,25.6178083047144,25.6126853634517,25.5973150092137,25.5204287715866,25.6126853634517,25.5665674104186,25.6280534222343,25.5306835914689,25.4845288451903
24.5363372209139,24.5466910676864,24.6036184425424,24.5363372209139,24.5518675968447,24.525982322611,24.3809031634257,24.3705324552306,24.2927184476639,24.1836787523513,24.1732879183289,24.3809031634257,24.396457245529,24.4223754377718,24.5156263724707,24.4949113154483,24.4327408682945,24.598444539334,24.5777463018912,24.6087920833666,24.6450002255868,24.5829212550199,24.6553430497988,24.5518675968447,24.7070414568379,24.5829212550199,24.6863652356057,24.4379231880585,24.5829212550199,24.3705324552306,24.4741920473867,24.4741920473867,24.5000904743927,24.4379231880585,24.525982322611,24.3394139906367,24.4379231880585,24.5363372209139,24.4379231880585,24.4379231880585,24.4690115721079,24.396457245529,24.3238511901693,24.2460014642685,24.3912728154683,24.3601606905737,24.4690115721079,24.3860881214467,24.396457245529,24.5311599032229,24.4690115721079,24.4949113154483,24.5622198668973,24.6191385780148,24.7173779975772,24.6863652356057,24.6656848260024,24.7070414568379,24.6915346834782,24.7225458756109,24.6967038696157,24.6656848260024,24.7638794888426,24.7483813439431,24.8310109648659,24.8568190268782,24.7018727940562,24.7380479408253,24.6863652356057,24.6915346834782,24.8310109648659,24.6450002255868,24.7432147730614,24.836173098535,24.6915346834782,24.8206859153626,24.6708553211965,24.6915346834782,24.6036184425424,24.7897045068028,24.6656848260024,24.6605140688826,24.7122098579989,24.7380479408253,24.7432147730614,24.8051963851263,24.7742102793675,24.7638794888426,24.7845400253874,24.9909160664447,24.8051963851263,24.8206859153626,24.6967038696157,24.7742102793675,24.8051963851263,24.7380479408253,24.593270373703,24.6294840235847,24.6087920833666,24.6243114319154,24.6243114319154,24.7122098579989,24.7122098579989,24.7432147730614,24.8258485704877,24.7173779975772,24.8155229994525,24.8103598227198,24.8051963851263,24.7483813439431,24.7225458756109,24.7432147730614,24.7122098579989,24.7328808471969,24.6967038696157,24.7018727940562,24.6708553211965,24.6967038696157,24.6605140688826,24.6553430497988,24.6243114319154,24.6605140688826,24.7277134921382,24.7690450146872,24.8155229994525,24.8155229994525,24.7638794888426,24.7690450146872,24.7225458756109,24.6863652356057,24.6967038696157,24.7432147730614,24.7070414568379,24.6967038696157,24.6863652356057,24.7225458756109,24.7793752829217,24.7742102793675,24.7225458756109,24.7587137017957,24.6760255545029,24.7277134921382,24.7225458756109,24.7535476535085,24.8000326866343,24.8413349715329,24.8774607869049,24.9496741564303,24.8258485704877,24.593270373703,24.8929393729232,24.8464965838976,24.8258485704877,24.8051963851263,24.7638794888426,24.8310109648659,24.7690450146872,24.8051963851263,24.8000326866343,24.7690450146872,24.7690450146872,24.7793752829217,24.7690450146872,24.7845400253874,24.8000326866343,24.836173098535,24.8413349715329,24.7845400253874,24.8206859153626,24.9135738442187,24.9290469664651,24.9290469664651,24.9496741564303,24.7587137017957,24.8671404277798,24.8980983810354,24.954830304227,24.9702971889533,24.9445177487934,24.9496741564303,24.9445177487934,24.9445177487934,24.8258485704877,24.86197985757,24.8413349715329,24.9135738442187,24.9393610812787,24.86197985757,24.8723007375455,25.0630494515398,25.0166838239645,24.9496741564303,24.9393610812787,25.0321413659635,24.9857617364743,24.9032571289301,25.0424450977087,25.0166838239645,25.0372933614365,25.0475965748176,25.0527477928007,25.0836496611589,25.0887990663117,25.0887990663117,25.0887990663117,24.9445177487934,24.9599861922213,24.8464965838976,24.86197985757,24.836173098535,24.86197985757,24.9909160664447,24.954830304227,24.9806071469274,25.0012239478063,24.9857617364743,25.0578987516956,25.124837657352,25.1454254487159,25.1351320700124,25.2277352917338,25.2071640245704,25.3459400985342,25.4024247521646,25.4024247521646,25.4691393236678,25.4229569268991,25.5204287715866,25.4896581737131,25.5409373888032,25.5153009780981,25.6178083047144,25.602438715738,25.4896581737131,25.4793992606996,25.4126913524992,25.494787246305,25.4742694202044,25.494787246305,25.5973150092137
24.5622198668973,24.5415142757223,24.598444539334,24.5052693701856,24.5673956078683,24.4586498313649,24.3705324552306,24.3394139906367,24.2979078995965,24.1888737710728,24.2927184476639,24.525982322611,24.5052693701856,24.6087920833666,24.4638308334468,24.4845522079513,24.3549744119754,24.4275582848784,24.4638308334468,24.4016414116675,24.6605140688826,24.5673956078683,24.6450002255868,24.6708553211965,24.5777463018912,24.5415142757223,24.6036184425424,24.6087920833666,24.5570438632356,24.5777463018912,24.5829212550199,24.5622198668973,24.4741920473867,24.4327408682945,24.4690115721079,24.5104480028654,24.4379231880585,24.5363372209139,24.5466910676864,24.6656848260024,24.5000904743927,24.4949113154483,24.2460014642685,24.3757179413665,24.2979078995965,24.3860881214467,24.4845522079513,24.4068253139224,24.4793722593216,24.5673956078683,24.417192326936,24.5000904743927,24.6398284203822,24.6346563530609,24.6346563530609,24.7587137017957,24.6708553211965,24.7742102793675,24.7638794888426,24.8258485704877,24.8000326866343,24.7690450146872,24.7380479408253,24.6605140688826,24.7638794888426,24.8000326866343,24.7018727940562,24.7225458756109,24.6967038696157,24.7070414568379,24.6605140688826,24.7277134921382,24.7122098579989,24.7948687272058,24.6501717687129,24.6553430497988,24.6243114319154,24.6294840235847,24.6760255545029,24.7380479408253,24.7173779975772,24.7638794888426,24.7845400253874,24.7587137017957,24.7277134921382,24.7690450146872,24.6708553211965,24.7897045068028,24.7173779975772,24.7690450146872,24.8464965838976,24.7897045068028,24.8051963851263,24.7897045068028,24.8051963851263,24.7845400253874,24.7690450146872,24.6036184425424,24.6243114319154,24.5777463018912,24.6191385780148,24.6139654618445,24.6139654618445,24.6191385780148,24.7070414568379,24.7897045068028,24.6656848260024,24.7535476535085,24.7793752829217,24.7793752829217,24.7690450146872,24.7690450146872,24.7225458756109,24.7432147730614,24.7897045068028,24.7690450146872,24.7742102793675,24.6967038696157,24.6139654618445,24.6294840235847,24.6243114319154,24.8155229994525,24.6967038696157,24.7483813439431,24.7845400253874,24.8929393729232,24.7793752829217,24.8051963851263,24.7018727940562,24.68119552596,24.7535476535085,24.7638794888426,24.7948687272058,24.8103598227198,24.8310109648659,24.8000326866343,24.8000326866343,24.7122098579989,24.8051963851263,24.7638794888426,24.7793752829217,24.7277134921382,24.7122098579989,24.7845400253874,24.8206859153626,24.8774607869049,24.7793752829217,24.8671404277798,24.8826205758957,24.8671404277798,24.7948687272058,24.8723007375455,24.7845400253874,24.7638794888426,24.8051963851263,24.7173779975772,24.6915346834782,24.7432147730614,24.7225458756109,24.8051963851263,24.7535476535085,24.86197985757,24.836173098535,24.7948687272058,24.7432147730614,24.7535476535085,24.8464965838976,24.8413349715329,24.8413349715329,24.8103598227198,24.8155229994525,24.9909160664447,24.9342041538485,24.954830304227,24.9445177487934,24.954830304227,24.9651418204509,25.0218365972651,25.0321413659635,25.0115307913128,25.0012239478063,25.0321413659635,24.9445177487934,25.0578987516956,25.0475965748176,25.0475965748176,24.8568190268782,24.9342041538485,25.0681998923707,25.0166838239645,25.0321413659635,25.0321413659635,25.0527477928007,24.8826205758957,25.0578987516956,25.0527477928007,25.0475965748176,25.0939482126385,25.0475965748176,25.0681998923707,25.0784999971428,25.0681998923707,25.0784999971428,24.9290469664651,24.918731811688,24.8877801045559,25.0269891112523,24.7948687272058,24.9238895190908,24.9702971889533,24.9702971889533,24.836173098535,24.9599861922213,24.9909160664447,24.9909160664447,25.0630494515398,25.1299849929454,25.2020205629554,25.0527477928007,25.0836496611589,25.1145422104357,25.3664835674914,25.4178242679226,25.3818884725093,25.3767537609245,25.4793992606996,25.4332214756594,25.4126913524992,25.4280893294658,25.5973150092137,25.5870668306474,25.4896581737131,25.5204287715866,25.6075621671384,25.494787246305,25.5511901638832,25.4691393236678,25.5665674104186,25.4537474974415,25.3921571255997
24.4223754377718,24.5311599032229,24.5363372209139,24.3757179413665,24.5052693701856,24.3705324552306,24.3809031634257,24.235616997893,24.2460014642685,24.2979078995965,24.1888737710728,24.2979078995965,24.5156263724707,24.5104480028654,24.4275582848784,24.2408093636233,24.235616997893,24.2875287310348,24.3446010620456,24.396457245529,24.5156263724707,24.6605140688826,24.6191385780148,24.5673956078683,24.6708553211965,24.6294840235847,24.5725710861868,24.7432147730614,24.593270373703,24.4793722593216,24.4949113154483,24.5156263724707,24.3757179413665,24.3757179413665,24.5363372209139,24.417192326936,24.4482870367845,24.4120089523324,24.4327408682945,24.417192326936,24.4431052442089,24.4482870367845,24.0901229747396,24.3238511901693,24.3497878691456,24.3394139906367,24.3030970868713,24.4949113154483,24.4586498313649,24.3757179413665,24.4897318933139,24.4638308334468,24.6139654618445,24.4949113154483,24.598444539334,24.5673956078683,24.6139654618445,24.6915346834782,24.7535476535085,24.7277134921382,24.7225458756109,24.8155229994525,24.6760255545029,24.7690450146872,24.7948687272058,24.68119552596,24.6708553211965,24.7380479408253,24.8206859153626,24.7018727940562,24.6967038696157,24.6346563530609,24.7018727940562,24.7173779975772,24.7845400253874,24.6501717687129,24.6760255545029,24.7897045068028,24.6915346834782,24.6450002255868,24.7122098579989,24.7690450146872,24.7225458756109,24.6656848260024,24.7587137017957,24.7018727940562,24.7432147730614,24.7225458756109,24.7483813439431,24.7432147730614,24.7225458756109,24.7225458756109,24.7173779975772,24.7277134921382,24.7587137017957,24.6501717687129,24.8051963851263,24.6036184425424,24.6346563530609,24.593270373703,24.6139654618445,24.5311599032229,24.5208044790397,24.5104480028654,24.6450002255868,24.525982322611,24.7483813439431,24.7742102793675,24.6605140688826,24.7328808471969,24.7432147730614,24.7018727940562,24.7638794888426,24.7122098579989,24.7587137017957,24.7173779975772,24.6191385780148,24.6656848260024,24.6863652356057,24.5415142757223,24.5622198668973,24.6553430497988,24.7173779975772,24.8877801045559,24.8000326866343,24.7328808471969,24.7897045068028,24.7587137017957,24.7690450146872,24.7948687272058,24.8051963851263,24.6915346834782,24.7277134921382,24.7018727940562,24.7742102793675,24.7690450146872,24.8980983810354,24.6501717687129,24.7483813439431,24.6760255545029,24.7122098579989,24.7380479408253,24.7018727940562,24.588095945611,24.7122098579989,24.86197985757,24.8155229994525,24.8568190268782,24.8258485704877,24.7948687272058,24.7587137017957,24.8258485704877,24.8310109648659,24.7535476535085,24.7277134921382,24.7638794888426,24.6501717687129,24.6915346834782,24.6501717687129,24.6708553211965,24.7380479408253,24.8206859153626,24.8413349715329,24.8310109648659,24.8051963851263,24.6863652356057,24.68119552596,24.836173098535,24.8103598227198,24.9599861922213,24.9599861922213,24.9445177487934,24.9084156166453,24.8258485704877,24.8671404277798,24.9754522977662,24.9135738442187,24.9084156166453,24.8980983810354,25.0063774992726,25.0115307913128,25.0218365972651,24.8671404277798,25.0012239478063,25.0115307913128,24.918731811688,24.954830304227,24.9084156166453,24.9342041538485,24.9806071469274,24.8671404277798,25.0269891112523,25.0372933614365,24.9857617364743,25.0681998923707,25.0424450977087,25.0681998923707,25.0115307913128,25.0887990663117,25.0887990663117,25.0784999971428,25.0012239478063,24.8774607869049,24.9651418204509,24.9960701368761,24.8929393729232,24.9445177487934,24.9032571289301,24.8103598227198,24.9651418204509,24.8568190268782,24.8258485704877,24.9238895190908,24.9496741564303,24.9599861922213,25.0321413659635,25.0887990663117,25.124837657352,25.0321413659635,25.2688654531791,25.124837657352,25.3356668224182,25.1917328656758,25.4075581805922,25.4178242679226,25.3716187925976,25.3921571255997,25.4999160630027,25.5050446238429,25.3972910671794,25.5870668306474,25.5460639041067,25.4742694202044,25.5050446238429,25.5614419170025,25.5409373888032,25.4280893294658,25.5768176311468,25.4896581737131,25.5101729288625
24.5104480028654,24.5052693701856,24.5466910676864,24.5518675968447,24.5052693701856,24.396457245529,24.396457245529,24.2771485035319,24.3860881214467,24.235616997893,24.261576176083,24.3549744119754,24.417192326936,24.4275582848784,24.4431052442089,24.3601606905737,24.4068253139224,24.4068253139224,24.4068253139224,24.4068253139224,24.598444539334,24.5466910676864,24.6501717687129,24.5363372209139,24.6243114319154,24.6087920833666,24.7070414568379,24.6243114319154,24.6036184425424,24.5466910676864,24.4793722593216,24.5052693701856,24.4690115721079,24.4482870367845,24.4534685658236,24.4793722593216,24.5208044790397,24.4068253139224,24.4068253139224,24.4431052442089,24.396457245529,24.5311599032229,24.3809031634257,24.3497878691456,24.3860881214467,24.3912728154683,24.4275582848784,24.4897318933139,24.4223754377718,24.4690115721079,24.6036184425424,24.598444539334,24.6346563530609,24.5829212550199,24.6501717687129,24.6553430497988,24.7173779975772,24.7018727940562,24.7535476535085,24.6967038696157,24.8103598227198,24.8206859153626,24.7122098579989,24.7483813439431,24.7018727940562,24.7690450146872,24.8051963851263,24.7380479408253,24.7690450146872,24.7535476535085,24.7380479408253,24.7225458756109,24.7328808471969,24.9032571289301,24.7742102793675,24.6915346834782,24.6294840235847,24.6294840235847,24.7018727940562,24.7225458756109,24.7845400253874,24.7587137017957,24.8206859153626,24.7483813439431,24.8568190268782,24.7948687272058,24.7432147730614,24.7225458756109,24.8671404277798,24.7277134921382,24.7793752829217,24.7070414568379,24.7070414568379,24.7225458756109,24.7897045068028,24.8000326866343,24.6605140688826,24.6501717687129,24.5673956078683,24.6294840235847,24.5466910676864,24.593270373703,24.5518675968447,24.5156263724707,24.6398284203822,24.6915346834782,24.6967038696157,24.593270373703,24.6501717687129,24.8155229994525,24.7432147730614,24.6191385780148,24.7638794888426,24.8413349715329,24.8464965838976,24.7225458756109,24.7173779975772,24.6708553211965,24.7277134921382,24.6450002255868,24.6760255545029,24.6760255545029,24.6191385780148,24.6863652356057,24.7483813439431,24.7535476535085,24.7948687272058,24.7793752829217,24.8051963851263,24.7742102793675,24.7845400253874,24.7897045068028,24.8310109648659,24.8000326866343,24.7328808471969,24.7587137017957,24.7380479408253,24.86197985757,24.7380479408253,24.6863652356057,24.68119552596,24.8155229994525,24.7328808471969,24.8000326866343,24.7793752829217,24.7380479408253,24.7535476535085,24.8568190268782,24.86197985757,24.7432147730614,24.7535476535085,24.8155229994525,24.7483813439431,24.7535476535085,24.7380479408253,24.6863652356057,24.7173779975772,24.8103598227198,24.7897045068028,24.7277134921382,24.9651418204509,24.7070414568379,24.7690450146872,24.8051963851263,24.8000326866343,24.7380479408253,24.7638794888426,24.7535476535085,24.8464965838976,24.7483813439431,24.954830304227,24.9135738442187,24.9135738442187,24.9135738442187,24.8258485704877,24.836173098535,24.9084156166453,24.8774607869049,24.9909160664447,25.0475965748176,24.9806071469274,24.9393610812787,24.954830304227,24.9342041538485,24.9290469664651,24.9135738442187,24.8464965838976,24.8774607869049,24.9960701368761,24.9032571289301,24.9754522977662,24.9290469664651,24.9909160664447,25.0578987516956,25.0321413659635,24.9754522977662,25.0115307913128,24.9960701368761,25.0887990663117,25.0424450977087,25.0681998923707,24.8877801045559,25.0681998923707,24.9084156166453,24.9445177487934,24.8516579356668,24.8723007375455,25.0475965748176,24.7742102793675,24.8671404277798,24.8877801045559,25.0063774992726,24.9393610812787,25.0012239478063,24.9857617364743,25.1299849929454,25.2277352917338,25.1454254487159,25.1196900631945,25.1454254487159,25.1093940990381,25.2071640245704,25.3510763511273,25.3613480855689,25.3664835674914,25.5153009780981,25.4793992606996,25.3921571255997,25.5204287715866,25.5511901638832,25.5614419170025,25.5563161681696,25.4742694202044,25.5358106179362,25.5460639041067,25.4434849990752,25.4229569268991,25.5153009780981,25.3818884725093,25.5460639041067
24.2823387496704,24.6967038696157,24.4741920473867,24.5466910676864,24.5311599032229,24.3030970868713,24.4586498313649,24.417192326936,24.4068253139224,24.4275582848784,24.2511932998677,24.3446010620456,24.6243114319154,24.4379231880585,24.220038309803,24.3705324552306,24.3653467049792,24.261576176083,24.417192326936,24.5104480028654,24.5673956078683,24.4638308334468,24.5777463018912,24.4793722593216,24.5000904743927,24.4741920473867,24.5518675968447,24.6346563530609,24.5725710861868,24.5052693701856,24.5052693701856,24.5777463018912,24.4897318933139,24.4534685658236,24.4897318933139,24.3186630611374,24.4327408682945,24.3082860095273,24.4223754377718,24.417192326936,24.4638308334468,24.3860881214467,24.3446010620456,24.2927184476639,24.2927184476639,24.3860881214467,24.4120089523324,24.6087920833666,24.6191385780148,24.5363372209139,24.5311599032229,24.5518675968447,24.5363372209139,24.7277134921382,24.6243114319154,24.6450002255868,24.6605140688826,24.7535476535085,24.8103598227198,24.7587137017957,24.8258485704877,24.7225458756109,24.8310109648659,24.836173098535,24.8258485704877,24.8310109648659,24.7535476535085,24.7277134921382,24.7587137017957,24.7793752829217,24.836173098535,24.7535476535085,24.7277134921382,24.7432147730614,24.6863652356057,24.6553430497988,24.5570438632356,24.5829212550199,24.6087920833666,24.588095945611,24.8464965838976,24.7432147730614,24.7070414568379,24.8310109648659,24.6760255545029,24.7173779975772,24.7535476535085,24.6605140688826,24.7483813439431,24.8051963851263,24.8568190268782,24.6036184425424,24.7845400253874,24.7277134921382,24.6915346834782,24.7948687272058,24.6967038696157,24.6760255545029,24.5725710861868,24.6605140688826,24.6450002255868,24.5363372209139,24.588095945611,24.5829212550199,24.5777463018912,24.5829212550199,24.7070414568379,24.6398284203822,24.5829212550199,24.7535476535085,24.7742102793675,24.8413349715329,24.8000326866343,24.7690450146872,24.7432147730614,24.598444539334,24.6656848260024,24.6553430497988,24.7173779975772,24.5363372209139,24.6863652356057,24.7070414568379,24.7483813439431,24.7535476535085,24.6501717687129,24.7535476535085,24.7845400253874,24.8877801045559,24.8206859153626,24.8000326866343,24.7793752829217,24.8877801045559,24.86197985757,24.7690450146872,24.8774607869049,24.8155229994525,24.7070414568379,24.6501717687129,24.7483813439431,24.6915346834782,24.7638794888426,24.6967038696157,24.8155229994525,24.7690450146872,24.8155229994525,24.7742102793675,24.836173098535,24.836173098535,24.8206859153626,24.836173098535,24.7897045068028,24.8051963851263,24.8103598227198,24.6450002255868,24.7432147730614,24.7018727940562,24.6967038696157,24.6708553211965,24.7225458756109,24.7018727940562,24.7432147730614,24.7380479408253,24.7018727940562,24.7122098579989,24.836173098535,24.8103598227198,24.8258485704877,24.7535476535085,24.7535476535085,24.8258485704877,24.8774607869049,24.8206859153626,24.954830304227,24.8051963851263,24.9238895190908,24.86197985757,24.8413349715329,24.8568190268782,25.0115307913128,24.9393610812787,24.954830304227,24.9496741564303,24.9857617364743,24.9393610812787,24.8980983810354,24.86197985757,24.954830304227,24.9754522977662,25.0166838239645,24.9702971889533,25.0063774992726,24.9445177487934,25.0527477928007,24.8774607869049,25.0166838239645,25.1557177937613,25.1351320700124,25.1557177937613,25.0321413659635,24.9393610812787,24.954830304227,25.0681998923707,25.0630494515398,24.954830304227,24.9806071469274,24.9084156166453,24.9702971889533,24.8723007375455,24.9702971889533,24.9754522977662,24.918731811688,25.0115307913128,24.9290469664651,25.0527477928007,25.0063774992726,25.0475965748176,25.1093940990381,25.0372933614365,25.2688654531791,25.1814441360816,25.1968768433364,25.1711543738743,25.4178242679226,25.4075581805922,25.4024247521646,25.4793992606996,25.6075621671384,25.4588783623232,25.4896581737131,25.5204287715866,25.4383533655169,25.6075621671384,25.5973150092137,25.5306835914689,25.4229569268991,25.5204287715866,25.5973150092137,25.5101729288625,25.5101729288625,25.5409373888032
24.5518675968447,24.4016414116675,24.5466910676864,24.5673956078683,24.4327408682945,24.4586498313649,24.3757179413665,24.3653467049792,24.3082860095273,24.2408093636233,24.1992630121316,24.2927184476639,24.266767216777,24.2719579925803,24.2771485035319,24.3082860095273,24.2511932998677,24.261576176083,24.417192326936,24.4327408682945,24.5363372209139,24.5518675968447,24.6398284203822,24.5570438632356,24.5622198668973,24.4534685658236,24.4638308334468,24.4638308334468,24.4586498313649,24.4741920473867,24.4120089523324,24.3601606905737,24.5518675968447,24.4431052442089,24.3912728154683,24.4431052442089,24.16809210295,24.3030970868713,24.4897318933139,24.5311599032229,24.4327408682945,24.4327408682945,24.4327408682945,24.4431052442089,24.3238511901693,24.3082860095273,24.593270373703,24.4897318933139,24.5518675968447,24.593270373703,24.525982322611,24.5570438632356,24.5570438632356,24.5415142757223,24.6501717687129,24.68119552596,24.6915346834782,24.7432147730614,24.8103598227198,24.8258485704877,24.7793752829217,24.7225458756109,24.6863652356057,24.7793752829217,24.6967038696157,24.7225458756109,24.8206859153626,24.7173779975772,24.8310109648659,24.8671404277798,24.7122098579989,24.8568190268782,24.7638794888426,24.7122098579989,24.7535476535085,24.7225458756109,24.6398284203822,24.7173779975772,24.6501717687129,24.6243114319154,24.6760255545029,24.7948687272058,24.8464965838976,24.8464965838976,24.7793752829217,24.7638794888426,24.7122098579989,24.7328808471969,24.7483813439431,24.7897045068028,24.7070414568379,24.7328808471969,24.7070414568379,24.7587137017957,24.8103598227198,24.7535476535085,24.6863652356057,24.6294840235847,24.7690450146872,24.6656848260024,24.6450002255868,24.6243114319154,24.5208044790397,24.6243114319154,24.6346563530609,24.5622198668973,24.6656848260024,24.7225458756109,24.5673956078683,24.8103598227198,24.6967038696157,24.7070414568379,24.7173779975772,24.6967038696157,24.7638794888426,24.6708553211965,24.7897045068028,24.7432147730614,24.7587137017957,24.7070414568379,24.7173779975772,24.7432147730614,24.7897045068028,24.7122098579989,24.6760255545029,24.7845400253874,24.8929393729232,24.8258485704877,24.7690450146872,24.8310109648659,24.8310109648659,24.8000326866343,24.7432147730614,24.8103598227198,24.7535476535085,24.7535476535085,24.8258485704877,24.7690450146872,24.7587137017957,24.7742102793675,24.8310109648659,24.7225458756109,24.8310109648659,24.8103598227198,24.7742102793675,24.8051963851263,24.7742102793675,24.8051963851263,24.8103598227198,24.8413349715329,24.8877801045559,24.836173098535,24.8826205758957,24.7380479408253,24.8774607869049,24.7277134921382,24.7173779975772,24.6863652356057,24.6915346834782,24.7948687272058,24.7173779975772,24.6760255545029,24.7018727940562,24.7277134921382,24.8103598227198,24.7535476535085,24.7483813439431,24.8671404277798,24.8000326866343,24.836173098535,24.8568190268782,24.8206859153626,24.8774607869049,24.836173098535,24.8723007375455,24.9393610812787,24.9651418204509,24.9496741564303,24.9342041538485,25.0218365972651,24.9342041538485,24.9960701368761,24.9445177487934,24.9754522977662,24.9599861922213,24.9909160664447,24.9857617364743,24.9032571289301,24.8826205758957,25.0063774992726,25.0939482126385,25.0733500742259,25.0372933614365,25.0527477928007,25.0939482126385,25.0218365972651,25.0166838239645,25.0424450977087,25.0012239478063,25.0321413659635,24.9238895190908,24.9342041538485,24.9032571289301,24.8826205758957,25.0836496611589,24.9238895190908,24.8464965838976,24.9238895190908,24.9032571289301,24.9084156166453,24.8516579356668,24.9135738442187,25.0012239478063,24.9445177487934,24.9238895190908,25.0166838239645,25.1814441360816,25.1454254487159,25.0578987516956,25.1762993840732,25.1660091054476,25.325392518149,25.3510763511273,25.5563161681696,25.4229569268991,25.5614419170025,25.5409373888032,25.5204287715866,25.5819423585322,25.4434849990752,25.6536617552083,25.5409373888032,25.494787246305,25.5153009780981,25.5255563093646,25.5255563093646,25.5050446238429,25.5306835914689,25.5204287715866,25.4588783623232
24.4275582848784,24.4741920473867,24.5415142757223,24.5415142757223,24.396457245529,24.3394139906367,24.4482870367845,24.3290390547373,24.261576176083,24.2719579925803,24.2304243670388,24.4431052442089,24.2719579925803,24.19406852432,24.3290390547373,24.266767216777,24.266767216777,24.4275582848784,24.2563848704595,24.5000904743927,24.5829212550199,24.68119552596,24.5673956078683,24.5466910676864,24.7742102793675,24.6450002255868,24.525982322611,24.5777463018912,24.4897318933139,24.3912728154683,24.4120089523324,24.5415142757223,24.4949113154483,24.4690115721079,24.4327408682945,24.3186630611374,24.3082860095273,24.3238511901693,24.4068253139224,24.5415142757223,24.5415142757223,24.525982322611,24.5052693701856,24.5673956078683,24.5104480028654,24.417192326936,24.3446010620456,24.5622198668973,24.6087920833666,24.6294840235847,24.5363372209139,24.7483813439431,24.6346563530609,24.6708553211965,24.6553430497988,24.6087920833666,24.6915346834782,24.7535476535085,24.8051963851263,24.7948687272058,24.7793752829217,24.7587137017957,24.8103598227198,24.8258485704877,24.7018727940562,24.7483813439431,24.7897045068028,24.7742102793675,24.8464965838976,24.7277134921382,24.7225458756109,24.7380479408253,24.6605140688826,24.7432147730614,24.7018727940562,24.7225458756109,24.6501717687129,24.6605140688826,24.7277134921382,24.6708553211965,24.5311599032229,24.7535476535085,24.8103598227198,24.8516579356668,24.7793752829217,24.7483813439431,24.7948687272058,24.7225458756109,24.7380479408253,24.7432147730614,24.8206859153626,24.7018727940562,24.7328808471969,24.7380479408253,24.6967038696157,24.7483813439431,24.7432147730614,24.5570438632356,24.6191385780148,24.588095945611,24.6553430497988,24.6294840235847,24.6243114319154,24.5673956078683,24.6036184425424,24.6553430497988,24.6450002255868,24.6967038696157,24.6243114319154,24.7948687272058,24.7690450146872,24.7173779975772,24.7225458756109,24.7483813439431,24.7587137017957,24.8000326866343,24.7948687272058,24.8000326866343,24.7483813439431,24.7277134921382,24.7535476535085,24.7845400253874,24.9342041538485,24.9445177487934,24.8206859153626,24.8877801045559,24.8103598227198,24.8155229994525,24.8464965838976,24.7742102793675,24.7690450146872,24.7070414568379,24.8155229994525,24.7122098579989,24.86197985757,24.7070414568379,24.8155229994525,24.86197985757,24.7070414568379,24.8000326866343,24.7432147730614,24.8103598227198,24.8155229994525,24.6501717687129,24.7432147730614,24.8000326866343,24.9599861922213,24.7432147730614,24.8051963851263,24.8258485704877,24.8206859153626,24.8051963851263,24.7483813439431,24.8310109648659,24.8051963851263,24.836173098535,24.68119552596,24.6915346834782,24.7122098579989,24.8206859153626,24.7070414568379,24.7948687272058,24.8000326866343,24.7122098579989,24.7742102793675,24.7328808471969,24.836173098535,24.8413349715329,24.7587137017957,24.7948687272058,24.9342041538485,24.7948687272058,24.9032571289301,24.9290469664651,24.8877801045559,24.8826205758957,24.8516579356668,24.8258485704877,24.8929393729232,25.0115307913128,24.918731811688,24.9032571289301,24.918731811688,24.9290469664651,24.9651418204509,24.8774607869049,24.8723007375455,25.0063774992726,24.9445177487934,24.9857617364743,25.0063774992726,24.9857617364743,25.0475965748176,25.1042457289643,25.0681998923707,24.9960701368761,25.0012239478063,25.0475965748176,25.0630494515398,25.0578987516956,24.9806071469274,25.0115307913128,24.8929393729232,25.0115307913128,25.0012239478063,24.8980983810354,24.8980983810354,24.9806071469274,24.8877801045559,24.8568190268782,24.8826205758957,24.9238895190908,25.0372933614365,24.918731811688,24.9909160664447,25.1557177937613,25.0836496611589,25.124837657352,25.1865886299367,25.1505717504272,25.2020205629554,25.2328774638867,25.3716187925976,25.2277352917338,25.5768176311468,25.3972910671794,25.6639033048348,25.5409373888032,25.5460639041067,25.669023697602,25.5563161681696,25.4537474974415,25.5101729288625,25.5153009780981,25.4126913524992,25.5050446238429,25.5050446238429,25.5665674104186,25.5409373888032,25.4999160630027
24.5622198668973,24.5518675968447,24.5415142757223,24.5570438632356,24.4275582848784,24.3809031634257,24.4431052442089,24.4379231880585,24.235616997893,24.3342266548802,24.2823387496704,24.2979078995965,24.2511932998677,24.3290390547373,24.4690115721079,24.3653467049792,24.3601606905737,24.3082860095273,24.3497878691456,24.598444539334,24.5570438632356,24.5156263724707,24.6087920833666,24.5466910676864,24.6036184425424,24.5363372209139,24.4482870367845,24.6191385780148,24.5570438632356,24.4223754377718,24.5570438632356,24.4793722593216,24.3705324552306,24.4223754377718,24.3601606905737,24.3446010620456,24.3082860095273,24.4120089523324,24.4949113154483,24.4949113154483,24.4897318933139,24.4845522079513,24.4690115721079,24.5104480028654,24.5829212550199,24.525982322611,24.5363372209139,24.5466910676864,24.598444539334,24.7328808471969,24.5673956078683,24.6087920833666,24.5622198668973,24.5622198668973,24.6501717687129,24.6553430497988,24.8206859153626,24.7742102793675,24.6553430497988,24.8000326866343,24.6450002255868,24.7690450146872,24.7225458756109,24.6398284203822,24.7845400253874,24.7793752829217,24.6346563530609,24.836173098535,24.7690450146872,24.7638794888426,24.6656848260024,24.7380479408253,24.6915346834782,24.68119552596,24.7070414568379,24.7225458756109,24.7173779975772,24.7225458756109,24.6450002255868,24.7277134921382,24.7328808471969,24.7173779975772,24.7690450146872,24.7638794888426,24.6708553211965,24.7277134921382,24.7638794888426,24.7742102793675,24.7690450146872,24.8413349715329,24.7483813439431,24.6553430497988,24.6243114319154,24.6191385780148,24.7483813439431,24.6294840235847,24.7380479408253,24.6760255545029,24.6450002255868,24.525982322611,24.598444539334,24.6036184425424,24.6294840235847,24.598444539334,24.5104480028654,24.6087920833666,24.6294840235847,24.598444539334,24.6294840235847,24.6915346834782,24.7638794888426,24.7173779975772,24.7070414568379,24.7018727940562,24.7018727940562,24.7328808471969,24.7018727940562,24.6191385780148,24.6656848260024,24.6863652356057,24.7587137017957,24.7742102793675,24.7793752829217,24.7845400253874,24.8516579356668,24.7483813439431,24.8103598227198,24.8051963851263,24.7535476535085,24.7225458756109,24.8103598227198,24.7742102793675,24.7845400253874,24.7018727940562,24.7122098579989,24.836173098535,24.7535476535085,24.7638794888426,24.8051963851263,24.68119552596,24.7690450146872,24.7122098579989,24.7948687272058,24.8155229994525,24.7535476535085,24.7845400253874,24.7793752829217,24.7793752829217,24.8051963851263,24.8000326866343,24.7948687272058,24.7897045068028,24.7897045068028,24.7742102793675,24.8877801045559,24.8464965838976,24.7122098579989,24.7225458756109,24.6243114319154,24.7432147730614,24.7793752829217,24.7690450146872,24.7173779975772,24.7380479408253,24.7535476535085,24.7328808471969,24.86197985757,24.86197985757,24.8568190268782,24.9393610812787,24.8206859153626,24.8258485704877,24.9290469664651,24.8826205758957,24.7793752829217,24.8258485704877,24.9135738442187,24.8671404277798,24.8774607869049,24.9135738442187,24.8877801045559,24.9238895190908,24.8464965838976,24.8464965838976,24.8258485704877,24.8413349715329,24.8774607869049,24.9393610812787,25.0012239478063,24.8774607869049,24.8980983810354,25.0630494515398,25.1093940990381,25.0321413659635,24.9290469664651,25.0063774992726,24.9754522977662,25.0630494515398,25.0063774992726,25.0836496611589,25.0218365972651,24.9806071469274,24.8980983810354,24.9599861922213,24.9806071469274,24.8929393729232,24.9857617364743,24.8671404277798,24.8413349715329,24.8671404277798,24.9084156166453,24.9238895190908,24.9496741564303,24.9445177487934,24.8826205758957,25.0784999971428,24.9290469664651,25.0372933614365,25.0887990663117,25.0990971001769,25.2380193782588,25.2740055641272,25.3818884725093,25.4075581805922,25.4075581805922,25.4332214756594,25.4383533655169,25.4845288451903,25.4537474974415,25.4793992606996,25.4896581737131,25.5204287715866,25.4896581737131,25.3921571255997,25.5050446238429,25.5050446238429,25.5255563093646,25.5511901638832,25.5153009780981,25.4486163763711
24.3446010620456,24.417192326936,24.4223754377718,24.4068253139224,24.3601606905737,24.3860881214467,24.3653467049792,24.3497878691456,24.3030970868713,24.2771485035319,24.1836787523513,24.2719579925803,24.1732879183289,24.2875287310348,24.3809031634257,24.3860881214467,24.3186630611374,24.3860881214467,24.3860881214467,24.5052693701856,24.525982322611,24.5829212550199,24.6760255545029,24.7225458756109,24.6398284203822,24.598444539334,24.4482870367845,24.5518675968447,24.5570438632356,24.4275582848784,24.5570438632356,24.5466910676864,24.3860881214467,24.3757179413665,24.3912728154683,24.3705324552306,24.5052693701856,24.4275582848784,24.4845522079513,24.4897318933139,24.4897318933139,24.2979078995965,24.4327408682945,24.4741920473867,24.5000904743927,24.5673956078683,24.4223754377718,24.5466910676864,24.6398284203822,24.6346563530609,24.5777463018912,24.6036184425424,24.7070414568379,24.6450002255868,24.7483813439431,24.7432147730614,24.8206859153626,24.7638794888426,24.7380479408253,24.7432147730614,24.598444539334,24.6501717687129,24.7638794888426,24.7638794888426,24.7018727940562,24.7897045068028,24.7845400253874,24.7845400253874,24.6398284203822,24.7638794888426,24.7793752829217,24.7845400253874,24.7277134921382,24.7380479408253,24.7690450146872,24.6450002255868,24.7122098579989,24.6501717687129,24.7122098579989,24.6398284203822,24.7483813439431,24.7897045068028,24.7638794888426,24.7432147730614,24.7638794888426,24.7897045068028,24.7845400253874,24.6656848260024,24.7432147730614,24.7587137017957,24.6605140688826,24.6967038696157,24.68119552596,24.7122098579989,24.6398284203822,24.593270373703,24.5829212550199,24.6346563530609,24.4741920473867,24.5570438632356,24.4275582848784,24.4275582848784,24.6139654618445,24.4897318933139,24.6656848260024,24.6450002255868,24.6398284203822,24.5570438632356,24.6501717687129,24.7018727940562,24.5518675968447,24.6863652356057,24.8155229994525,24.6708553211965,24.7535476535085,24.7070414568379,24.6501717687129,24.7070414568379,24.6656848260024,24.7742102793675,24.7948687272058,24.918731811688,24.8051963851263,24.7690450146872,24.836173098535,24.7690450146872,24.7742102793675,24.7638794888426,24.7483813439431,24.7173779975772,24.8568190268782,24.7070414568379,24.7018727940562,24.8000326866343,24.7742102793675,24.836173098535,24.8000326866343,24.6708553211965,24.6450002255868,24.6346563530609,24.6605140688826,24.6760255545029,24.8103598227198,24.8051963851263,24.8051963851263,24.7845400253874,24.7948687272058,24.8000326866343,24.8258485704877,24.7845400253874,24.7328808471969,24.8206859153626,24.836173098535,24.7897045068028,24.8516579356668,24.7793752829217,24.7380479408253,24.7070414568379,24.7277134921382,24.7483813439431,24.7225458756109,24.7277134921382,24.6605140688826,24.8000326866343,24.7070414568379,24.7432147730614,24.7845400253874,24.8877801045559,24.8103598227198,24.9342041538485,24.9445177487934,24.86197985757,24.8464965838976,24.86197985757,24.8258485704877,24.86197985757,24.9599861922213,24.86197985757,24.8980983810354,24.918731811688,24.9496741564303,24.9290469664651,24.9909160664447,24.9806071469274,24.9290469664651,24.8206859153626,24.8980983810354,24.8980983810354,25.0115307913128,24.86197985757,24.8723007375455,25.0836496611589,25.0578987516956,24.9496741564303,25.0321413659635,24.954830304227,25.0578987516956,25.0218365972651,24.86197985757,24.9806071469274,25.0372933614365,24.9238895190908,24.9084156166453,24.86197985757,24.8877801045559,24.8310109648659,24.9909160664447,24.8877801045559,24.8516579356668,24.9857617364743,24.9290469664651,25.0166838239645,24.9393610812787,24.9909160664447,24.9290469664651,24.9496741564303,24.9806071469274,25.1042457289643,25.0887990663117,25.1917328656758,25.2123072282184,25.1608635787557,25.3972910671794,25.5255563093646,25.4126913524992,25.4896581737131,25.4126913524992,25.6895027225489,25.4896581737131,25.6126853634517,25.5101729288625,25.5101729288625,25.494787246305,25.669023697602,25.5101729288625,25.4486163763711,25.5306835914689,25.5306835914689,25.4588783623232,25.5050446238429
24.525982322611,24.4016414116675,24.5052693701856,24.3342266548802,24.3601606905737,24.3601606905737,24.3394139906367,24.3860881214467,24.2979078995965,24.2875287310348,24.2096511916044,24.2511932998677,24.19406852432,24.2875287310348,24.1836787523513,24.2823387496704,24.313474667603,24.3549744119754,24.4793722593216,24.5104480028654,24.5052693701856,24.5415142757223,24.6605140688826,24.5415142757223,24.5518675968447,24.5415142757223,24.4638308334468,24.4016414116675,24.5570438632356,24.4275582848784,24.4586498313649,24.5415142757223,24.5208044790397,24.3809031634257,24.4120089523324,24.4275582848784,24.4327408682945,24.3705324552306,24.3601606905737,24.4431052442089,24.4793722593216,24.4586498313649,24.4120089523324,24.5777463018912,24.3082860095273,24.4690115721079,24.588095945611,24.6501717687129,24.588095945611,24.5363372209139,24.6087920833666,24.5518675968447,24.5466910676864,24.5829212550199,24.6760255545029,24.8206859153626,24.7380479408253,24.6760255545029,24.7328808471969,24.6656848260024,24.7535476535085,24.6036184425424,24.6191385780148,24.6605140688826,24.6450002255868,24.7638794888426,24.7845400253874,24.6605140688826,24.6398284203822,24.7638794888426,24.7742102793675,24.7225458756109,24.7122098579989,24.7638794888426,24.4793722593216,24.6863652356057,24.6501717687129,24.68119552596,24.6708553211965,24.6450002255868,24.6605140688826,24.86197985757,24.8413349715329,24.836173098535,24.7690450146872,24.8310109648659,24.6398284203822,24.7432147730614,24.6760255545029,24.7535476535085,24.6450002255868,24.6605140688826,24.5104480028654,24.6346563530609,24.6398284203822,24.6346563530609,24.6398284203822,24.5415142757223,24.5777463018912,24.5725710861868,24.4638308334468,24.4638308334468,24.5829212550199,24.593270373703,24.6087920833666,24.7225458756109,24.6139654618445,24.5829212550199,24.5311599032229,24.5622198668973,24.7535476535085,24.8206859153626,24.588095945611,24.8723007375455,24.7018727940562,24.6708553211965,24.7122098579989,24.7587137017957,24.7380479408253,24.7483813439431,24.7845400253874,24.7432147730614,24.7948687272058,24.8000326866343,24.8206859153626,24.7432147730614,24.7380479408253,24.7173779975772,24.7328808471969,24.8258485704877,24.7018727940562,24.6967038696157,24.7535476535085,24.8206859153626,24.8516579356668,24.7638794888426,24.8310109648659,24.8413349715329,24.8000326866343,24.8464965838976,24.6501717687129,24.7897045068028,24.6863652356057,24.8000326866343,24.7742102793675,24.8000326866343,24.7742102793675,24.8464965838976,24.7432147730614,24.8051963851263,24.8464965838976,24.8877801045559,24.9084156166453,24.7897045068028,24.7897045068028,24.7690450146872,24.8000326866343,24.7173779975772,24.6501717687129,24.7380479408253,24.6708553211965,24.7483813439431,24.7018727940562,24.7173779975772,24.7225458756109,24.8155229994525,24.7897045068028,24.7793752829217,24.8000326866343,24.7587137017957,24.9342041538485,24.8103598227198,24.9290469664651,24.8723007375455,24.7845400253874,24.8826205758957,24.9032571289301,24.8774607869049,24.8826205758957,24.8877801045559,25.0063774992726,24.9806071469274,24.9702971889533,24.836173098535,24.9651418204509,24.836173098535,24.8464965838976,24.9909160664447,24.7948687272058,24.9084156166453,25.0063774992726,25.0063774992726,25.1093940990381,25.0115307913128,25.0269891112523,25.0578987516956,24.9909160664447,25.0630494515398,25.1145422104357,25.0063774992726,24.9651418204509,25.0218365972651,25.0372933614365,24.9032571289301,24.9135738442187,24.8877801045559,24.9857617364743,24.918731811688,24.9290469664651,24.9651418204509,24.918731811688,24.954830304227,25.0063774992726,25.0372933614365,24.9806071469274,24.9857617364743,24.9960701368761,24.9754522977662,25.1093940990381,25.1917328656758,25.2020205629554,25.5153009780981,25.3099791333095,25.3408035889768,25.4332214756594,25.5204287715866,25.5511901638832,25.4178242679226,25.4537474974415,25.5050446238429,25.4588783623232,25.5050446238429,25.5101729288625,25.7509153744483,25.5050446238429,25.5358106179362,25.5306835914689,25.5511901638832,25.4537474974415,25.4793992606996
24.5000904743927,24.525982322611,24.3912728154683,24.3549744119754,24.3497878691456,24.3549744119754,24.5415142757223,24.3497878691456,24.4741920473867,24.4068253139224,24.4275582848784,24.2460014642685,24.2771485035319,24.3601606905737,24.2771485035319,24.1628960219406,24.4482870367845,24.3497878691456,24.5104480028654,24.2771485035319,24.5208044790397,24.5415142757223,24.5829212550199,24.5415142757223,24.6294840235847,24.4223754377718,24.4741920473867,24.5000904743927,24.3912728154683,24.4068253139224,24.4327408682945,24.4327408682945,24.3912728154683,24.3082860095273,24.4120089523324,24.417192326936,24.5156263724707,24.4534685658236,24.4068253139224,24.3860881214467,24.4690115721079,24.5777463018912,24.4120089523324,24.4379231880585,24.4638308334468,24.4897318933139,24.4223754377718,24.5208044790397,24.6450002255868,24.6139654618445,24.5415142757223,24.5518675968447,24.7638794888426,24.7380479408253,24.6708553211965,24.7742102793675,24.7742102793675,24.68119552596,24.8103598227198,24.68119552596,24.7535476535085,24.7122098579989,24.7638794888426,24.7432147730614,24.68119552596,24.7587137017957,24.7587137017957,24.7587137017957,24.7328808471969,24.7535476535085,24.7018727940562,24.8258485704877,24.68119552596,24.7535476535085,24.7587137017957,24.6863652356057,24.7122098579989,24.68119552596,24.6605140688826,24.6450002255868,24.6191385780148,24.7690450146872,24.7897045068028,24.8206859153626,24.8155229994525,24.7897045068028,24.7845400253874,24.8000326866343,24.8464965838976,24.8258485704877,24.7328808471969,24.6708553211965,24.6191385780148,24.593270373703,24.6398284203822,24.6501717687129,24.7070414568379,24.5415142757223,24.7225458756109,24.6605140688826,24.588095945611,24.525982322611,24.5777463018912,24.7535476535085,24.6656848260024,24.6294840235847,24.6553430497988,24.5725710861868,24.6450002255868,24.6501717687129,24.6501717687129,24.6967038696157,24.836173098535,24.8103598227198,24.68119552596,24.7018727940562,24.6294840235847,24.7535476535085,24.8413349715329,24.8723007375455,24.9084156166453,24.7432147730614,24.836173098535,24.8568190268782,24.8206859153626,24.8464965838976,24.7638794888426,24.7225458756109,24.8051963851263,24.8103598227198,24.836173098535,24.7742102793675,24.8051963851263,24.6915346834782,24.8103598227198,24.8568190268782,24.8774607869049,24.8464965838976,24.9445177487934,24.8206859153626,24.7742102793675,24.8103598227198,24.7845400253874,24.7948687272058,24.8413349715329,24.8000326866343,24.7587137017957,24.86197985757,24.86197985757,24.8516579356668,24.8051963851263,24.7173779975772,24.7742102793675,24.7948687272058,24.8051963851263,24.7793752829217,24.7225458756109,24.7690450146872,24.7432147730614,24.6553430497988,24.7328808471969,24.7380479408253,24.6501717687129,24.8568190268782,24.7122098579989,24.8516579356668,24.7173779975772,24.8413349715329,24.9084156166453,24.8826205758957,24.8826205758957,25.1814441360816,24.9238895190908,24.9445177487934,24.8413349715329,24.8310109648659,24.8826205758957,24.9032571289301,25.0063774992726,24.9754522977662,24.9290469664651,24.9702971889533,24.9754522977662,24.8051963851263,25.0012239478063,24.9857617364743,24.8774607869049,24.9290469664651,24.9342041538485,24.9599861922213,24.9342041538485,25.0372933614365,24.9496741564303,24.9806071469274,25.0475965748176,25.0166838239645,25.0424450977087,24.954830304227,24.9754522977662,25.0321413659635,25.0269891112523,24.9857617364743,25.0321413659635,24.9806071469274,25.0321413659635,24.8826205758957,24.8568190268782,24.9909160664447,24.9806071469274,25.0321413659635,24.9393610812787,24.954830304227,25.0012239478063,25.0578987516956,24.9909160664447,25.0681998923707,25.0578987516956,25.0527477928007,25.1814441360816,25.0836496611589,25.3716187925976,25.3048408239653,25.4024247521646,25.4024247521646,25.5563161681696,25.3510763511273,25.4793992606996,25.6280534222343,25.6843833481574,25.622930990963,25.6280534222343,25.7662628184848,25.5153009780981,25.6126853634517,25.669023697602,25.5460639041067,25.5563161681696,25.5460639041067,25.5614419170025,25.5511901638832
24.5104480028654,24.4897318933139,24.5104480028654,24.3601606905737,24.4120089523324,24.5829212550199,24.3342266548802,24.2252314710217,24.313474667603,24.5000904743927,24.2719579925803,24.3497878691456,24.1421090408181,24.16809210295,24.1732879183289,24.2927184476639,24.2563848704595,24.3186630611374,24.3912728154683,24.3030970868713,24.5622198668973,24.5104480028654,24.5415142757223,24.5518675968447,24.4275582848784,24.5311599032229,24.4120089523324,24.4534685658236,24.4534685658236,24.4327408682945,24.4482870367845,24.3912728154683,24.4379231880585,24.4690115721079,24.3809031634257,24.3497878691456,24.3030970868713,24.417192326936,24.4638308334468,24.4638308334468,24.4327408682945,24.4431052442089,24.3030970868713,24.4223754377718,24.3186630611374,24.4586498313649,24.4845522079513,24.4690115721079,24.4482870367845,24.5104480028654,24.5415142757223,24.5415142757223,24.6708553211965,24.4793722593216,24.7277134921382,24.6708553211965,24.7638794888426,24.7328808471969,24.7277134921382,24.6553430497988,24.6863652356057,24.7277134921382,24.6863652356057,24.6656848260024,24.7018727940562,24.6760255545029,24.68119552596,24.7483813439431,24.6346563530609,24.6915346834782,24.6553430497988,24.6967038696157,24.5466910676864,24.6967038696157,24.7432147730614,24.68119552596,24.7328808471969,24.6346563530609,24.6501717687129,24.6656848260024,24.7122098579989,24.8464965838976,24.7483813439431,24.8464965838976,24.8464965838976,24.7897045068028,24.7638794888426,24.7897045068028,24.7845400253874,24.7690450146872,24.7018727940562,24.7483813439431,24.6191385780148,24.5311599032229,24.6501717687129,24.6294840235847,24.7070414568379,24.7173779975772,24.6139654618445,24.5777463018912,24.5725710861868,24.6191385780148,24.6708553211965,24.593270373703,24.6398284203822,24.7225458756109,24.7018727940562,24.7018727940562,24.6087920833666,24.7122098579989,24.593270373703,24.6501717687129,24.7432147730614,24.7793752829217,24.7225458756109,24.7225458756109,24.7690450146872,24.8568190268782,24.8051963851263,24.7483813439431,24.8671404277798,24.8051963851263,24.7535476535085,24.8877801045559,24.7432147730614,24.7742102793675,24.7638794888426,24.7690450146872,24.7638794888426,24.7638794888426,24.8155229994525,24.8103598227198,24.7690450146872,24.7225458756109,24.8258485704877,24.86197985757,24.86197985757,24.7845400253874,24.7638794888426,24.8258485704877,24.7793752829217,24.7535476535085,24.7897045068028,24.8206859153626,24.8413349715329,24.7742102793675,24.7690450146872,24.7690450146872,24.7690450146872,24.8103598227198,24.6398284203822,24.6501717687129,24.7483813439431,24.8774607869049,24.7793752829217,24.9032571289301,24.7277134921382,24.7432147730614,24.7793752829217,24.7432147730614,24.6708553211965,24.6863652356057,24.7535476535085,24.7380479408253,24.7328808471969,24.7948687272058,24.7432147730614,24.954830304227,24.9135738442187,24.9135738442187,24.9032571289301,24.9445177487934,25.0063774992726,24.836173098535,24.8929393729232,24.9651418204509,24.86197985757,24.9909160664447,24.9135738442187,25.0321413659635,25.0012239478063,24.9909160664447,24.9909160664447,25.0115307913128,24.9651418204509,24.9238895190908,24.9496741564303,25.0578987516956,25.0063774992726,25.0115307913128,24.8258485704877,24.9393610812787,25.0166838239645,25.0424450977087,25.0578987516956,24.9806071469274,24.9806071469274,25.1042457289643,24.9445177487934,25.0012239478063,24.9754522977662,25.0012239478063,24.9290469664651,25.0269891112523,24.8980983810354,24.8980983810354,24.8877801045559,24.8826205758957,24.9084156166453,24.8929393729232,24.9290469664651,24.9754522977662,24.9032571289301,25.0630494515398,24.9960701368761,24.9496741564303,24.9806071469274,25.0475965748176,24.9393610812787,25.1814441360816,25.1865886299367,25.4588783623232,25.3356668224182,25.5306835914689,25.4434849990752,25.4896581737131,25.5204287715866,25.5870668306474,25.5460639041067,25.5409373888032,25.6178083047144,25.622930990963,25.6178083047144,25.5050446238429,25.6075621671384,25.5204287715866,25.4024247521646,25.5563161681696,25.5460639041067,25.4537474974415
24.220038309803,24.3446010620456,24.3186630611374,24.4741920473867,24.3394139906367,24.3601606905737,24.3082860095273,24.2563848704595,24.3238511901693,24.4120089523324,24.3238511901693,24.266767216777,24.2511932998677,24.1992630121316,24.0953227786774,24.235616997893,24.3394139906367,24.2979078995965,24.4016414116675,24.4586498313649,24.5052693701856,24.6760255545029,24.5829212550199,24.6915346834782,24.6967038696157,24.4949113154483,24.4482870367845,24.4379231880585,24.4223754377718,24.4016414116675,24.4016414116675,24.4327408682945,24.4741920473867,24.3809031634257,24.16809210295,24.3342266548802,24.4327408682945,24.396457245529,24.4690115721079,24.4845522079513,24.4690115721079,24.4223754377718,24.3030970868713,24.2044572345467,24.3809031634257,24.4223754377718,24.4534685658236,24.4638308334468,24.4949113154483,24.5052693701856,24.4534685658236,24.5311599032229,24.7070414568379,24.7690450146872,24.6605140688826,24.7845400253874,24.6605140688826,24.7587137017957,24.7173779975772,24.6243114319154,24.7638794888426,24.6915346834782,24.68119552596,24.6760255545029,24.8051963851263,24.6656848260024,24.6398284203822,24.6398284203822,24.6398284203822,24.6967038696157,24.6501717687129,24.6863652356057,24.6863652356057,24.68119552596,24.7380479408253,24.7225458756109,24.6760255545029,24.6656848260024,24.68119552596,24.6863652356057,24.6760255545029,24.6605140688826,24.6967038696157,24.8103598227198,24.8723007375455,24.7587137017957,24.7948687272058,24.6863652356057,24.8258485704877,24.8155229994525,24.7535476535085,24.7587137017957,24.7070414568379,24.6398284203822,24.6708553211965,24.6139654618445,24.5829212550199,24.6087920833666,24.7432147730614,24.6760255545029,24.6501717687129,24.6915346834782,24.6398284203822,24.6243114319154,24.7122098579989,24.6501717687129,24.6915346834782,24.7173779975772,24.6553430497988,24.6036184425424,24.6605140688826,24.7432147730614,24.6760255545029,24.68119552596,24.6450002255868,24.7948687272058,24.7173779975772,24.8826205758957,24.7948687272058,24.7897045068028,24.7328808471969,24.7328808471969,24.7173779975772,24.6967038696157,24.7277134921382,24.8413349715329,24.7535476535085,24.7380479408253,24.7328808471969,24.7122098579989,24.8516579356668,24.7897045068028,24.8568190268782,24.8000326866343,24.8413349715329,24.8258485704877,24.8206859153626,24.8826205758957,24.8464965838976,24.9342041538485,24.7587137017957,24.7432147730614,24.8464965838976,24.7897045068028,24.86197985757,24.8206859153626,24.7483813439431,24.8671404277798,24.7483813439431,24.8464965838976,24.8103598227198,24.8516579356668,24.9393610812787,24.8051963851263,24.8000326866343,24.8051963851263,24.8051963851263,24.8000326866343,24.7638794888426,24.7535476535085,24.7587137017957,24.7432147730614,24.7587137017957,24.7638794888426,24.8413349715329,24.7328808471969,24.8310109648659,24.7225458756109,24.8723007375455,24.9290469664651,24.8155229994525,24.9806071469274,24.9496741564303,25.0012239478063,24.86197985757,24.8774607869049,24.9393610812787,24.918731811688,24.8774607869049,24.9960701368761,24.9960701368761,24.9599861922213,25.0218365972651,25.0681998923707,24.9238895190908,25.0012239478063,24.9599861922213,25.0887990663117,24.9960701368761,25.0475965748176,24.9238895190908,25.0630494515398,25.0321413659635,25.0939482126385,25.0475965748176,24.8413349715329,25.0630494515398,25.0887990663117,25.0115307913128,24.9651418204509,25.0475965748176,25.0578987516956,24.9960701368761,24.9857617364743,24.9084156166453,24.7948687272058,24.8310109648659,24.9342041538485,24.9960701368761,24.8310109648659,25.0321413659635,25.0475965748176,24.9599861922213,24.9032571289301,24.9754522977662,24.9909160664447,25.0012239478063,24.9857617364743,25.0115307913128,25.3099791333095,25.2997022573604,25.4691393236678,25.4793992606996,25.5511901638832,25.5255563093646,25.4742694202044,25.5050446238429,25.6075621671384,25.5153009780981,25.602438715738,25.6280534222343,25.5614419170025,25.7253312192514,25.6178083047144,25.6075621671384,25.5768176311468,25.5819423585322,25.5563161681696,25.4588783623232,25.4588783623232
24.1784834681163,24.4482870367845,24.3497878691456,24.5415142757223,24.2719579925803,24.266767216777,24.3394139906367,24.3238511901693,24.3238511901693,24.4120089523324,24.3705324552306,24.4327408682945,24.3497878691456,24.3549744119754,24.0589185591878,24.1992630121316,24.2148448833435,24.261576176083,24.3912728154683,24.5363372209139,24.7070414568379,24.6450002255868,24.6863652356057,24.5363372209139,24.5777463018912,24.5052693701856,24.4223754377718,24.5208044790397,24.4534685658236,24.4534685658236,24.4949113154483,24.396457245529,24.4586498313649,24.4897318933139,24.3238511901693,24.4120089523324,24.3860881214467,24.4068253139224,24.4586498313649,24.4223754377718,24.4068253139224,24.3342266548802,24.4690115721079,24.4690115721079,24.3186630611374,24.4586498313649,24.4793722593216,24.4431052442089,24.4431052442089,24.5156263724707,24.525982322611,24.525982322611,24.6915346834782,24.7587137017957,24.7018727940562,24.6967038696157,24.7742102793675,24.7483813439431,24.7535476535085,24.525982322611,24.6760255545029,24.7535476535085,24.68119552596,24.6501717687129,24.7587137017957,24.7587137017957,24.7432147730614,24.7122098579989,24.7225458756109,24.6915346834782,24.8206859153626,24.6915346834782,24.6863652356057,24.7122098579989,24.6967038696157,24.68119552596,24.5829212550199,24.6346563530609,24.6760255545029,24.6036184425424,24.6294840235847,24.6915346834782,24.8000326866343,24.7690450146872,24.86197985757,24.7793752829217,24.7380479408253,24.6708553211965,24.7845400253874,24.6139654618445,24.68119552596,24.5570438632356,24.7432147730614,24.7070414568379,24.6863652356057,24.4845522079513,24.6760255545029,24.6346563530609,24.5518675968447,24.7070414568379,24.6036184425424,24.6863652356057,24.6450002255868,24.6346563530609,24.6346563530609,24.7587137017957,24.7173779975772,24.6967038696157,24.593270373703,24.8155229994525,24.68119552596,24.7225458756109,24.6605140688826,24.7018727940562,24.7173779975772,24.8000326866343,24.7845400253874,24.86197985757,24.8051963851263,24.8051963851263,24.6656848260024,24.6915346834782,24.8723007375455,24.7380479408253,24.9032571289301,24.7225458756109,24.7587137017957,24.7483813439431,24.6398284203822,24.5829212550199,24.6450002255868,24.7793752829217,24.8155229994525,24.7018727940562,24.8051963851263,24.836173098535,24.8723007375455,24.7173779975772,24.8671404277798,24.7535476535085,24.7638794888426,24.7845400253874,24.8413349715329,24.7948687272058,24.8516579356668,24.836173098535,24.7845400253874,24.7535476535085,24.8051963851263,24.7587137017957,24.8723007375455,24.7897045068028,24.8103598227198,24.8258485704877,24.8051963851263,24.8155229994525,24.8051963851263,24.7742102793675,24.7948687272058,24.6346563530609,24.7535476535085,24.7380479408253,24.7432147730614,24.7483813439431,24.7535476535085,24.86197985757,24.8723007375455,24.8877801045559,24.8826205758957,24.8464965838976,24.86197985757,24.9445177487934,24.9084156166453,24.9909160664447,24.9084156166453,24.9238895190908,24.9651418204509,24.9754522977662,24.9960701368761,24.9754522977662,25.0269891112523,25.0115307913128,25.0475965748176,24.918731811688,25.0012239478063,24.9496741564303,24.9960701368761,24.9909160664447,25.0836496611589,24.9342041538485,25.0733500742259,25.0784999971428,25.0475965748176,25.2174501739369,25.1145422104357,25.258584458684,25.0475965748176,25.0321413659635,25.0681998923707,25.0630494515398,25.0630494515398,24.9857617364743,24.9754522977662,24.9599861922213,24.9960701368761,24.9702971889533,24.8929393729232,24.9084156166453,24.918731811688,24.9393610812787,24.9238895190908,25.0424450977087,24.9290469664651,25.0269891112523,24.954830304227,24.9909160664447,24.8929393729232,25.0166838239645,25.0115307913128,25.1042457289643,25.1865886299367,25.2894243522202,25.4434849990752,25.4126913524992,25.3870229273887,25.5665674104186,25.5255563093646,25.5614419170025,25.5921910475291,25.5204287715866,25.3408035889768,25.5973150092137,25.5563161681696,25.6792637192269,25.5973150092137,25.5511901638832,25.4845288451903,25.6382975199907,25.4486163763711,25.5665674104186
24.2044572345467,24.19406852432,24.3549744119754,24.16809210295,24.1525030628745,24.2408093636233,24.3238511901693,24.2408093636233,24.3030970868713,24.3082860095273,24.3860881214467,24.3030970868713,24.396457245529,24.0849229045849,24.1265160139431,24.2408093636233,24.2771485035319,24.220038309803,24.4586498313649,24.5156263724707,24.4482870367845,24.5000904743927,24.6087920833666,24.5518675968447,24.5570438632356,24.4534685658236,24.5363372209139,24.4016414116675,24.3601606905737,24.4534685658236,24.3238511901693,24.4638308334468,24.4690115721079,24.3809031634257,24.4120089523324,24.3030970868713,24.1888737710728,24.3030970868713,24.4690115721079,24.4586498313649,24.4431052442089,24.3912728154683,24.4327408682945,24.417192326936,24.4379231880585,24.4534685658236,24.4586498313649,24.4586498313649,24.4534685658236,24.525982322611,24.5208044790397,24.4949113154483,24.5311599032229,24.6760255545029,24.6656848260024,24.7018727940562,24.7793752829217,24.6656848260024,24.6087920833666,24.6605140688826,24.6346563530609,24.6863652356057,24.5415142757223,24.588095945611,24.7432147730614,24.6915346834782,24.7328808471969,24.7122098579989,24.6656848260024,24.7018727940562,24.8103598227198,24.7122098579989,24.6863652356057,24.7690450146872,24.6191385780148,24.6087920833666,24.6605140688826,24.593270373703,24.6656848260024,24.6398284203822,24.6036184425424,24.7483813439431,24.6501717687129,24.7328808471969,24.7483813439431,24.7690450146872,24.8155229994525,24.6553430497988,24.7638794888426,24.7793752829217,24.7638794888426,24.6450002255868,24.593270373703,24.5673956078683,24.5466910676864,24.7277134921382,24.6605140688826,24.6863652356057,24.7018727940562,24.6605140688826,24.7018727940562,24.6915346834782,24.6450002255868,24.5415142757223,24.7070414568379,24.6553430497988,24.6294840235847,24.7018727940562,24.3549744119754,24.6915346834782,24.7122098579989,24.6708553211965,24.6553430497988,24.6656848260024,24.7587137017957,24.6708553211965,24.7380479408253,24.7070414568379,24.8671404277798,24.8464965838976,24.7070414568379,24.6708553211965,24.7845400253874,24.7432147730614,24.6191385780148,24.7277134921382,24.7638794888426,24.8258485704877,24.5622198668973,24.6501717687129,24.6501717687129,24.6191385780148,24.6863652356057,24.6346563530609,24.8103598227198,24.836173098535,24.8155229994525,24.8051963851263,24.7793752829217,24.8774607869049,24.7173779975772,24.8826205758957,24.8206859153626,24.8877801045559,24.7690450146872,24.86197985757,24.7225458756109,24.9032571289301,24.8464965838976,24.8723007375455,24.8929393729232,24.9342041538485,24.8155229994525,24.6501717687129,24.8310109648659,24.8516579356668,24.9496741564303,24.8516579356668,24.8051963851263,24.7122098579989,24.6553430497988,24.7328808471969,24.6967038696157,24.8051963851263,24.8258485704877,24.836173098535,24.8826205758957,24.7380479408253,24.8774607869049,24.8723007375455,24.86197985757,24.9960701368761,24.8877801045559,24.9599861922213,24.9342041538485,25.0012239478063,24.918731811688,25.1093940990381,24.9909160664447,25.0115307913128,25.0424450977087,25.0218365972651,25.0321413659635,24.9445177487934,24.9290469664651,24.9651418204509,24.9702971889533,24.9960701368761,24.954830304227,25.0475965748176,25.0527477928007,25.0372933614365,24.8980983810354,25.0630494515398,25.0372933614365,25.1865886299367,24.9290469664651,24.9909160664447,24.9857617364743,24.8877801045559,25.0218365972651,25.0733500742259,25.0012239478063,25.0939482126385,25.0424450977087,24.9393610812787,25.0218365972651,24.9445177487934,24.9496741564303,24.918731811688,24.8568190268782,24.9238895190908,25.0681998923707,24.9857617364743,24.9754522977662,25.0269891112523,25.0063774992726,24.8774607869049,25.0166838239645,24.8774607869049,25.2945634334578,25.2688654531791,25.2945634334578,25.4486163763711,25.4742694202044,25.4999160630027,25.4486163763711,25.5460639041067,25.602438715738,25.6075621671384,25.5204287715866,25.5716926484544,25.6792637192269,25.5614419170025,25.4588783623232,25.602438715738,25.5050446238429,25.4896581737131,25.4383533655169,25.5153009780981
24.3497878691456,24.1888737710728,24.2304243670388,24.2875287310348,24.2875287310348,24.2719579925803,24.235616997893,24.2927184476639,24.2252314710217,24.2771485035319,24.2148448833435,24.3186630611374,24.261576176083,24.0901229747396,24.1161193330435,24.1992630121316,24.3394139906367,24.16809210295,24.2563848704595,24.4949113154483,24.4016414116675,24.3549744119754,24.5466910676864,24.5622198668973,24.6346563530609,24.2927184476639,24.4534685658236,24.3238511901693,24.417192326936,24.396457245529,24.4016414116675,24.4120089523324,24.4482870367845,24.4275582848784,24.4793722593216,24.313474667603,24.3860881214467,24.4534685658236,24.3757179413665,24.4379231880585,24.4690115721079,24.4482870367845,24.4327408682945,24.417192326936,24.3030970868713,24.4275582848784,24.4534685658236,24.3238511901693,24.4482870367845,24.4949113154483,24.6760255545029,24.6501717687129,24.4586498313649,24.5622198668973,24.7018727940562,24.6708553211965,24.8051963851263,24.7070414568379,24.7070414568379,24.68119552596,24.6191385780148,24.5311599032229,24.6708553211965,24.7380479408253,24.7535476535085,24.7328808471969,24.6501717687129,24.6191385780148,24.6398284203822,24.6087920833666,24.7173779975772,24.6863652356057,24.6915346834782,24.7070414568379,24.68119552596,24.6501717687129,24.5622198668973,24.6501717687129,24.6605140688826,24.6553430497988,24.6760255545029,24.7690450146872,24.7690450146872,24.7277134921382,24.7793752829217,24.7793752829217,24.7845400253874,24.7587137017957,24.7690450146872,24.86197985757,24.6708553211965,24.7380479408253,24.6450002255868,24.7277134921382,24.6708553211965,24.6967038696157,24.68119552596,24.7638794888426,24.5363372209139,24.6708553211965,24.6553430497988,24.6450002255868,24.6915346834782,24.7432147730614,24.7277134921382,24.6708553211965,24.7173779975772,24.6294840235847,24.6450002255868,24.6967038696157,24.6708553211965,24.6760255545029,24.6605140688826,24.6760255545029,24.7690450146872,24.7173779975772,24.7483813439431,24.8310109648659,24.8155229994525,24.8103598227198,24.8464965838976,24.8103598227198,24.7225458756109,24.7122098579989,24.6294840235847,24.6087920833666,24.7587137017957,24.7897045068028,24.5466910676864,24.6450002255868,24.6450002255868,24.6191385780148,24.5777463018912,24.6450002255868,24.7380479408253,24.8155229994525,24.8310109648659,24.8155229994525,24.7225458756109,24.9032571289301,24.7690450146872,24.7328808471969,24.7793752829217,24.8051963851263,24.7587137017957,24.7587137017957,24.7535476535085,24.836173098535,24.8826205758957,24.7948687272058,24.7638794888426,24.7587137017957,24.8051963851263,24.7638794888426,24.8929393729232,24.8568190268782,24.8671404277798,24.7897045068028,24.8051963851263,24.7380479408253,24.7018727940562,24.7587137017957,24.8206859153626,24.8000326866343,24.8310109648659,24.7432147730614,24.6656848260024,24.6967038696157,24.8103598227198,24.8413349715329,24.9496741564303,24.8568190268782,24.8723007375455,24.9290469664651,25.0012239478063,24.918731811688,24.9135738442187,24.9135738442187,24.918731811688,25.0115307913128,25.0166838239645,24.9754522977662,25.0475965748176,24.9651418204509,24.9445177487934,24.9909160664447,24.8723007375455,25.0681998923707,25.0681998923707,25.0321413659635,24.9084156166453,25.0475965748176,24.9857617364743,25.0887990663117,25.0218365972651,24.9290469664651,25.0681998923707,24.9960701368761,24.9651418204509,25.0372933614365,25.0166838239645,25.1042457289643,24.9806071469274,24.9651418204509,24.9393610812787,24.9342041538485,24.9496741564303,24.9135738442187,24.9445177487934,24.9342041538485,24.9393610812787,24.9238895190908,24.9342041538485,24.9238895190908,24.9445177487934,25.0115307913128,24.9342041538485,24.9599861922213,25.1093940990381,25.1351320700124,25.1711543738743,25.2225928617629,25.4434849990752,25.3099791333095,25.4742694202044,25.5050446238429,25.5153009780981,25.5255563093646,25.5255563093646,25.4588783623232,25.5973150092137,25.5255563093646,25.5921910475291,25.5768176311468,25.5665674104186,25.4793992606996,25.5358106179362,25.3767537609245,25.5050446238429,25.4229569268991
24.2096511916044,24.1421090408181,24.1992630121316,24.1473061847397,24.3030970868713,24.2408093636233,24.2875287310348,24.2044572345467,24.2304243670388,24.2563848704595,24.235616997893,24.2511932998677,24.1992630121316,24.19406852432,24.1992630121316,24.1525030628745,24.1992630121316,24.2460014642685,24.3860881214467,24.4223754377718,24.4690115721079,24.5570438632356,24.5673956078683,24.5363372209139,24.5363372209139,24.4327408682945,24.4327408682945,24.4897318933139,24.3238511901693,24.3497878691456,24.4431052442089,24.4223754377718,24.3342266548802,24.3705324552306,24.3082860095273,24.313474667603,24.3030970868713,24.3601606905737,24.1784834681163,24.4379231880585,24.4327408682945,24.4534685658236,24.3860881214467,24.4120089523324,24.2979078995965,24.417192326936,24.261576176083,24.4638308334468,24.4534685658236,24.5156263724707,24.593270373703,24.3860881214467,24.6656848260024,24.6346563530609,24.6915346834782,24.6553430497988,24.6656848260024,24.7432147730614,24.7742102793675,24.7122098579989,24.6708553211965,24.6708553211965,24.7845400253874,24.6760255545029,24.6450002255868,24.7793752829217,24.7070414568379,24.6553430497988,24.6708553211965,24.6656848260024,24.593270373703,24.5570438632356,24.5725710861868,24.68119552596,24.6863652356057,24.4793722593216,24.4741920473867,24.4897318933139,24.6605140688826,24.8051963851263,24.7690450146872,24.7225458756109,24.6656848260024,24.6915346834782,24.7793752829217,24.7535476535085,24.7173779975772,24.7742102793675,24.7587137017957,24.6398284203822,24.68119552596,24.6708553211965,24.6605140688826,24.7122098579989,24.6708553211965,24.588095945611,24.6501717687129,24.6191385780148,24.7845400253874,24.6553430497988,24.6398284203822,24.6087920833666,24.6346563530609,24.588095945611,24.68119552596,24.7122098579989,24.6863652356057,24.6967038696157,24.6863652356057,24.6398284203822,24.68119552596,24.8051963851263,24.6656848260024,24.7122098579989,24.6863652356057,24.6863652356057,24.7122098579989,24.7225458756109,24.7638794888426,24.8103598227198,24.7587137017957,24.7277134921382,24.8051963851263,24.7018727940562,24.7432147730614,24.7070414568379,24.6398284203822,24.7845400253874,24.6450002255868,24.6243114319154,24.6087920833666,24.6605140688826,24.6398284203822,24.6967038696157,24.7277134921382,24.7742102793675,24.7897045068028,24.8103598227198,24.8877801045559,24.8310109648659,24.8929393729232,24.8051963851263,24.8413349715329,24.7432147730614,24.7948687272058,25.0166838239645,24.8826205758957,24.7225458756109,24.9290469664651,24.8310109648659,24.8051963851263,24.8310109648659,24.8413349715329,24.7690450146872,24.9651418204509,24.7483813439431,24.8155229994525,24.6450002255868,24.8413349715329,24.7380479408253,24.8413349715329,24.7432147730614,24.7122098579989,24.8051963851263,24.7948687272058,24.7432147730614,24.7638794888426,24.8671404277798,24.8723007375455,24.7483813439431,24.8774607869049,24.9702971889533,24.8206859153626,24.9445177487934,25.1299849929454,24.9857617364743,24.918731811688,24.9290469664651,24.9496741564303,24.918731811688,25.0115307913128,25.0218365972651,24.9032571289301,24.9084156166453,24.8774607869049,24.8258485704877,24.8000326866343,24.8051963851263,24.8980983810354,24.9393610812787,25.0424450977087,25.0424450977087,25.0424450977087,25.1711543738743,25.0784999971428,24.8929393729232,25.0836496611589,25.0527477928007,25.1042457289643,25.1505717504272,25.0321413659635,25.0269891112523,24.9599861922213,24.9496741564303,25.0784999971428,24.9135738442187,25.0321413659635,24.9135738442187,24.9393610812787,24.8980983810354,24.9599861922213,24.9445177487934,24.8826205758957,24.9238895190908,24.9960701368761,24.8929393729232,24.9702971889533,25.1196900631945,24.9857617364743,25.0887990663117,25.1608635787557,25.2123072282184,25.3202549803643,25.4126913524992,25.4383533655169,25.5306835914689,25.4845288451903,25.4999160630027,25.5563161681696,25.6075621671384,25.6280534222343,25.5665674104186,25.5153009780981,25.5870668306474,25.5973150092137,25.5614419170025,25.4537474974415,25.4742694202044,25.3664835674914,25.494787246305
24.2096511916044,24.1421090408181,24.3497878691456,24.3446010620456,24.2771485035319,24.1473061847397,24.4690115721079,24.2408093636233,23.9964809427924,24.3238511901693,24.3601606905737,24.2927184476639,24.0745219654683,24.0901229747396,24.1265160139431,24.19406852432,24.1992630121316,24.2927184476639,24.4534685658236,24.4690115721079,24.4534685658236,24.4638308334468,24.5622198668973,24.5622198668973,24.4431052442089,24.4275582848784,24.3912728154683,24.3186630611374,24.417192326936,24.4586498313649,24.4741920473867,24.4482870367845,24.3809031634257,24.3446010620456,24.3809031634257,24.3446010620456,24.4120089523324,24.3186630611374,24.396457245529,24.4068253139224,24.4275582848784,24.593270373703,24.396457245529,24.2771485035319,24.2927184476639,24.2719579925803,24.3860881214467,24.2875287310348,24.4534685658236,24.5052693701856,24.5311599032229,24.5052693701856,24.5570438632356,24.6605140688826,24.6708553211965,24.68119552596,24.7690450146872,24.7122098579989,24.6915346834782,24.6501717687129,24.525982322611,24.6553430497988,24.7173779975772,24.6450002255868,24.7122098579989,24.6501717687129,24.5518675968447,24.5777463018912,24.6708553211965,24.6863652356057,24.7277134921382,24.7225458756109,24.6243114319154,24.6450002255868,24.588095945611,24.6294840235847,24.5829212550199,24.5725710861868,24.6243114319154,24.7122098579989,24.7018727940562,24.6967038696157,24.6501717687129,24.6605140688826,24.7277134921382,24.6294840235847,24.7173779975772,24.7122098579989,24.7277134921382,24.7328808471969,24.6760255545029,24.7018727940562,24.6656848260024,24.68119552596,24.4793722593216,24.4897318933139,24.5725710861868,24.5570438632356,24.5415142757223,24.593270373703,24.6346563530609,24.7483813439431,24.7742102793675,24.6708553211965,24.7277134921382,24.6087920833666,24.6708553211965,24.6967038696157,24.68119552596,24.7638794888426,24.7018727940562,24.7948687272058,24.7173779975772,24.6243114319154,24.6656848260024,24.68119552596,24.6863652356057,24.6139654618445,24.7483813439431,24.8155229994525,24.8877801045559,24.8258485704877,24.6191385780148,24.6708553211965,24.7483813439431,24.6501717687129,24.6087920833666,24.6605140688826,24.68119552596,24.6501717687129,24.6501717687129,24.6346563530609,24.6708553211965,24.6863652356057,24.7587137017957,24.9032571289301,24.7897045068028,24.8206859153626,24.7483813439431,24.7587137017957,24.8877801045559,24.7587137017957,24.8980983810354,24.7845400253874,24.8929393729232,24.7845400253874,24.9960701368761,24.8051963851263,24.8826205758957,24.7897045068028,24.7948687272058,24.7328808471969,24.8258485704877,24.7690450146872,24.9651418204509,24.836173098535,24.86197985757,24.8723007375455,24.7948687272058,24.7432147730614,24.6553430497988,24.8671404277798,24.7173779975772,24.7793752829217,24.7793752829217,24.836173098535,24.8000326866343,24.836173098535,24.8413349715329,24.7742102793675,24.8258485704877,24.8568190268782,24.918731811688,24.954830304227,24.9909160664447,24.9238895190908,25.0475965748176,24.8929393729232,24.9445177487934,24.9496741564303,25.0269891112523,24.9238895190908,25.0166838239645,24.954830304227,24.9393610812787,24.9084156166453,24.9393610812787,25.0424450977087,25.0527477928007,25.0321413659635,25.0321413659635,25.0784999971428,24.918731811688,25.0527477928007,25.0115307913128,24.9960701368761,25.0630494515398,25.0630494515398,25.0424450977087,25.0218365972651,25.0218365972651,24.9960701368761,24.9238895190908,24.9857617364743,25.0115307913128,25.0475965748176,24.9702971889533,24.9702971889533,25.0063774992726,24.9238895190908,25.0218365972651,24.9960701368761,24.954830304227,25.0218365972651,25.0836496611589,24.9445177487934,24.9702971889533,25.0578987516956,25.0424450977087,25.1042457289643,25.2071640245704,25.2174501739369,25.3305297988212,25.4588783623232,25.5101729288625,25.3818884725093,25.4845288451903,25.5050446238429,25.4999160630027,25.5409373888032,25.643419186549,25.5204287715866,25.6485405982759,25.5973150092137,25.4588783623232,25.4280893294658,25.5204287715866,25.4383533655169,25.3818884725093,25.6382975199907
24.0485149561396,24.2044572345467,24.1421090408181,24.3497878691456,24.1109205935815,24.1057215880592,24.3082860095273,24.1836787523513,24.3446010620456,24.2771485035319,24.2460014642685,24.2563848704595,24.0693210964281,24.0797225681742,24.0849229045849,24.1732879183289,24.2719579925803,24.2148448833435,24.2719579925803,24.4949113154483,24.5673956078683,24.598444539334,24.5052693701856,24.5000904743927,24.3653467049792,24.3394139906367,24.3653467049792,24.417192326936,24.4379231880585,24.3238511901693,24.4482870367845,24.4068253139224,24.417192326936,24.3186630611374,24.3705324552306,24.4068253139224,24.3394139906367,24.3809031634257,24.396457245529,24.4120089523324,24.4327408682945,24.4327408682945,24.4016414116675,24.4223754377718,24.3497878691456,24.3549744119754,24.2927184476639,24.3809031634257,24.3705324552306,24.3757179413665,24.4845522079513,24.4949113154483,24.6398284203822,24.6915346834782,24.7380479408253,24.6553430497988,24.6243114319154,24.7277134921382,24.6139654618445,24.7225458756109,24.6863652356057,24.6605140688826,24.8000326866343,24.7845400253874,24.7948687272058,24.7173779975772,24.7742102793675,24.6346563530609,24.6553430497988,24.6605140688826,24.6708553211965,24.588095945611,24.6863652356057,24.6036184425424,24.6605140688826,24.593270373703,24.5725710861868,24.6243114319154,24.6139654618445,24.8000326866343,24.7690450146872,24.6656848260024,24.7173779975772,24.7122098579989,24.6501717687129,24.7432147730614,24.7122098579989,24.7122098579989,24.7122098579989,24.6346563530609,24.7070414568379,24.5725710861868,24.6656848260024,24.7070414568379,24.5673956078683,24.6398284203822,24.6553430497988,24.5673956078683,24.6346563530609,24.5622198668973,24.6243114319154,24.6915346834782,24.6346563530609,24.6760255545029,24.6760255545029,24.6967038696157,24.7535476535085,24.7018727940562,24.5777463018912,24.6036184425424,24.8051963851263,24.6553430497988,24.7793752829217,24.7122098579989,24.7225458756109,24.6760255545029,24.7122098579989,24.6760255545029,24.8051963851263,24.9032571289301,24.8051963851263,24.7742102793675,24.8206859153626,24.6760255545029,24.8000326866343,24.7897045068028,24.8000326866343,24.7328808471969,24.7897045068028,24.4949113154483,24.6553430497988,24.6398284203822,24.6139654618445,24.6863652356057,24.7638794888426,24.7793752829217,24.7432147730614,24.8051963851263,24.9445177487934,24.7432147730614,24.7845400253874,24.8000326866343,24.7690450146872,24.7793752829217,24.8310109648659,24.8155229994525,24.8103598227198,24.8516579356668,24.8516579356668,24.9135738442187,24.8258485704877,24.9342041538485,24.7897045068028,24.8826205758957,24.86197985757,24.8103598227198,24.8413349715329,24.7535476535085,24.8774607869049,24.7690450146872,24.6450002255868,24.7432147730614,24.6760255545029,24.6450002255868,24.8413349715329,24.86197985757,24.7845400253874,24.8310109648659,24.7742102793675,24.8310109648659,24.8155229994525,24.8206859153626,24.836173098535,24.918731811688,24.8774607869049,24.8155229994525,25.0269891112523,24.9032571289301,24.8516579356668,24.9084156166453,24.9032571289301,24.9290469664651,24.918731811688,24.9806071469274,24.8206859153626,24.8206859153626,24.9702971889533,24.9702971889533,24.9290469664651,25.0269891112523,24.9806071469274,25.0269891112523,24.9960701368761,25.0321413659635,25.0733500742259,25.0115307913128,24.9702971889533,25.1093940990381,24.8877801045559,25.0115307913128,25.0269891112523,25.0166838239645,24.9496741564303,25.0372933614365,25.0218365972651,25.0321413659635,24.9909160664447,25.0424450977087,25.0321413659635,24.8826205758957,25.0012239478063,24.8723007375455,25.0063774992726,24.8826205758957,25.0063774992726,24.8826205758957,24.8413349715329,24.9702971889533,25.0424450977087,24.9909160664447,24.9960701368761,25.2174501739369,25.1145422104357,25.3048408239653,25.3818884725093,25.4280893294658,25.4845288451903,25.4845288451903,25.4742694202044,25.4999160630027,25.5460639041067,25.6075621671384,25.5511901638832,25.602438715738,25.5511901638832,25.5153009780981,25.5409373888032,25.5409373888032,25.5050446238429,25.4999160630027
24.3030970868713,24.266767216777,24.2460014642685,24.3446010620456,24.235616997893,24.2511932998677,24.2979078995965,24.4690115721079,24.3082860095273,24.266767216777,24.1992630121316,24.2096511916044,24.1992630121316,24.1888737710728,24.19406852432,24.2719579925803,24.2460014642685,24.396457245529,24.4534685658236,24.4741920473867,24.4534685658236,24.4949113154483,24.4949113154483,24.5363372209139,24.4793722593216,24.3342266548802,24.2563848704595,24.3705324552306,24.3809031634257,24.4327408682945,24.3601606905737,24.3912728154683,24.396457245529,24.4949113154483,24.3705324552306,24.4534685658236,24.3342266548802,24.3290390547373,24.3860881214467,24.3446010620456,24.4120089523324,24.5777463018912,24.3549744119754,24.3809031634257,24.3601606905737,24.2927184476639,24.3497878691456,24.3757179413665,24.4793722593216,24.6294840235847,24.5673956078683,24.5311599032229,24.7328808471969,24.6501717687129,24.6553430497988,24.6398284203822,24.7277134921382,24.7225458756109,24.7173779975772,24.7122098579989,24.68119552596,24.7173779975772,24.7018727940562,24.7793752829217,24.6656848260024,24.6708553211965,24.7742102793675,24.6656848260024,24.6501717687129,24.6501717687129,24.6450002255868,24.7380479408253,24.593270373703,24.6191385780148,24.68119552596,24.6863652356057,24.6191385780148,24.6708553211965,24.5363372209139,24.7173779975772,24.7070414568379,24.6915346834782,24.6501717687129,24.7277134921382,24.7638794888426,24.7277134921382,24.7277134921382,24.7173779975772,24.7070414568379,24.7638794888426,24.6915346834782,24.7897045068028,24.593270373703,24.6553430497988,24.6967038696157,24.7018727940562,24.6605140688826,24.6346563530609,24.5673956078683,24.5466910676864,24.6450002255868,24.7845400253874,24.68119552596,24.6501717687129,24.6967038696157,24.6501717687129,24.593270373703,24.6139654618445,24.6915346834782,24.7380479408253,24.7535476535085,24.7328808471969,24.8155229994525,24.7173779975772,24.6760255545029,24.6605140688826,24.7897045068028,24.6863652356057,24.7948687272058,24.8516579356668,24.9342041538485,24.8464965838976,24.8774607869049,24.6863652356057,24.7845400253874,24.7948687272058,24.7742102793675,24.7380479408253,24.7793752829217,24.6243114319154,24.6450002255868,24.6036184425424,24.6243114319154,24.6243114319154,24.7070414568379,24.6087920833666,24.7587137017957,24.9393610812787,24.7845400253874,24.7690450146872,24.8103598227198,24.8826205758957,24.7277134921382,24.7793752829217,24.7897045068028,24.7535476535085,24.8155229994525,24.8464965838976,24.9032571289301,24.8464965838976,24.8258485704877,24.7070414568379,24.8051963851263,24.8310109648659,24.7587137017957,24.9238895190908,24.7690450146872,24.8671404277798,24.7690450146872,24.7742102793675,24.8000326866343,24.7173779975772,24.8155229994525,24.8051963851263,24.7845400253874,24.7897045068028,24.8103598227198,24.7793752829217,24.8051963851263,24.8980983810354,24.9290469664651,24.8258485704877,24.9393610812787,24.9342041538485,24.9135738442187,24.9238895190908,24.8929393729232,24.9135738442187,25.0527477928007,24.9238895190908,24.9393610812787,25.0012239478063,25.0321413659635,24.8877801045559,24.918731811688,24.9342041538485,24.9857617364743,24.9857617364743,24.9857617364743,24.954830304227,25.0115307913128,25.1557177937613,25.0372933614365,25.0784999971428,24.9754522977662,25.0578987516956,24.9496741564303,25.0475965748176,24.8980983810354,25.0321413659635,24.9496741564303,24.954830304227,24.9651418204509,25.0063774992726,25.0681998923707,25.0115307913128,25.0063774992726,25.0166838239645,25.1299849929454,25.0836496611589,25.1351320700124,24.9496741564303,24.9290469664651,24.9909160664447,25.0527477928007,24.9909160664447,25.0115307913128,25.0063774992726,25.0063774992726,25.0012239478063,25.0321413659635,25.1093940990381,25.3767537609245,25.2842850136107,25.3510763511273,25.4896581737131,25.4742694202044,25.5768176311468,25.5819423585322,25.5409373888032,25.5511901638832,25.4999160630027,25.6536617552083,25.7509153744483,25.7713781252015,25.5768176311468,25.5460639041067,25.4332214756594,25.5255563093646,25.5050446238429
24.1421090408181,24.2148448833435,24.2408093636233,24.2304243670388,24.1732879183289,24.313474667603,24.2511932998677,24.2979078995965,24.3082860095273,24.2875287310348,24.2096511916044,24.1732879183289,24.1888737710728,24.2771485035319,24.1836787523513,24.2719579925803,24.2771485035319,24.1992630121316,24.4482870367845,24.4223754377718,24.5311599032229,24.598444539334,24.5156263724707,24.4793722593216,24.5000904743927,24.3705324552306,24.3757179413665,24.3809031634257,24.4741920473867,24.4482870367845,24.5363372209139,24.4534685658236,24.4793722593216,24.3497878691456,24.417192326936,24.3549744119754,24.3497878691456,24.3653467049792,24.396457245529,24.417192326936,24.3809031634257,24.4482870367845,24.3653467049792,24.3912728154683,24.3342266548802,24.313474667603,24.3497878691456,24.4534685658236,24.5208044790397,24.6191385780148,24.7018727940562,24.5104480028654,24.7173779975772,24.6243114319154,24.5829212550199,24.7070414568379,24.7328808471969,24.6087920833666,24.7122098579989,24.7173779975772,24.6915346834782,24.6760255545029,24.6967038696157,24.8000326866343,24.7483813439431,24.6708553211965,24.6553430497988,24.6553430497988,24.6708553211965,24.6398284203822,24.4638308334468,24.6967038696157,24.6243114319154,24.6139654618445,24.6967038696157,24.6656848260024,24.5673956078683,24.5673956078683,24.6501717687129,24.588095945611,24.6139654618445,24.5829212550199,24.6450002255868,24.7483813439431,24.6863652356057,24.6553430497988,24.6656848260024,24.593270373703,24.6243114319154,24.7018727940562,24.6605140688826,24.7070414568379,24.7225458756109,24.6450002255868,24.7122098579989,24.598444539334,24.6967038696157,24.6036184425424,24.5777463018912,24.588095945611,24.6967038696157,24.7070414568379,24.6553430497988,24.6605140688826,24.6501717687129,24.588095945611,24.5829212550199,24.6967038696157,24.6398284203822,24.7380479408253,24.7638794888426,24.7277134921382,24.7535476535085,24.8155229994525,24.7897045068028,24.7277134921382,24.598444539334,24.5777463018912,24.7173779975772,24.8051963851263,24.9290469664651,24.7277134921382,24.7690450146872,24.7793752829217,24.7535476535085,24.6294840235847,24.6863652356057,24.6708553211965,24.6656848260024,24.5052693701856,24.5208044790397,24.5777463018912,24.6243114319154,24.6294840235847,24.7225458756109,24.7948687272058,24.7380479408253,24.8980983810354,24.8258485704877,24.7793752829217,24.86197985757,24.8310109648659,24.7742102793675,24.7897045068028,24.7897045068028,24.8000326866343,24.7380479408253,24.8826205758957,24.86197985757,24.86197985757,24.836173098535,24.8206859153626,24.9135738442187,24.8464965838976,24.8877801045559,24.8723007375455,24.6915346834782,24.7742102793675,24.7690450146872,24.7587137017957,24.7587137017957,24.7070414568379,24.7638794888426,24.6398284203822,24.8155229994525,24.5673956078683,24.7793752829217,24.7432147730614,24.8155229994525,24.7432147730614,24.8464965838976,24.836173098535,24.9342041538485,24.8568190268782,24.918731811688,24.9393610812787,24.9135738442187,24.8929393729232,24.7432147730614,25.0321413659635,24.9651418204509,24.8877801045559,24.9702971889533,24.9342041538485,24.9445177487934,24.9651418204509,24.9857617364743,24.954830304227,24.9342041538485,25.1093940990381,24.9960701368761,25.0836496611589,25.0115307913128,25.0784999971428,25.0063774992726,24.8877801045559,24.8877801045559,24.7535476535085,24.9342041538485,24.9754522977662,24.9393610812787,25.0630494515398,24.9599861922213,24.9960701368761,24.9857617364743,25.0836496611589,25.0012239478063,25.0578987516956,24.9960701368761,24.8774607869049,25.0218365972651,24.9754522977662,24.9960701368761,24.918731811688,24.918731811688,24.9909160664447,24.9909160664447,24.9084156166453,24.9599861922213,24.9599861922213,25.0269891112523,24.9806071469274,25.2277352917338,25.2328774638867,25.3510763511273,25.3562123467933,25.5511901638832,25.6126853634517,25.5921910475291,25.4742694202044,25.4845288451903,25.5819423585322,25.4845288451903,25.4691393236678,25.5153009780981,25.4793992606996,25.5358106179362,25.5306835914689,25.5153009780981,25.4229569268991
24.0537168909092,24.2148448833435,24.1888737710728,24.2304243670388,24.1057215880592,24.1732879183289,24.1836787523513,24.1836787523513,24.2927184476639,24.2719579925803,24.1784834681163,24.2563848704595,24.2252314710217,24.2719579925803,24.3186630611374,24.3394139906367,24.3497878691456,24.4845522079513,24.4016414116675,24.5311599032229,24.5156263724707,24.5104480028654,24.4897318933139,24.5208044790397,24.3342266548802,24.3705324552306,24.2979078995965,24.3809031634257,24.5673956078683,24.4327408682945,24.4482870367845,24.5000904743927,24.3705324552306,24.4638308334468,24.5415142757223,24.2979078995965,24.4068253139224,24.2875287310348,24.3290390547373,24.3030970868713,24.3238511901693,24.3497878691456,24.3653467049792,24.3601606905737,24.2563848704595,24.4586498313649,24.313474667603,24.4379231880585,24.4120089523324,24.5208044790397,24.4638308334468,24.6087920833666,24.5622198668973,24.598444539334,24.7225458756109,24.5673956078683,24.5622198668973,24.6450002255868,24.5725710861868,24.6087920833666,24.6346563530609,24.7122098579989,24.6708553211965,24.6863652356057,24.7897045068028,24.8155229994525,24.7018727940562,24.6553430497988,24.5466910676864,24.4638308334468,24.6294840235847,24.6139654618445,24.598444539334,24.68119552596,24.5518675968447,24.6398284203822,24.5673956078683,24.6294840235847,24.5622198668973,24.6450002255868,24.6139654618445,24.5725710861868,24.6139654618445,24.8774607869049,24.6398284203822,24.7018727940562,24.8051963851263,24.7070414568379,24.7122098579989,24.6605140688826,24.6087920833666,24.588095945611,24.5829212550199,24.593270373703,24.5622198668973,24.7173779975772,24.6294840235847,24.6346563530609,24.6139654618445,24.6139654618445,24.6708553211965,24.6760255545029,24.6191385780148,24.6605140688826,24.7122098579989,24.6501717687129,24.7277134921382,24.5829212550199,24.593270373703,24.7483813439431,24.6346563530609,24.7432147730614,24.7897045068028,24.6036184425424,24.588095945611,24.6915346834782,24.6967038696157,24.598444539334,24.6967038696157,24.6087920833666,24.7845400253874,24.7948687272058,24.6346563530609,24.7638794888426,24.7328808471969,24.7535476535085,24.6036184425424,24.6915346834782,24.3860881214467,24.5208044790397,24.4897318933139,24.5363372209139,24.5156263724707,24.7225458756109,24.7742102793675,24.8258485704877,24.8568190268782,24.836173098535,24.8155229994525,24.8310109648659,24.7845400253874,24.7173779975772,24.7483813439431,24.836173098535,24.8103598227198,24.8258485704877,24.8310109648659,24.8464965838976,24.8413349715329,24.8051963851263,24.836173098535,24.8723007375455,24.7690450146872,24.86197985757,24.8671404277798,24.8103598227198,24.8723007375455,24.8671404277798,24.7587137017957,24.7277134921382,24.7122098579989,24.7587137017957,24.6760255545029,24.7122098579989,24.7845400253874,24.6501717687129,24.7897045068028,24.7587137017957,24.7845400253874,24.7328808471969,24.8258485704877,24.8155229994525,24.8155229994525,24.9032571289301,24.8516579356668,24.918731811688,24.8568190268782,24.918731811688,24.918731811688,24.9084156166453,25.0372933614365,24.9754522977662,24.8877801045559,24.9909160664447,24.8413349715329,24.8413349715329,24.9806071469274,24.9651418204509,24.9599861922213,24.9393610812787,24.9599861922213,24.9342041538485,24.9806071469274,24.9754522977662,25.0115307913128,24.8929393729232,24.8774607869049,24.8723007375455,24.9496741564303,24.9238895190908,24.8877801045559,24.9393610812787,24.9651418204509,25.0836496611589,25.1093940990381,25.0269891112523,24.9342041538485,24.8516579356668,24.8980983810354,24.9135738442187,24.8723007375455,24.918731811688,24.9445177487934,24.9857617364743,24.9857617364743,24.9135738442187,25.0115307913128,24.8980983810354,25.0990971001769,25.0063774992726,25.1351320700124,24.9909160664447,25.0836496611589,25.3151171854302,25.2380193782588,25.4486163763711,25.5255563093646,25.5819423585322,25.4999160630027,25.5563161681696,25.5614419170025,25.6178083047144,25.7560314431445,25.5153009780981,25.5153009780981,25.5819423585322,25.5511901638832,25.5101729288625,25.4178242679226,25.5819423585322
23.9704539289542,24.1992630121316,24.1888737710728,24.3082860095273,24.1732879183289,24.1784834681163,24.2408093636233,24.2823387496704,24.4534685658236,24.2252314710217,24.0485149561396,24.1576996752618,24.19406852432,24.1992630121316,24.2875287310348,24.2408093636233,24.4534685658236,24.4431052442089,24.1213178064842,24.3705324552306,24.4275582848784,24.5363372209139,24.4793722593216,24.3290390547373,24.396457245529,24.1421090408181,24.2927184476639,24.2875287310348,24.4120089523324,24.5000904743927,24.4690115721079,24.4275582848784,24.3549744119754,24.3497878691456,24.3757179413665,24.4016414116675,24.2875287310348,24.3030970868713,24.2460014642685,24.3030970868713,24.3030970868713,24.3290390547373,24.4586498313649,24.396457245529,24.4897318933139,24.3030970868713,24.2875287310348,24.3549744119754,24.4275582848784,24.4327408682945,24.4068253139224,24.3290390547373,24.4741920473867,24.5052693701856,24.6036184425424,24.588095945611,24.4431052442089,24.6708553211965,24.6760255545029,24.6191385780148,24.6863652356057,24.6450002255868,24.6450002255868,24.7173779975772,24.6967038696157,24.7690450146872,24.6656848260024,24.6915346834782,24.6398284203822,24.4741920473867,24.6398284203822,24.6087920833666,24.6656848260024,24.598444539334,24.5570438632356,24.6863652356057,24.5777463018912,24.5673956078683,24.6398284203822,24.7535476535085,24.6139654618445,24.7948687272058,24.6708553211965,24.6605140688826,24.6346563530609,24.68119552596,24.8310109648659,24.7277134921382,24.68119552596,24.7380479408253,24.6708553211965,24.6450002255868,24.68119552596,24.5777463018912,24.5415142757223,24.7070414568379,24.6863652356057,24.6967038696157,24.6863652356057,24.593270373703,24.593270373703,24.6656848260024,24.6605140688826,24.6087920833666,24.6656848260024,24.68119552596,24.6036184425424,24.6760255545029,24.68119552596,24.5725710861868,24.7690450146872,24.7173779975772,24.7225458756109,24.6656848260024,24.6294840235847,24.6294840235847,24.7070414568379,24.6656848260024,24.7018727940562,24.6915346834782,24.6553430497988,24.6036184425424,24.8051963851263,24.6553430497988,24.6191385780148,24.5673956078683,24.5311599032229,24.6087920833666,24.5208044790397,24.5156263724707,24.5622198668973,24.6139654618445,24.6243114319154,24.6294840235847,24.7277134921382,24.8568190268782,24.8980983810354,24.8464965838976,24.8000326866343,24.8258485704877,24.8516579356668,24.7070414568379,24.8155229994525,24.7328808471969,24.7793752829217,24.9445177487934,24.8929393729232,24.86197985757,24.8051963851263,24.8723007375455,24.8516579356668,24.8206859153626,24.8826205758957,24.9806071469274,24.8155229994525,24.8464965838976,24.7742102793675,24.8723007375455,24.8516579356668,24.836173098535,24.7845400253874,24.7587137017957,24.7638794888426,24.8000326866343,24.8464965838976,24.7535476535085,24.8051963851263,24.7638794888426,24.7742102793675,24.8258485704877,24.7070414568379,24.8103598227198,24.836173098535,24.8929393729232,24.8929393729232,24.9496741564303,24.9342041538485,24.9135738442187,24.8877801045559,24.8051963851263,24.8877801045559,24.9651418204509,25.0269891112523,24.9445177487934,24.9599861922213,24.9599861922213,25.0630494515398,24.9651418204509,24.9496741564303,24.9909160664447,24.9909160664447,24.9702971889533,24.8877801045559,25.0012239478063,25.0012239478063,24.9857617364743,25.0218365972651,24.8774607869049,24.8877801045559,24.8877801045559,25.0372933614365,24.9496741564303,24.9084156166453,24.9702971889533,24.954830304227,25.1093940990381,24.9909160664447,25.0115307913128,25.0115307913128,25.0166838239645,24.9393610812787,24.8980983810354,24.8723007375455,24.9806071469274,24.9909160664447,24.9960701368761,25.0166838239645,24.9445177487934,25.0321413659635,24.9496741564303,24.9651418204509,25.2123072282184,25.14027888859,25.2071640245704,25.5153009780981,25.4178242679226,25.3870229273887,25.5306835914689,25.4845288451903,25.5204287715866,25.4691393236678,25.5153009780981,25.5819423585322,25.5819423585322,25.4537474974415,25.6075621671384,25.4332214756594,25.5870668306474,25.4537474974415,25.5511901638832
24.1732879183289,24.19406852432,24.2927184476639,24.2044572345467,24.1784834681163,24.2304243670388,24.1732879183289,24.1732879183289,24.2979078995965,24.1836787523513,24.1005223164376,24.1161193330435,24.1784834681163,24.3653467049792,24.3394139906367,24.3757179413665,24.3549744119754,24.3342266548802,24.3030970868713,24.396457245529,24.4793722593216,24.417192326936,24.4120089523324,24.3394139906367,24.220038309803,24.1784834681163,24.3757179413665,24.3809031634257,24.5052693701856,24.396457245529,24.4379231880585,24.4638308334468,24.3238511901693,24.3342266548802,24.3186630611374,24.3601606905737,24.3549744119754,24.3082860095273,24.4068253139224,24.2979078995965,24.4068253139224,24.4534685658236,24.5673956078683,24.4638308334468,24.4431052442089,24.4793722593216,24.3497878691456,24.5208044790397,24.4534685658236,24.4327408682945,24.4482870367845,24.4482870367845,24.4897318933139,24.5311599032229,24.4638308334468,24.6243114319154,24.6553430497988,24.6087920833666,24.593270373703,24.6450002255868,24.6605140688826,24.593270373703,24.6501717687129,24.5829212550199,24.68119552596,24.6915346834782,24.7638794888426,24.7277134921382,24.6656848260024,24.5673956078683,24.6553430497988,24.7432147730614,24.588095945611,24.5363372209139,24.5466910676864,24.6087920833666,24.5570438632356,24.6553430497988,24.7483813439431,24.6553430497988,24.7948687272058,24.6967038696157,24.7742102793675,24.8051963851263,24.6450002255868,24.6501717687129,24.6708553211965,24.68119552596,24.7793752829217,24.7432147730614,24.6191385780148,24.6191385780148,24.5725710861868,24.4845522079513,24.5829212550199,24.6346563530609,24.5777463018912,24.6087920833666,24.7173779975772,24.7018727940562,24.6139654618445,24.7277134921382,24.598444539334,24.68119552596,24.6450002255868,24.7070414568379,24.6605140688826,24.7173779975772,24.68119552596,24.6915346834782,24.7018727940562,24.6915346834782,24.6553430497988,24.68119552596,24.6863652356057,24.6605140688826,24.6087920833666,24.6760255545029,24.6915346834782,24.7948687272058,24.6501717687129,24.7070414568379,24.7793752829217,24.6243114319154,24.6863652356057,24.6398284203822,24.7225458756109,24.5311599032229,24.525982322611,24.5156263724707,24.4586498313649,24.6398284203822,24.6191385780148,24.8000326866343,24.7432147730614,24.86197985757,24.9496741564303,24.9754522977662,24.8671404277798,24.8413349715329,24.8568190268782,24.8774607869049,24.8310109648659,24.8103598227198,24.8774607869049,24.86197985757,24.8000326866343,24.7380479408253,24.8568190268782,24.8671404277798,25.0218365972651,24.9342041538485,24.9135738442187,24.8206859153626,24.8671404277798,24.8568190268782,24.8155229994525,24.8568190268782,24.7845400253874,24.8103598227198,24.8413349715329,24.86197985757,24.8774607869049,24.7173779975772,24.7432147730614,24.8000326866343,24.7380479408253,24.8258485704877,24.7535476535085,24.7483813439431,24.7587137017957,24.8723007375455,24.7380479408253,24.7225458756109,24.8464965838976,24.86197985757,24.9909160664447,24.9496741564303,24.9238895190908,24.8723007375455,24.9135738442187,24.954830304227,25.0269891112523,25.0218365972651,24.8671404277798,24.9496741564303,25.0475965748176,24.9393610812787,25.0063774992726,25.0269891112523,24.9084156166453,24.954830304227,24.9445177487934,25.0115307913128,24.8774607869049,25.0115307913128,24.8774607869049,24.9084156166453,25.0527477928007,24.9032571289301,24.9599861922213,24.9032571289301,25.0166838239645,24.9238895190908,24.9135738442187,25.0166838239645,25.0784999971428,25.0218365972651,25.0115307913128,24.9857617364743,24.9290469664651,24.9909160664447,24.9857617364743,24.8980983810354,24.9909160664447,24.8413349715329,24.9857617364743,25.0012239478063,25.0012239478063,24.8568190268782,25.1351320700124,25.2020205629554,25.1814441360816,25.2534435750629,25.2123072282184,25.5306835914689,25.4793992606996,25.5358106179362,25.6178083047144,25.622930990963,25.5153009780981,25.464008971053,25.4588783623232,25.4691393236678,25.5716926484544,25.4537474974415,25.4793992606996,25.622930990963,25.5255563093646,25.4332214756594
23.9496275099604,24.1888737710728,24.0745219654683,24.0797225681742,24.1836787523513,24.1732879183289,24.1628960219406,24.0693210964281,24.3030970868713,24.0537168909092,23.9860709383021,24.1525030628745,24.2252314710217,24.1369116310709,24.2252314710217,24.3186630611374,24.2044572345467,24.3082860095273,24.2927184476639,24.3446010620456,24.3446010620456,24.3757179413665,24.2252314710217,24.3757179413665,24.2096511916044,24.1888737710728,24.266767216777,24.1888737710728,24.2927184476639,24.4586498313649,24.4016414116675,24.3342266548802,24.3030970868713,24.3757179413665,24.3757179413665,24.2719579925803,24.3549744119754,24.2927184476639,24.3446010620456,24.4431052442089,24.3653467049792,24.4120089523324,24.3653467049792,24.4482870367845,24.4223754377718,24.4793722593216,24.4068253139224,24.4534685658236,24.3912728154683,24.4690115721079,24.4327408682945,24.6036184425424,24.3342266548802,24.3653467049792,24.4586498313649,24.4793722593216,24.4949113154483,24.6191385780148,24.6760255545029,24.5829212550199,24.6501717687129,24.6760255545029,24.588095945611,24.7277134921382,24.6708553211965,24.588095945611,24.7380479408253,24.68119552596,24.5208044790397,24.5466910676864,24.5466910676864,24.5415142757223,24.5104480028654,24.417192326936,24.525982322611,24.5363372209139,24.5570438632356,24.5156263724707,24.5415142757223,24.6346563530609,24.6605140688826,24.6346563530609,24.6398284203822,24.6346563530609,24.6294840235847,24.6243114319154,24.6191385780148,24.6294840235847,24.7173779975772,24.6346563530609,24.588095945611,24.4690115721079,24.4586498313649,24.4845522079513,24.6656848260024,24.598444539334,24.6863652356057,24.7328808471969,24.6139654618445,24.8155229994525,24.6191385780148,24.6087920833666,24.6036184425424,24.5208044790397,24.6139654618445,24.598444539334,24.6398284203822,24.68119552596,24.6967038696157,24.6553430497988,24.6243114319154,24.7018727940562,24.598444539334,24.6243114319154,24.6036184425424,24.6605140688826,24.6967038696157,24.6450002255868,24.7742102793675,24.7173779975772,24.6501717687129,24.6967038696157,24.6243114319154,24.6915346834782,24.68119552596,24.6501717687129,24.5622198668973,24.6346563530609,24.3497878691456,24.5363372209139,24.525982322611,24.68119552596,24.6967038696157,24.6243114319154,24.7483813439431,24.8723007375455,24.7483813439431,24.9496741564303,24.9445177487934,24.7948687272058,24.6863652356057,24.8258485704877,24.6863652356057,24.7122098579989,24.6760255545029,24.7638794888426,24.8877801045559,24.7845400253874,24.8000326866343,24.8929393729232,24.7690450146872,24.9238895190908,24.8103598227198,24.6760255545029,24.8310109648659,24.7328808471969,24.836173098535,24.6967038696157,24.7277134921382,24.8413349715329,24.7690450146872,24.7948687272058,24.8000326866343,24.7793752829217,24.7587137017957,24.8413349715329,24.6191385780148,24.6863652356057,24.8103598227198,24.8155229994525,24.7328808471969,24.7277134921382,24.8464965838976,24.7897045068028,24.8774607869049,24.8051963851263,24.8464965838976,24.9032571289301,24.8877801045559,25.0115307913128,24.9084156166453,24.9032571289301,24.9290469664651,24.8929393729232,24.9032571289301,24.9032571289301,25.1557177937613,24.9496741564303,24.9651418204509,24.9702971889533,24.8051963851263,24.8877801045559,24.9496741564303,25.0218365972651,24.8671404277798,24.8826205758957,24.8774607869049,24.8464965838976,24.8258485704877,24.7793752829217,24.8929393729232,24.9393610812787,24.8516579356668,24.8929393729232,24.8464965838976,24.8310109648659,24.8155229994525,25.0372933614365,24.8568190268782,24.8826205758957,24.9135738442187,24.8155229994525,24.8980983810354,25.0681998923707,24.9754522977662,25.0578987516956,24.9651418204509,24.9754522977662,24.9857617364743,25.1351320700124,25.1042457289643,25.1660091054476,25.1093940990381,25.2020205629554,25.3356668224182,25.3408035889768,25.4126913524992,25.4742694202044,25.4486163763711,25.5204287715866,25.5101729288625,25.4999160630027,25.494787246305,25.5563161681696,25.5563161681696,25.5153009780981,25.3972910671794,25.5204287715866,25.3818884725093,25.5204287715866
24.1109205935815,24.0120939477021,23.9131709850186,23.9027524276446,24.0485149561396,24.0745219654683,24.0589185591878,24.1525030628745,24.0485149561396,24.0485149561396,24.1213178064842,24.1265160139431,24.1836787523513,24.1784834681163,24.2096511916044,24.4016414116675,24.3342266548802,24.2096511916044,24.3290390547373,24.3497878691456,24.3238511901693,24.3082860095273,24.16809210295,24.2719579925803,24.2771485035319,24.1992630121316,24.2096511916044,24.4431052442089,24.3809031634257,24.1836787523513,24.3030970868713,24.1992630121316,24.3601606905737,24.3082860095273,24.2563848704595,24.3290390547373,24.4068253139224,24.3497878691456,24.3342266548802,24.3912728154683,24.3549744119754,24.3549744119754,24.3912728154683,24.3601606905737,24.3912728154683,24.1992630121316,24.3290390547373,24.4379231880585,24.3030970868713,24.3082860095273,24.5000904743927,24.3186630611374,24.2408093636233,24.4482870367845,24.5363372209139,24.5777463018912,24.5622198668973,24.4845522079513,24.5415142757223,24.6553430497988,24.6243114319154,24.588095945611,24.6450002255868,24.5829212550199,24.6605140688826,24.7432147730614,24.5777463018912,24.6294840235847,24.7742102793675,24.5311599032229,24.5311599032229,24.5363372209139,24.5363372209139,24.5311599032229,24.525982322611,24.5311599032229,24.4068253139224,24.5104480028654,24.5156263724707,24.6450002255868,24.5104480028654,24.7018727940562,24.7483813439431,24.6398284203822,24.6346563530609,24.6191385780148,24.6294840235847,24.5777463018912,24.6450002255868,24.5673956078683,24.6450002255868,24.6243114319154,24.4534685658236,24.4897318933139,24.5363372209139,24.5570438632356,24.5673956078683,24.6087920833666,24.6243114319154,24.6398284203822,24.6398284203822,24.5052693701856,24.4897318933139,24.6036184425424,24.68119552596,24.6346563530609,24.5052693701856,24.4482870367845,24.4949113154483,24.5156263724707,24.5363372209139,24.6501717687129,24.6191385780148,24.6036184425424,24.593270373703,24.6501717687129,24.5415142757223,24.6139654618445,24.6605140688826,24.6346563530609,24.7277134921382,24.5311599032229,24.5000904743927,24.4845522079513,24.6398284203822,24.5829212550199,24.4223754377718,24.417192326936,24.5311599032229,24.4793722593216,24.5311599032229,24.6139654618445,24.7328808471969,24.68119552596,24.7277134921382,24.7483813439431,24.7122098579989,24.8516579356668,24.7277134921382,24.7432147730614,24.7173779975772,24.68119552596,24.7793752829217,24.7018727940562,24.7173779975772,24.7380479408253,24.7742102793675,24.8103598227198,24.8051963851263,24.593270373703,24.8413349715329,24.6760255545029,24.7225458756109,24.6708553211965,24.7793752829217,24.7535476535085,24.7122098579989,24.7483813439431,24.7483813439431,24.6294840235847,24.5363372209139,24.7018727940562,24.7070414568379,24.7897045068028,24.6915346834782,24.6346563530609,24.6708553211965,24.6139654618445,24.68119552596,24.7018727940562,24.7277134921382,24.7225458756109,24.6967038696157,24.7277134921382,24.7587137017957,24.6760255545029,24.8206859153626,24.9084156166453,24.918731811688,24.7793752829217,24.7793752829217,24.7638794888426,24.9032571289301,24.9135738442187,24.7535476535085,24.8206859153626,25.0063774992726,24.8723007375455,24.8980983810354,24.7587137017957,24.8980983810354,24.8723007375455,24.8723007375455,24.7277134921382,24.8103598227198,24.8413349715329,24.8516579356668,24.8206859153626,24.8929393729232,24.7948687272058,24.8413349715329,24.7690450146872,24.8464965838976,24.7793752829217,24.8413349715329,24.8464965838976,24.8310109648659,24.8413349715329,24.8464965838976,24.8464965838976,24.918731811688,24.8103598227198,24.8980983810354,24.8877801045559,24.6967038696157,24.8723007375455,24.8155229994525,24.8103598227198,24.954830304227,24.9496741564303,24.9806071469274,25.1145422104357,25.1299849929454,25.2174501739369,25.2431610348875,25.3099791333095,25.4229569268991,25.3510763511273,25.4229569268991,25.3459400985342,25.258584458684,25.4075581805922,25.5153009780981,25.3408035889768,25.464008971053,25.4434849990752,25.4178242679226,25.4280893294658,25.5101729288625,25.2945634334578
